0.03125 3.0517578125E-05 0.478964401294498
0.03125 0.0001220703125 0.478964401294498
0.03125 0.00048828125 0.478964401294498
0.03125 0.001953125 0.478964401294498
0.03125 0.0078125 0.478964401294498
0.03125 0.03125 0.478964401294498
0.03125 0.125 0.478964401294498
0.03125 0.5 0.478964401294498
0.03125 2 0.478964401294498
0.03125 8 0.478964401294498
0.125 3.0517578125E-05 0.478964401294498
0.125 0.0001220703125 0.478964401294498
0.125 0.00048828125 0.478964401294498
0.125 0.001953125 0.478964401294498
0.125 0.0078125 0.478964401294498
0.125 0.03125 0.478964401294498
0.125 0.125 0.478964401294498
0.125 0.5 0.478964401294498
0.125 2 0.478964401294498
0.125 8 0.478964401294498
0.5 3.0517578125E-05 0.478964401294498
0.5 0.0001220703125 0.478964401294498
0.5 0.00048828125 0.478964401294498
0.5 0.001953125 0.478964401294498
0.5 0.0078125 0.478964401294498
0.5 0.03125 0.478964401294498
0.5 0.125 0.478964401294498
0.5 0.5 0.478964401294498
0.5 2 0.469255663430421
0.5 8 0.456310679611651
2 3.0517578125E-05 0.478964401294498
2 0.0001220703125 0.478964401294498
2 0.00048828125 0.478964401294498
2 0.001953125 0.478964401294498
2 0.0078125 0.478964401294498
2 0.03125 0.478964401294498
2 0.125 0.478964401294498
2 0.5 0.478964401294498
2 2 0.546925566343042
2 8 0.56957928802589
8 3.0517578125E-05 0.478964401294498
8 0.0001220703125 0.478964401294498
8 0.00048828125 0.478964401294498
8 0.001953125 0.478964401294498
8 0.0078125 0.478964401294498
8 0.03125 0.472491909385113
8 0.125 0.485436893203884
8 0.5 0.524271844660194
8 2 0.618122977346278
8 8 0.647249190938511
32 3.0517578125E-05 0.478964401294498
32 0.0001220703125 0.478964401294498
32 0.00048828125 0.478964401294498
32 0.001953125 0.478964401294498
32 0.0078125 0.472491909385113
32 0.03125 0.514563106796117
32 0.125 0.540453074433657
32 0.5 0.653721682847896
32 2 0.686084142394822
32 8 0.747572815533981
128 3.0517578125E-05 0.478964401294498
128 0.0001220703125 0.478964401294498
128 0.00048828125 0.478964401294498
128 0.001953125 0.466019417475728
128 0.0078125 0.491909385113269
128 0.03125 0.537216828478964
128 0.125 0.686084142394822
128 0.5 0.754045307443366
128 2 0.760517799352751
128 8 0.773462783171521
512 3.0517578125E-05 0.478964401294498
512 0.0001220703125 0.478964401294498
512 0.00048828125 0.469255663430421
512 0.001953125 0.504854368932039
512 0.0078125 0.54368932038835
512 0.03125 0.692556634304207
512 0.125 0.744336569579288
512 0.5 0.773462783171521
512 2 0.809061488673139
512 8 0.773462783171521
2048 3.0517578125E-05 0.478964401294498
2048 0.0001220703125 0.478964401294498
2048 0.00048828125 0.495145631067961
2048 0.001953125 0.540453074433657
2048 0.0078125 0.676375404530744
2048 0.03125 0.750809061488673
2048 0.125 0.802588996763754
2048 0.5 0.815533980582524
2048 2 0.809061488673139
2048 8 0.779935275080906
8192 3.0517578125E-05 0.469255663430421
8192 0.0001220703125 0.495145631067961
8192 0.00048828125 0.553398058252427
8192 0.001953125 0.673139158576052
8192 0.0078125 0.763754045307443
8192 0.03125 0.825242718446602
8192 0.125 0.812297734627832
8192 0.5 0.822006472491909
8192 2 0.805825242718447
8192 8 0.757281553398058
32768 3.0517578125E-05 0.482200647249191
32768 0.0001220703125 0.550161812297735
32768 0.00048828125 0.673139158576052
32768 0.001953125 0.770226537216828
32768 0.0078125 0.825242718446602
32768 0.03125 0.828478964401295
32768 0.125 0.812297734627832
32768 0.5 0.799352750809062
32768 2 0.789644012944984
32768 8 0.776699029126214
13777.2468675169 0.0131390064883393 0.822006472491909
13777.2468675169 0.015625 0.815533980582524
13777.2468675169 0.0185813611719175 0.825242718446602
13777.2468675169 0.0220970869120796 0.828478964401295
13777.2468675169 0.0262780129766786 0.822006472491909
13777.2468675169 0.03125 0.818770226537217
13777.2468675169 0.037162722343835 0.822006472491909
13777.2468675169 0.0441941738241592 0.828478964401295
13777.2468675169 0.0525560259533572 0.822006472491909
13777.2468675169 0.0625 0.815533980582524
13777.2468675169 0.0743254446876701 0.812297734627832
16384 0.0131390064883393 0.809061488673139
16384 0.015625 0.822006472491909
16384 0.0185813611719175 0.825242718446602
16384 0.0220970869120796 0.812297734627832
16384 0.0262780129766786 0.825242718446602
16384 0.03125 0.825242718446602
16384 0.037162722343835 0.828478964401295
16384 0.0441941738241592 0.812297734627832
16384 0.0525560259533572 0.815533980582524
16384 0.0625 0.815533980582524
16384 0.0743254446876701 0.815533980582524
19483.9693722046 0.0131390064883393 0.825242718446602
19483.9693722046 0.015625 0.822006472491909
19483.9693722046 0.0185813611719175 0.828478964401295
19483.9693722046 0.0220970869120796 0.822006472491909
19483.9693722046 0.0262780129766786 0.83495145631068
19483.9693722046 0.03125 0.838187702265372
19483.9693722046 0.037162722343835 0.818770226537217
19483.9693722046 0.0441941738241592 0.818770226537217
19483.9693722046 0.0525560259533572 0.818770226537217
19483.9693722046 0.0625 0.805825242718447
19483.9693722046 0.0743254446876701 0.822006472491909
23170.4750059208 0.0131390064883393 0.818770226537217
23170.4750059208 0.015625 0.828478964401295
23170.4750059208 0.0185813611719175 0.841423948220065
23170.4750059208 0.0220970869120796 0.825242718446602
23170.4750059208 0.0262780129766786 0.825242718446602
23170.4750059208 0.03125 0.815533980582524
23170.4750059208 0.037162722343835 0.831715210355987
23170.4750059208 0.0441941738241592 0.831715210355987
23170.4750059208 0.0525560259533572 0.812297734627832
23170.4750059208 0.0625 0.825242718446602
23170.4750059208 0.0743254446876701 0.812297734627832
27554.4937350337 0.0131390064883393 0.812297734627832
27554.4937350337 0.015625 0.828478964401295
27554.4937350337 0.0185813611719175 0.822006472491909
27554.4937350337 0.0220970869120796 0.825242718446602
27554.4937350337 0.0262780129766786 0.83495145631068
27554.4937350337 0.03125 0.838187702265372
27554.4937350337 0.037162722343835 0.828478964401295
27554.4937350337 0.0441941738241592 0.831715210355987
27554.4937350337 0.0525560259533572 0.838187702265372
27554.4937350337 0.0625 0.815533980582524
27554.4937350337 0.0743254446876701 0.815533980582524
38967.9387444092 0.0131390064883393 0.838187702265372
38967.9387444092 0.015625 0.822006472491909
38967.9387444092 0.0185813611719175 0.828478964401295
38967.9387444092 0.0220970869120796 0.831715210355987
38967.9387444092 0.0262780129766786 0.822006472491909
38967.9387444092 0.03125 0.818770226537217
38967.9387444092 0.037162722343835 0.83495145631068
38967.9387444092 0.0441941738241592 0.83495145631068
38967.9387444092 0.0525560259533572 0.809061488673139
38967.9387444092 0.0625 0.822006472491909
38967.9387444092 0.0743254446876701 0.809061488673139
46340.9500118416 0.0131390064883393 0.825242718446602
46340.9500118416 0.015625 0.83495145631068
46340.9500118416 0.0185813611719175 0.818770226537217
46340.9500118416 0.0220970869120796 0.838187702265372
46340.9500118416 0.0262780129766786 0.828478964401295
46340.9500118416 0.03125 0.809061488673139
46340.9500118416 0.037162722343835 0.818770226537217
46340.9500118416 0.0441941738241592 0.838187702265372
46340.9500118416 0.0525560259533572 0.822006472491909
46340.9500118416 0.0625 0.818770226537217
46340.9500118416 0.0743254446876701 0.822006472491909
55108.9874700674 0.0131390064883393 0.831715210355987
55108.9874700674 0.015625 0.831715210355987
55108.9874700674 0.0185813611719175 0.831715210355987
55108.9874700674 0.0220970869120796 0.828478964401295
55108.9874700674 0.0262780129766786 0.841423948220065
55108.9874700674 0.03125 0.815533980582524
55108.9874700674 0.037162722343835 0.822006472491909
55108.9874700674 0.0441941738241592 0.815533980582524
55108.9874700674 0.0525560259533572 0.805825242718447
55108.9874700674 0.0625 0.828478964401295
55108.9874700674 0.0743254446876701 0.83495145631068
65536 0.0131390064883393 0.825242718446602
65536 0.015625 0.83495145631068
65536 0.0185813611719175 0.828478964401295
65536 0.0220970869120796 0.818770226537217
65536 0.0262780129766786 0.828478964401295
65536 0.03125 0.825242718446602
65536 0.037162722343835 0.828478964401295
65536 0.0441941738241592 0.841423948220065
65536 0.0525560259533572 0.812297734627832
65536 0.0625 0.822006472491909
65536 0.0743254446876701 0.828478964401295
77935.8774888183 0.0131390064883393 0.828478964401295
77935.8774888183 0.015625 0.83495145631068
77935.8774888183 0.0185813611719175 0.828478964401295
77935.8774888183 0.0220970869120796 0.825242718446602
77935.8774888183 0.0262780129766786 0.818770226537217
77935.8774888183 0.03125 0.825242718446602
77935.8774888183 0.037162722343835 0.838187702265372
77935.8774888183 0.0441941738241592 0.818770226537217
77935.8774888183 0.0525560259533572 0.815533980582524
77935.8774888183 0.0625 0.815533980582524
77935.8774888183 0.0743254446876701 0.818770226537217
