0.03125 3.0517578125E-05 0.448453608247423
0.03125 0.0001220703125 0.448453608247423
0.03125 0.00048828125 0.448453608247423
0.03125 0.001953125 0.448453608247423
0.03125 0.0078125 0.448453608247423
0.03125 0.03125 0.448453608247423
0.03125 0.125 0.448453608247423
0.03125 0.5 0.448453608247423
0.03125 2 0.448453608247423
0.03125 8 0.448453608247423
0.125 3.0517578125E-05 0.448453608247423
0.125 0.0001220703125 0.448453608247423
0.125 0.00048828125 0.448453608247423
0.125 0.001953125 0.448453608247423
0.125 0.0078125 0.448453608247423
0.125 0.03125 0.448453608247423
0.125 0.125 0.448453608247423
0.125 0.5 0.461340206185567
0.125 2 0.518041237113402
0.125 8 0.548969072164949
0.5 3.0517578125E-05 0.448453608247423
0.5 0.0001220703125 0.448453608247423
0.5 0.00048828125 0.448453608247423
0.5 0.001953125 0.448453608247423
0.5 0.0078125 0.448453608247423
0.5 0.03125 0.448453608247423
0.5 0.125 0.474226804123711
0.5 0.5 0.530927835051546
0.5 2 0.592783505154639
0.5 8 0.628865979381443
2 3.0517578125E-05 0.448453608247423
2 0.0001220703125 0.448453608247423
2 0.00048828125 0.448453608247423
2 0.001953125 0.448453608247423
2 0.0078125 0.448453608247423
2 0.03125 0.487113402061856
2 0.125 0.520618556701031
2 0.5 0.621134020618557
2 2 0.639175257731959
2 8 0.685567010309278
8 3.0517578125E-05 0.448453608247423
8 0.0001220703125 0.448453608247423
8 0.00048828125 0.448453608247423
8 0.001953125 0.448453608247423
8 0.0078125 0.471649484536082
8 0.03125 0.536082474226804
8 0.125 0.631443298969072
8 0.5 0.65979381443299
8 2 0.685567010309278
8 8 0.711340206185567
32 3.0517578125E-05 0.448453608247423
32 0.0001220703125 0.448453608247423
32 0.00048828125 0.448453608247423
32 0.001953125 0.458762886597938
32 0.0078125 0.530927835051546
32 0.03125 0.621134020618557
32 0.125 0.662371134020619
32 0.5 0.721649484536082
32 2 0.744845360824742
32 8 0.75
128 3.0517578125E-05 0.448453608247423
128 0.0001220703125 0.448453608247423
128 0.00048828125 0.47680412371134
128 0.001953125 0.525773195876289
128 0.0078125 0.61340206185567
128 0.03125 0.664948453608247
128 0.125 0.72680412371134
128 0.5 0.79639175257732
128 2 0.806701030927835
128 8 0.786082474226804
512 3.0517578125E-05 0.448453608247423
512 0.0001220703125 0.466494845360825
512 0.00048828125 0.525773195876289
512 0.001953125 0.634020618556701
512 0.0078125 0.670103092783505
512 0.03125 0.70360824742268
512 0.125 0.793814432989691
512 0.5 0.827319587628866
512 2 0.811855670103093
512 8 0.824742268041237
2048 3.0517578125E-05 0.481958762886598
2048 0.0001220703125 0.528350515463918
2048 0.00048828125 0.626288659793814
2048 0.001953125 0.672680412371134
2048 0.0078125 0.711340206185567
2048 0.03125 0.814432989690722
2048 0.125 0.822164948453608
2048 0.5 0.827319587628866
2048 2 0.817010309278351
2048 8 0.798969072164949
8192 3.0517578125E-05 0.528350515463918
8192 0.0001220703125 0.626288659793814
8192 0.00048828125 0.672680412371134
8192 0.001953125 0.711340206185567
8192 0.0078125 0.804123711340206
8192 0.03125 0.842783505154639
8192 0.125 0.837628865979381
8192 0.5 0.835051546391753
8192 2 0.793814432989691
8192 8 0.765463917525773
32768 3.0517578125E-05 0.608247422680412
32768 0.0001220703125 0.670103092783505
32768 0.00048828125 0.711340206185567
32768 0.001953125 0.804123711340206
32768 0.0078125 0.842783505154639
32768 0.03125 0.845360824742268
32768 0.125 0.845360824742268
32768 0.5 0.806701030927835
32768 2 0.798969072164949
32768 8 0.783505154639175
13777.2468675169 0.0131390064883393 0.84020618556701
13777.2468675169 0.015625 0.837628865979381
13777.2468675169 0.0185813611719175 0.832474226804124
13777.2468675169 0.0220970869120796 0.850515463917526
13777.2468675169 0.0262780129766786 0.842783505154639
13777.2468675169 0.03125 0.845360824742268
13777.2468675169 0.037162722343835 0.837628865979381
13777.2468675169 0.0441941738241592 0.845360824742268
13777.2468675169 0.0525560259533572 0.847938144329897
13777.2468675169 0.0625 0.847938144329897
13777.2468675169 0.0743254446876701 0.84020618556701
16384 0.0131390064883393 0.850515463917526
16384 0.015625 0.84020618556701
16384 0.0185813611719175 0.847938144329897
16384 0.0220970869120796 0.837628865979381
16384 0.0262780129766786 0.84020618556701
16384 0.03125 0.84020618556701
16384 0.037162722343835 0.845360824742268
16384 0.0441941738241592 0.842783505154639
16384 0.0525560259533572 0.860824742268041
16384 0.0625 0.847938144329897
16384 0.0743254446876701 0.835051546391753
19483.9693722046 0.0131390064883393 0.837628865979381
19483.9693722046 0.015625 0.827319587628866
19483.9693722046 0.0185813611719175 0.842783505154639
19483.9693722046 0.0220970869120796 0.835051546391753
19483.9693722046 0.0262780129766786 0.845360824742268
19483.9693722046 0.03125 0.837628865979381
19483.9693722046 0.037162722343835 0.845360824742268
19483.9693722046 0.0441941738241592 0.84020618556701
19483.9693722046 0.0525560259533572 0.855670103092783
19483.9693722046 0.0625 0.84020618556701
19483.9693722046 0.0743254446876701 0.824742268041237
23170.4750059208 0.0131390064883393 0.835051546391753
23170.4750059208 0.015625 0.842783505154639
23170.4750059208 0.0185813611719175 0.847938144329897
23170.4750059208 0.0220970869120796 0.845360824742268
23170.4750059208 0.0262780129766786 0.835051546391753
23170.4750059208 0.03125 0.842783505154639
23170.4750059208 0.037162722343835 0.842783505154639
23170.4750059208 0.0441941738241592 0.829896907216495
23170.4750059208 0.0525560259533572 0.84020618556701
23170.4750059208 0.0625 0.850515463917526
23170.4750059208 0.0743254446876701 0.84020618556701
27554.4937350337 0.0131390064883393 0.853092783505155
27554.4937350337 0.015625 0.850515463917526
27554.4937350337 0.0185813611719175 0.855670103092783
27554.4937350337 0.0220970869120796 0.84020618556701
27554.4937350337 0.0262780129766786 0.842783505154639
27554.4937350337 0.03125 0.84020618556701
27554.4937350337 0.037162722343835 0.845360824742268
27554.4937350337 0.0441941738241592 0.84020618556701
27554.4937350337 0.0525560259533572 0.827319587628866
27554.4937350337 0.0625 0.850515463917526
27554.4937350337 0.0743254446876701 0.842783505154639
38967.9387444092 0.0131390064883393 0.853092783505155
38967.9387444092 0.015625 0.847938144329897
38967.9387444092 0.0185813611719175 0.842783505154639
38967.9387444092 0.0220970869120796 0.850515463917526
38967.9387444092 0.0262780129766786 0.845360824742268
38967.9387444092 0.03125 0.842783505154639
38967.9387444092 0.037162722343835 0.850515463917526
38967.9387444092 0.0441941738241592 0.853092783505155
38967.9387444092 0.0525560259533572 0.853092783505155
38967.9387444092 0.0625 0.847938144329897
38967.9387444092 0.0743254446876701 0.850515463917526
46340.9500118416 0.0131390064883393 0.845360824742268
46340.9500118416 0.015625 0.842783505154639
46340.9500118416 0.0185813611719175 0.850515463917526
46340.9500118416 0.0220970869120796 0.847938144329897
46340.9500118416 0.0262780129766786 0.845360824742268
46340.9500118416 0.03125 0.853092783505155
46340.9500118416 0.037162722343835 0.845360824742268
46340.9500118416 0.0441941738241592 0.835051546391753
46340.9500118416 0.0525560259533572 0.845360824742268
46340.9500118416 0.0625 0.842783505154639
46340.9500118416 0.0743254446876701 0.847938144329897
55108.9874700674 0.0131390064883393 0.847938144329897
55108.9874700674 0.015625 0.845360824742268
55108.9874700674 0.0185813611719175 0.837628865979381
55108.9874700674 0.0220970869120796 0.845360824742268
55108.9874700674 0.0262780129766786 0.845360824742268
55108.9874700674 0.03125 0.845360824742268
55108.9874700674 0.037162722343835 0.858247422680412
55108.9874700674 0.0441941738241592 0.853092783505155
55108.9874700674 0.0525560259533572 0.837628865979381
55108.9874700674 0.0625 0.822164948453608
55108.9874700674 0.0743254446876701 0.850515463917526
65536 0.0131390064883393 0.847938144329897
65536 0.015625 0.853092783505155
65536 0.0185813611719175 0.845360824742268
65536 0.0220970869120796 0.835051546391753
65536 0.0262780129766786 0.853092783505155
65536 0.03125 0.842783505154639
65536 0.037162722343835 0.858247422680412
65536 0.0441941738241592 0.850515463917526
65536 0.0525560259533572 0.842783505154639
65536 0.0625 0.84020618556701
65536 0.0743254446876701 0.853092783505155
77935.8774888183 0.0131390064883393 0.842783505154639
77935.8774888183 0.015625 0.847938144329897
77935.8774888183 0.0185813611719175 0.845360824742268
77935.8774888183 0.0220970869120796 0.845360824742268
77935.8774888183 0.0262780129766786 0.850515463917526
77935.8774888183 0.03125 0.853092783505155
77935.8774888183 0.037162722343835 0.835051546391753
77935.8774888183 0.0441941738241592 0.842783505154639
77935.8774888183 0.0525560259533572 0.845360824742268
77935.8774888183 0.0625 0.847938144329897
77935.8774888183 0.0743254446876701 0.842783505154639
