0.03125 3.0517578125E-05 0.478260869565217
0.03125 0.0001220703125 0.478260869565217
0.03125 0.00048828125 0.478260869565217
0.03125 0.001953125 0.478260869565217
0.03125 0.0078125 0.478260869565217
0.03125 0.03125 0.478260869565217
0.03125 0.125 0.478260869565217
0.03125 0.5 0.478260869565217
0.03125 2 0.569794050343249
0.03125 8 0.533180778032037
0.125 3.0517578125E-05 0.478260869565217
0.125 0.0001220703125 0.478260869565217
0.125 0.00048828125 0.478260869565217
0.125 0.001953125 0.478260869565217
0.125 0.0078125 0.478260869565217
0.125 0.03125 0.478260869565217
0.125 0.125 0.501144164759725
0.125 0.5 0.574370709382151
0.125 2 0.569794050343249
0.125 8 0.569794050343249
0.5 3.0517578125E-05 0.478260869565217
0.5 0.0001220703125 0.478260869565217
0.5 0.00048828125 0.478260869565217
0.5 0.001953125 0.478260869565217
0.5 0.0078125 0.478260869565217
0.5 0.03125 0.505720823798627
0.5 0.125 0.574370709382151
0.5 0.5 0.574370709382151
0.5 2 0.576659038901602
0.5 8 0.594965675057208
2 3.0517578125E-05 0.478260869565217
2 0.0001220703125 0.478260869565217
2 0.00048828125 0.478260869565217
2 0.001953125 0.478260869565217
2 0.0078125 0.51487414187643
2 0.03125 0.574370709382151
2 0.125 0.583524027459954
2 0.5 0.578947368421053
2 2 0.615560640732265
2 8 0.649885583524027
8 3.0517578125E-05 0.478260869565217
8 0.0001220703125 0.478260869565217
8 0.00048828125 0.478260869565217
8 0.001953125 0.501144164759725
8 0.0078125 0.574370709382151
8 0.03125 0.606407322654462
8 0.125 0.59954233409611
8 0.5 0.633867276887872
8 2 0.645308924485126
8 8 0.624713958810069
32 3.0517578125E-05 0.478260869565217
32 0.0001220703125 0.478260869565217
32 0.00048828125 0.510297482837529
32 0.001953125 0.574370709382151
32 0.0078125 0.615560640732265
32 0.03125 0.617848970251716
32 0.125 0.643020594965675
32 0.5 0.665903890160183
32 2 0.709382151029748
32 8 0.727688787185355
128 3.0517578125E-05 0.478260869565217
128 0.0001220703125 0.510297482837529
128 0.00048828125 0.574370709382151
128 0.001953125 0.613272311212815
128 0.0078125 0.613272311212815
128 0.03125 0.654462242562929
128 0.125 0.672768878718536
128 0.5 0.725400457665904
128 2 0.762013729977117
128 8 0.745995423340961
512 3.0517578125E-05 0.51487414187643
512 0.0001220703125 0.574370709382151
512 0.00048828125 0.604118993135012
512 0.001953125 0.62929061784897
512 0.0078125 0.643020594965675
512 0.03125 0.668192219679634
512 0.125 0.745995423340961
512 0.5 0.780320366132723
512 2 0.810068649885583
512 8 0.789473684210526
2048 3.0517578125E-05 0.574370709382151
2048 0.0001220703125 0.588100686498856
2048 0.00048828125 0.627002288329519
2048 0.001953125 0.647597254004577
2048 0.0078125 0.670480549199085
2048 0.03125 0.74370709382151
2048 0.125 0.789473684210526
2048 0.5 0.819221967963387
2048 2 0.807780320366133
2048 8 0.778032036613272
8192 3.0517578125E-05 0.608695652173913
8192 0.0001220703125 0.622425629290618
8192 0.00048828125 0.645308924485126
8192 0.001953125 0.679633867276888
8192 0.0078125 0.752860411899314
8192 0.03125 0.803203661327231
8192 0.125 0.821510297482838
8192 0.5 0.830663615560641
8192 2 0.819221967963387
8192 8 0.768878718535469
32768 3.0517578125E-05 0.610983981693364
32768 0.0001220703125 0.643020594965675
32768 0.00048828125 0.688787185354691
32768 0.001953125 0.739130434782609
32768 0.0078125 0.794050343249428
32768 0.03125 0.830663615560641
32768 0.125 0.832951945080092
32768 0.5 0.814645308924485
32768 2 0.823798627002288
32768 8 0.74370709382151
13777.2468675169 0.0525560259533572 0.82837528604119
13777.2468675169 0.0625 0.823798627002288
13777.2468675169 0.0743254446876701 0.814645308924485
13777.2468675169 0.0883883476483184 0.832951945080092
13777.2468675169 0.105112051906714 0.803203661327231
13777.2468675169 0.125 0.821510297482838
13777.2468675169 0.14865088937534 0.823798627002288
13777.2468675169 0.176776695296637 0.82837528604119
13777.2468675169 0.210224103813429 0.82837528604119
13777.2468675169 0.25 0.82837528604119
13777.2468675169 0.29730177875068 0.826086956521739
16384 0.0525560259533572 0.82837528604119
16384 0.0625 0.819221967963387
16384 0.0743254446876701 0.830663615560641
16384 0.0883883476483184 0.819221967963387
16384 0.105112051906714 0.82837528604119
16384 0.125 0.82837528604119
16384 0.14865088937534 0.82837528604119
16384 0.176776695296637 0.823798627002288
16384 0.210224103813429 0.82837528604119
16384 0.25 0.82837528604119
16384 0.29730177875068 0.832951945080092
19483.9693722046 0.0525560259533572 0.82837528604119
19483.9693722046 0.0625 0.826086956521739
19483.9693722046 0.0743254446876701 0.807780320366133
19483.9693722046 0.0883883476483184 0.814645308924485
19483.9693722046 0.105112051906714 0.82837528604119
19483.9693722046 0.125 0.814645308924485
19483.9693722046 0.14865088937534 0.826086956521739
19483.9693722046 0.176776695296637 0.819221967963387
19483.9693722046 0.210224103813429 0.814645308924485
19483.9693722046 0.25 0.830663615560641
19483.9693722046 0.29730177875068 0.839816933638444
23170.4750059208 0.0525560259533572 0.826086956521739
23170.4750059208 0.0625 0.821510297482838
23170.4750059208 0.0743254446876701 0.826086956521739
23170.4750059208 0.0883883476483184 0.830663615560641
23170.4750059208 0.105112051906714 0.816933638443936
23170.4750059208 0.125 0.82837528604119
23170.4750059208 0.14865088937534 0.826086956521739
23170.4750059208 0.176776695296637 0.842105263157895
23170.4750059208 0.210224103813429 0.812356979405034
23170.4750059208 0.25 0.814645308924485
23170.4750059208 0.29730177875068 0.844393592677345
27554.4937350337 0.0525560259533572 0.826086956521739
27554.4937350337 0.0625 0.821510297482838
27554.4937350337 0.0743254446876701 0.826086956521739
27554.4937350337 0.0883883476483184 0.832951945080092
27554.4937350337 0.105112051906714 0.832951945080092
27554.4937350337 0.125 0.82837528604119
27554.4937350337 0.14865088937534 0.819221967963387
27554.4937350337 0.176776695296637 0.832951945080092
27554.4937350337 0.210224103813429 0.82837528604119
27554.4937350337 0.25 0.821510297482838
27554.4937350337 0.29730177875068 0.835240274599542
38967.9387444092 0.0525560259533572 0.816933638443936
38967.9387444092 0.0625 0.842105263157895
38967.9387444092 0.0743254446876701 0.830663615560641
38967.9387444092 0.0883883476483184 0.839816933638444
38967.9387444092 0.105112051906714 0.830663615560641
38967.9387444092 0.125 0.835240274599542
38967.9387444092 0.14865088937534 0.830663615560641
38967.9387444092 0.176776695296637 0.826086956521739
38967.9387444092 0.210224103813429 0.819221967963387
38967.9387444092 0.25 0.823798627002288
38967.9387444092 0.29730177875068 0.82837528604119
46340.9500118416 0.0525560259533572 0.82837528604119
46340.9500118416 0.0625 0.835240274599542
46340.9500118416 0.0743254446876701 0.821510297482838
46340.9500118416 0.0883883476483184 0.830663615560641
46340.9500118416 0.105112051906714 0.826086956521739
46340.9500118416 0.125 0.839816933638444
46340.9500118416 0.14865088937534 0.819221967963387
46340.9500118416 0.176776695296637 0.830663615560641
46340.9500118416 0.210224103813429 0.823798627002288
46340.9500118416 0.25 0.819221967963387
46340.9500118416 0.29730177875068 0.821510297482838
55108.9874700674 0.0525560259533572 0.830663615560641
55108.9874700674 0.0625 0.842105263157895
55108.9874700674 0.0743254446876701 0.839816933638444
55108.9874700674 0.0883883476483184 0.835240274599542
55108.9874700674 0.105112051906714 0.835240274599542
55108.9874700674 0.125 0.832951945080092
55108.9874700674 0.14865088937534 0.82837528604119
55108.9874700674 0.176776695296637 0.82837528604119
55108.9874700674 0.210224103813429 0.830663615560641
55108.9874700674 0.25 0.835240274599542
55108.9874700674 0.29730177875068 0.832951945080092
65536 0.0525560259533572 0.832951945080092
65536 0.0625 0.832951945080092
65536 0.0743254446876701 0.821510297482838
65536 0.0883883476483184 0.826086956521739
65536 0.105112051906714 0.835240274599542
65536 0.125 0.830663615560641
65536 0.14865088937534 0.826086956521739
65536 0.176776695296637 0.819221967963387
65536 0.210224103813429 0.819221967963387
65536 0.25 0.826086956521739
65536 0.29730177875068 0.810068649885583
77935.8774888183 0.0525560259533572 0.826086956521739
77935.8774888183 0.0625 0.82837528604119
77935.8774888183 0.0743254446876701 0.832951945080092
77935.8774888183 0.0883883476483184 0.832951945080092
77935.8774888183 0.105112051906714 0.821510297482838
77935.8774888183 0.125 0.826086956521739
77935.8774888183 0.14865088937534 0.816933638443936
77935.8774888183 0.176776695296637 0.821510297482838
77935.8774888183 0.210224103813429 0.82837528604119
77935.8774888183 0.25 0.823798627002288
77935.8774888183 0.29730177875068 0.844393592677345
