0.03125 3.0517578125E-05 0.468686868686869
0.03125 0.0001220703125 0.468686868686869
0.03125 0.00048828125 0.468686868686869
0.03125 0.001953125 0.468686868686869
0.03125 0.0078125 0.468686868686869
0.03125 0.03125 0.468686868686869
0.03125 0.125 0.468686868686869
0.03125 0.5 0.496969696969697
0.03125 2 0.57979797979798
0.03125 8 0.565656565656566
0.125 3.0517578125E-05 0.468686868686869
0.125 0.0001220703125 0.468686868686869
0.125 0.00048828125 0.468686868686869
0.125 0.001953125 0.468686868686869
0.125 0.0078125 0.468686868686869
0.125 0.03125 0.468686868686869
0.125 0.125 0.563636363636364
0.125 0.5 0.577777777777778
0.125 2 0.585858585858586
0.125 8 0.567676767676768
0.5 3.0517578125E-05 0.468686868686869
0.5 0.0001220703125 0.468686868686869
0.5 0.00048828125 0.468686868686869
0.5 0.001953125 0.468686868686869
0.5 0.0078125 0.468686868686869
0.5 0.03125 0.575757575757576
0.5 0.125 0.577777777777778
0.5 0.5 0.577777777777778
0.5 2 0.575757575757576
0.5 8 0.583838383838384
2 3.0517578125E-05 0.468686868686869
2 0.0001220703125 0.468686868686869
2 0.00048828125 0.468686868686869
2 0.001953125 0.468686868686869
2 0.0078125 0.565656565656566
2 0.03125 0.577777777777778
2 0.125 0.577777777777778
2 0.5 0.58989898989899
2 2 0.581818181818182
2 8 0.632323232323232
8 3.0517578125E-05 0.468686868686869
8 0.0001220703125 0.468686868686869
8 0.00048828125 0.468686868686869
8 0.001953125 0.583838383838384
8 0.0078125 0.577777777777778
8 0.03125 0.591919191919192
8 0.125 0.602020202020202
8 0.5 0.614141414141414
8 2 0.680808080808081
8 8 0.658585858585859
32 3.0517578125E-05 0.468686868686869
32 0.0001220703125 0.468686868686869
32 0.00048828125 0.567676767676768
32 0.001953125 0.577777777777778
32 0.0078125 0.595959595959596
32 0.03125 0.593939393939394
32 0.125 0.626262626262626
32 0.5 0.672727272727273
32 2 0.735353535353535
32 8 0.725252525252525
128 3.0517578125E-05 0.468686868686869
128 0.0001220703125 0.571717171717172
128 0.00048828125 0.577777777777778
128 0.001953125 0.587878787878788
128 0.0078125 0.604040404040404
128 0.03125 0.628282828282828
128 0.125 0.672727272727273
128 0.5 0.745454545454545
128 2 0.781818181818182
128 8 0.771717171717172
512 3.0517578125E-05 0.57979797979798
512 0.0001220703125 0.577777777777778
512 0.00048828125 0.575757575757576
512 0.001953125 0.6
512 0.0078125 0.61010101010101
512 0.03125 0.692929292929293
512 0.125 0.753535353535354
512 0.5 0.795959595959596
512 2 0.806060606060606
512 8 0.783838383838384
2048 3.0517578125E-05 0.577777777777778
2048 0.0001220703125 0.587878787878788
2048 0.00048828125 0.616161616161616
2048 0.001953125 0.624242424242424
2048 0.0078125 0.688888888888889
2048 0.03125 0.75959595959596
2048 0.125 0.791919191919192
2048 0.5 0.82020202020202
2048 2 0.82020202020202
2048 8 0.771717171717172
8192 3.0517578125E-05 0.595959595959596
8192 0.0001220703125 0.61010101010101
8192 0.00048828125 0.628282828282828
8192 0.001953125 0.688888888888889
8192 0.0078125 0.757575757575758
8192 0.03125 0.804040404040404
8192 0.125 0.83030303030303
8192 0.5 0.824242424242424
8192 2 0.806060606060606
8192 8 0.791919191919192
32768 3.0517578125E-05 0.604040404040404
32768 0.0001220703125 0.636363636363636
32768 0.00048828125 0.692929292929293
32768 0.001953125 0.755555555555556
32768 0.0078125 0.797979797979798
32768 0.03125 0.832323232323232
32768 0.125 0.832323232323232
32768 0.5 0.83030303030303
32768 2 0.793939393939394
32768 8 0.783838383838384
13777.2468675169 0.0131390064883393 0.797979797979798
13777.2468675169 0.015625 0.785858585858586
13777.2468675169 0.0185813611719175 0.797979797979798
13777.2468675169 0.0220970869120796 0.81010101010101
13777.2468675169 0.0262780129766786 0.808080808080808
13777.2468675169 0.03125 0.822222222222222
13777.2468675169 0.037162722343835 0.828282828282828
13777.2468675169 0.0441941738241592 0.838383838383838
13777.2468675169 0.0525560259533572 0.826262626262626
13777.2468675169 0.0625 0.83030303030303
13777.2468675169 0.0743254446876701 0.84040404040404
16384 0.0131390064883393 0.804040404040404
16384 0.015625 0.808080808080808
16384 0.0185813611719175 0.808080808080808
16384 0.0220970869120796 0.806060606060606
16384 0.0262780129766786 0.822222222222222
16384 0.03125 0.824242424242424
16384 0.037162722343835 0.834343434343434
16384 0.0441941738241592 0.834343434343434
16384 0.0525560259533572 0.832323232323232
16384 0.0625 0.824242424242424
16384 0.0743254446876701 0.828282828282828
19483.9693722046 0.0131390064883393 0.797979797979798
19483.9693722046 0.015625 0.797979797979798
19483.9693722046 0.0185813611719175 0.81010101010101
19483.9693722046 0.0220970869120796 0.822222222222222
19483.9693722046 0.0262780129766786 0.828282828282828
19483.9693722046 0.03125 0.822222222222222
19483.9693722046 0.037162722343835 0.824242424242424
19483.9693722046 0.0441941738241592 0.82020202020202
19483.9693722046 0.0525560259533572 0.846464646464646
19483.9693722046 0.0625 0.834343434343434
19483.9693722046 0.0743254446876701 0.824242424242424
23170.4750059208 0.0131390064883393 0.808080808080808
23170.4750059208 0.015625 0.816161616161616
23170.4750059208 0.0185813611719175 0.818181818181818
23170.4750059208 0.0220970869120796 0.818181818181818
23170.4750059208 0.0262780129766786 0.822222222222222
23170.4750059208 0.03125 0.836363636363636
23170.4750059208 0.037162722343835 0.818181818181818
23170.4750059208 0.0441941738241592 0.832323232323232
23170.4750059208 0.0525560259533572 0.82020202020202
23170.4750059208 0.0625 0.84040404040404
23170.4750059208 0.0743254446876701 0.832323232323232
27554.4937350337 0.0131390064883393 0.812121212121212
27554.4937350337 0.015625 0.82020202020202
27554.4937350337 0.0185813611719175 0.814141414141414
27554.4937350337 0.0220970869120796 0.82020202020202
27554.4937350337 0.0262780129766786 0.822222222222222
27554.4937350337 0.03125 0.838383838383838
27554.4937350337 0.037162722343835 0.832323232323232
27554.4937350337 0.0441941738241592 0.836363636363636
27554.4937350337 0.0525560259533572 0.836363636363636
27554.4937350337 0.0625 0.828282828282828
27554.4937350337 0.0743254446876701 0.832323232323232
38967.9387444092 0.0131390064883393 0.822222222222222
38967.9387444092 0.015625 0.824242424242424
38967.9387444092 0.0185813611719175 0.82020202020202
38967.9387444092 0.0220970869120796 0.834343434343434
38967.9387444092 0.0262780129766786 0.828282828282828
38967.9387444092 0.03125 0.832323232323232
38967.9387444092 0.037162722343835 0.832323232323232
38967.9387444092 0.0441941738241592 0.83030303030303
38967.9387444092 0.0525560259533572 0.83030303030303
38967.9387444092 0.0625 0.834343434343434
38967.9387444092 0.0743254446876701 0.83030303030303
46340.9500118416 0.0131390064883393 0.826262626262626
46340.9500118416 0.015625 0.82020202020202
46340.9500118416 0.0185813611719175 0.84040404040404
46340.9500118416 0.0220970869120796 0.826262626262626
46340.9500118416 0.0262780129766786 0.838383838383838
46340.9500118416 0.03125 0.824242424242424
46340.9500118416 0.037162722343835 0.826262626262626
46340.9500118416 0.0441941738241592 0.832323232323232
46340.9500118416 0.0525560259533572 0.822222222222222
46340.9500118416 0.0625 0.832323232323232
46340.9500118416 0.0743254446876701 0.838383838383838
55108.9874700674 0.0131390064883393 0.826262626262626
55108.9874700674 0.015625 0.832323232323232
55108.9874700674 0.0185813611719175 0.826262626262626
55108.9874700674 0.0220970869120796 0.824242424242424
55108.9874700674 0.0262780129766786 0.828282828282828
55108.9874700674 0.03125 0.824242424242424
55108.9874700674 0.037162722343835 0.828282828282828
55108.9874700674 0.0441941738241592 0.828282828282828
55108.9874700674 0.0525560259533572 0.83030303030303
55108.9874700674 0.0625 0.832323232323232
55108.9874700674 0.0743254446876701 0.83030303030303
65536 0.0131390064883393 0.838383838383838
65536 0.015625 0.83030303030303
65536 0.0185813611719175 0.83030303030303
65536 0.0220970869120796 0.828282828282828
65536 0.0262780129766786 0.834343434343434
65536 0.03125 0.832323232323232
65536 0.037162722343835 0.842424242424242
65536 0.0441941738241592 0.838383838383838
65536 0.0525560259533572 0.832323232323232
65536 0.0625 0.832323232323232
65536 0.0743254446876701 0.836363636363636
77935.8774888183 0.0131390064883393 0.83030303030303
77935.8774888183 0.015625 0.834343434343434
77935.8774888183 0.0185813611719175 0.832323232323232
77935.8774888183 0.0220970869120796 0.834343434343434
77935.8774888183 0.0262780129766786 0.83030303030303
77935.8774888183 0.03125 0.826262626262626
77935.8774888183 0.037162722343835 0.838383838383838
77935.8774888183 0.0441941738241592 0.822222222222222
77935.8774888183 0.0525560259533572 0.84040404040404
77935.8774888183 0.0625 0.844444444444444
77935.8774888183 0.0743254446876701 0.822222222222222
