0.03125 3.0517578125E-05 0.465425531914894
0.03125 0.0001220703125 0.465425531914894
0.03125 0.00048828125 0.465425531914894
0.03125 0.001953125 0.465425531914894
0.03125 0.0078125 0.465425531914894
0.03125 0.03125 0.465425531914894
0.03125 0.125 0.465425531914894
0.03125 0.5 0.465425531914894
0.03125 2 0.497340425531915
0.03125 8 0.465425531914894
0.125 3.0517578125E-05 0.465425531914894
0.125 0.0001220703125 0.465425531914894
0.125 0.00048828125 0.465425531914894
0.125 0.001953125 0.465425531914894
0.125 0.0078125 0.465425531914894
0.125 0.03125 0.465425531914894
0.125 0.125 0.465425531914894
0.125 0.5 0.555851063829787
0.125 2 0.577127659574468
0.125 8 0.638297872340426
0.5 3.0517578125E-05 0.465425531914894
0.5 0.0001220703125 0.465425531914894
0.5 0.00048828125 0.465425531914894
0.5 0.001953125 0.465425531914894
0.5 0.0078125 0.465425531914894
0.5 0.03125 0.446808510638298
0.5 0.125 0.547872340425532
0.5 0.5 0.611702127659574
0.5 2 0.654255319148936
0.5 8 0.667553191489362
2 3.0517578125E-05 0.465425531914894
2 0.0001220703125 0.465425531914894
2 0.00048828125 0.465425531914894
2 0.001953125 0.465425531914894
2 0.0078125 0.452127659574468
2 0.03125 0.534574468085106
2 0.125 0.601063829787234
2 0.5 0.654255319148936
2 2 0.672872340425532
2 8 0.707446808510638
8 3.0517578125E-05 0.465425531914894
8 0.0001220703125 0.465425531914894
8 0.00048828125 0.465425531914894
8 0.001953125 0.438829787234043
8 0.0078125 0.534574468085106
8 0.03125 0.603723404255319
8 0.125 0.654255319148936
8 0.5 0.691489361702128
8 2 0.73936170212766
8 8 0.742021276595745
32 3.0517578125E-05 0.465425531914894
32 0.0001220703125 0.465425531914894
32 0.00048828125 0.438829787234043
32 0.001953125 0.531914893617021
32 0.0078125 0.606382978723404
32 0.03125 0.678191489361702
32 0.125 0.720744680851064
32 0.5 0.75
32 2 0.795212765957447
32 8 0.795212765957447
128 3.0517578125E-05 0.465425531914894
128 0.0001220703125 0.452127659574468
128 0.00048828125 0.531914893617021
128 0.001953125 0.601063829787234
128 0.0078125 0.686170212765957
128 0.03125 0.728723404255319
128 0.125 0.779255319148936
128 0.5 0.795212765957447
128 2 0.821808510638298
128 8 0.781914893617021
512 3.0517578125E-05 0.462765957446808
512 0.0001220703125 0.531914893617021
512 0.00048828125 0.603723404255319
512 0.001953125 0.680851063829787
512 0.0078125 0.720744680851064
512 0.03125 0.784574468085106
512 0.125 0.792553191489362
512 0.5 0.813829787234043
512 2 0.843085106382979
512 8 0.811170212765957
2048 3.0517578125E-05 0.531914893617021
2048 0.0001220703125 0.603723404255319
2048 0.00048828125 0.691489361702128
2048 0.001953125 0.720744680851064
2048 0.0078125 0.763297872340426
2048 0.03125 0.797872340425532
2048 0.125 0.824468085106383
2048 0.5 0.837765957446808
2048 2 0.840425531914894
2048 8 0.821808510638298
8192 3.0517578125E-05 0.603723404255319
8192 0.0001220703125 0.691489361702128
8192 0.00048828125 0.712765957446808
8192 0.001953125 0.765957446808511
8192 0.0078125 0.800531914893617
8192 0.03125 0.821808510638298
8192 0.125 0.845744680851064
8192 0.5 0.837765957446808
8192 2 0.86436170212766
8192 8 0.837765957446808
32768 3.0517578125E-05 0.696808510638298
32768 0.0001220703125 0.710106382978723
32768 0.00048828125 0.75
32768 0.001953125 0.800531914893617
32768 0.0078125 0.837765957446808
32768 0.03125 0.829787234042553
32768 0.125 0.851063829787234
32768 0.5 0.851063829787234
32768 2 0.821808510638298
32768 8 0.840425531914894
3444.31171687921 0.840896415253715 0.845744680851064
3444.31171687921 1 0.835106382978723
3444.31171687921 1.18920711500272 0.835106382978723
3444.31171687921 1.4142135623731 0.856382978723404
3444.31171687921 1.68179283050743 0.843085106382979
3444.31171687921 2 0.859042553191489
3444.31171687921 2.37841423000544 0.861702127659574
3444.31171687921 2.82842712474619 0.856382978723404
3444.31171687921 3.36358566101486 0.851063829787234
3444.31171687921 4 0.848404255319149
3444.31171687921 4.75682846001088 0.829787234042553
4096 0.840896415253715 0.843085106382979
4096 1 0.848404255319149
4096 1.18920711500272 0.861702127659574
4096 1.4142135623731 0.848404255319149
4096 1.68179283050743 0.848404255319149
4096 2 0.853723404255319
4096 2.37841423000544 0.840425531914894
4096 2.82842712474619 0.861702127659574
4096 3.36358566101486 0.856382978723404
4096 4 0.845744680851064
4096 4.75682846001088 0.848404255319149
4870.99234305115 0.840896415253715 0.851063829787234
4870.99234305115 1 0.867021276595745
4870.99234305115 1.18920711500272 0.856382978723404
4870.99234305115 1.4142135623731 0.824468085106383
4870.99234305115 1.68179283050743 0.835106382978723
4870.99234305115 2 0.851063829787234
4870.99234305115 2.37841423000544 0.845744680851064
4870.99234305115 2.82842712474619 0.859042553191489
4870.99234305115 3.36358566101486 0.853723404255319
4870.99234305115 4 0.859042553191489
4870.99234305115 4.75682846001088 0.835106382978723
5792.6187514802 0.840896415253715 0.835106382978723
5792.6187514802 1 0.848404255319149
5792.6187514802 1.18920711500272 0.86436170212766
5792.6187514802 1.4142135623731 0.856382978723404
5792.6187514802 1.68179283050743 0.840425531914894
5792.6187514802 2 0.851063829787234
5792.6187514802 2.37841423000544 0.843085106382979
5792.6187514802 2.82842712474619 0.837765957446808
5792.6187514802 3.36358566101486 0.856382978723404
5792.6187514802 4 0.832446808510638
5792.6187514802 4.75682846001088 0.861702127659574
6888.62343375843 0.840896415253715 0.848404255319149
6888.62343375843 1 0.843085106382979
6888.62343375843 1.18920711500272 0.856382978723404
6888.62343375843 1.4142135623731 0.86436170212766
6888.62343375843 1.68179283050743 0.861702127659574
6888.62343375843 2 0.86436170212766
6888.62343375843 2.37841423000544 0.851063829787234
6888.62343375843 2.82842712474619 0.843085106382979
6888.62343375843 3.36358566101486 0.853723404255319
6888.62343375843 4 0.86968085106383
6888.62343375843 4.75682846001088 0.813829787234043
9741.98468610229 0.840896415253715 0.843085106382979
9741.98468610229 1 0.861702127659574
9741.98468610229 1.18920711500272 0.861702127659574
9741.98468610229 1.4142135623731 0.848404255319149
9741.98468610229 1.68179283050743 0.845744680851064
9741.98468610229 2 0.856382978723404
9741.98468610229 2.37841423000544 0.835106382978723
9741.98468610229 2.82842712474619 0.845744680851064
9741.98468610229 3.36358566101486 0.840425531914894
9741.98468610229 4 0.835106382978723
9741.98468610229 4.75682846001088 0.856382978723404
11585.2375029604 0.840896415253715 0.861702127659574
11585.2375029604 1 0.859042553191489
11585.2375029604 1.18920711500272 0.835106382978723
11585.2375029604 1.4142135623731 0.843085106382979
11585.2375029604 1.68179283050743 0.840425531914894
11585.2375029604 2 0.837765957446808
11585.2375029604 2.37841423000544 0.851063829787234
11585.2375029604 2.82842712474619 0.856382978723404
11585.2375029604 3.36358566101486 0.835106382978723
11585.2375029604 4 0.840425531914894
11585.2375029604 4.75682846001088 0.843085106382979
13777.2468675169 0.840896415253715 0.853723404255319
13777.2468675169 1 0.851063829787234
13777.2468675169 1.18920711500272 0.848404255319149
13777.2468675169 1.4142135623731 0.843085106382979
13777.2468675169 1.68179283050743 0.851063829787234
13777.2468675169 2 0.848404255319149
13777.2468675169 2.37841423000544 0.835106382978723
13777.2468675169 2.82842712474619 0.840425531914894
13777.2468675169 3.36358566101486 0.829787234042553
13777.2468675169 4 0.845744680851064
13777.2468675169 4.75682846001088 0.861702127659574
16384 0.840896415253715 0.853723404255319
16384 1 0.853723404255319
16384 1.18920711500272 0.877659574468085
16384 1.4142135623731 0.859042553191489
16384 1.68179283050743 0.845744680851064
16384 2 0.819148936170213
16384 2.37841423000544 0.872340425531915
16384 2.82842712474619 0.832446808510638
16384 3.36358566101486 0.843085106382979
16384 4 0.861702127659574
16384 4.75682846001088 0.840425531914894
19483.9693722046 0.840896415253715 0.851063829787234
19483.9693722046 1 0.845744680851064
19483.9693722046 1.18920711500272 0.837765957446808
19483.9693722046 1.4142135623731 0.848404255319149
19483.9693722046 1.68179283050743 0.845744680851064
19483.9693722046 2 0.843085106382979
19483.9693722046 2.37841423000544 0.848404255319149
19483.9693722046 2.82842712474619 0.86436170212766
19483.9693722046 3.36358566101486 0.829787234042553
19483.9693722046 4 0.859042553191489
19483.9693722046 4.75682846001088 0.832446808510638
