0.03125 3.0517578125E-05 0.505070993914807
0.03125 0.0001220703125 0.505070993914807
0.03125 0.00048828125 0.505070993914807
0.03125 0.001953125 0.505070993914807
0.03125 0.0078125 0.505070993914807
0.03125 0.03125 0.505070993914807
0.03125 0.125 0.505070993914807
0.03125 0.5 0.505070993914807
0.03125 2 0.505070993914807
0.03125 8 0.505070993914807
0.125 3.0517578125E-05 0.505070993914807
0.125 0.0001220703125 0.505070993914807
0.125 0.00048828125 0.505070993914807
0.125 0.001953125 0.505070993914807
0.125 0.0078125 0.505070993914807
0.125 0.03125 0.505070993914807
0.125 0.125 0.505070993914807
0.125 0.5 0.505070993914807
0.125 2 0.505070993914807
0.125 8 0.517241379310345
0.5 3.0517578125E-05 0.505070993914807
0.5 0.0001220703125 0.505070993914807
0.5 0.00048828125 0.505070993914807
0.5 0.001953125 0.505070993914807
0.5 0.0078125 0.505070993914807
0.5 0.03125 0.505070993914807
0.5 0.125 0.505070993914807
0.5 0.5 0.50709939148073
0.5 2 0.551724137931034
0.5 8 0.586206896551724
2 3.0517578125E-05 0.505070993914807
2 0.0001220703125 0.505070993914807
2 0.00048828125 0.505070993914807
2 0.001953125 0.505070993914807
2 0.0078125 0.505070993914807
2 0.03125 0.505070993914807
2 0.125 0.505070993914807
2 0.5 0.547667342799189
2 2 0.63894523326572
2 8 0.671399594320487
8 3.0517578125E-05 0.505070993914807
8 0.0001220703125 0.505070993914807
8 0.00048828125 0.505070993914807
8 0.001953125 0.505070993914807
8 0.0078125 0.505070993914807
8 0.03125 0.505070993914807
8 0.125 0.543610547667343
8 0.5 0.68762677484787
8 2 0.718052738336714
8 8 0.72210953346856
32 3.0517578125E-05 0.505070993914807
32 0.0001220703125 0.505070993914807
32 0.00048828125 0.505070993914807
32 0.001953125 0.505070993914807
32 0.0078125 0.505070993914807
32 0.03125 0.54158215010142
32 0.125 0.693711967545639
32 0.5 0.750507099391481
32 2 0.760649087221095
32 8 0.746450304259635
128 3.0517578125E-05 0.505070993914807
128 0.0001220703125 0.505070993914807
128 0.00048828125 0.505070993914807
128 0.001953125 0.505070993914807
128 0.0078125 0.545638945233266
128 0.03125 0.697768762677485
128 0.125 0.744421906693712
128 0.5 0.77079107505071
128 2 0.801217038539554
128 8 0.789046653144016
512 3.0517578125E-05 0.505070993914807
512 0.0001220703125 0.505070993914807
512 0.00048828125 0.505070993914807
512 0.001953125 0.54158215010142
512 0.0078125 0.701825557809331
512 0.03125 0.754563894523327
512 0.125 0.789046653144016
512 0.5 0.797160243407708
512 2 0.825557809330629
512 8 0.809330628803245
2048 3.0517578125E-05 0.505070993914807
2048 0.0001220703125 0.505070993914807
2048 0.00048828125 0.539553752535497
2048 0.001953125 0.695740365111562
2048 0.0078125 0.750507099391481
2048 0.03125 0.776876267748479
2048 0.125 0.817444219066937
2048 0.5 0.86815415821501
2048 2 0.839756592292089
2048 8 0.825557809330629
8192 3.0517578125E-05 0.505070993914807
8192 0.0001220703125 0.537525354969574
8192 0.00048828125 0.689655172413793
8192 0.001953125 0.75659229208925
8192 0.0078125 0.780933062880324
8192 0.03125 0.823529411764706
8192 0.125 0.851926977687627
8192 0.5 0.843813387423935
8192 2 0.837728194726166
8192 8 0.795131845841785
32768 3.0517578125E-05 0.54158215010142
32768 0.0001220703125 0.68762677484787
32768 0.00048828125 0.758620689655172
32768 0.001953125 0.780933062880324
32768 0.0078125 0.827586206896552
32768 0.03125 0.862068965517241
32768 0.125 0.86815415821501
32768 0.5 0.860040567951318
32768 2 0.827586206896552
32768 8 0.78498985801217
861.077929219804 0.210224103813429 0.801217038539554
861.077929219804 0.25 0.803245436105477
861.077929219804 0.29730177875068 0.821501014198783
861.077929219804 0.353553390593274 0.835699797160243
861.077929219804 0.420448207626857 0.83367139959432
861.077929219804 0.5 0.839756592292089
861.077929219804 0.594603557501361 0.845841784989858
861.077929219804 0.707106781186548 0.837728194726166
861.077929219804 0.840896415253715 0.849898580121704
861.077929219804 1 0.851926977687627
861.077929219804 1.18920711500272 0.837728194726166
1024 0.210224103813429 0.821501014198783
1024 0.25 0.809330628803245
1024 0.29730177875068 0.81947261663286
1024 0.353553390593274 0.813387423935091
1024 0.420448207626857 0.823529411764706
1024 0.5 0.83367139959432
1024 0.594603557501361 0.835699797160243
1024 0.707106781186548 0.843813387423935
1024 0.840896415253715 0.825557809330629
1024 1 0.83367139959432
1024 1.18920711500272 0.847870182555781
1217.74808576279 0.210224103813429 0.823529411764706
1217.74808576279 0.25 0.829614604462475
1217.74808576279 0.29730177875068 0.827586206896552
1217.74808576279 0.353553390593274 0.815415821501014
1217.74808576279 0.420448207626857 0.851926977687627
1217.74808576279 0.5 0.837728194726166
1217.74808576279 0.594603557501361 0.835699797160243
1217.74808576279 0.707106781186548 0.83367139959432
1217.74808576279 0.840896415253715 0.862068965517241
1217.74808576279 1 0.851926977687627
1217.74808576279 1.18920711500272 0.851926977687627
1448.15468787005 0.210224103813429 0.815415821501014
1448.15468787005 0.25 0.83367139959432
1448.15468787005 0.29730177875068 0.83367139959432
1448.15468787005 0.353553390593274 0.835699797160243
1448.15468787005 0.420448207626857 0.83367139959432
1448.15468787005 0.5 0.845841784989858
1448.15468787005 0.594603557501361 0.847870182555781
1448.15468787005 0.707106781186548 0.858012170385396
1448.15468787005 0.840896415253715 0.829614604462475
1448.15468787005 1 0.83367139959432
1448.15468787005 1.18920711500272 0.831643002028398
1722.15585843961 0.210224103813429 0.825557809330629
1722.15585843961 0.25 0.831643002028398
1722.15585843961 0.29730177875068 0.83367139959432
1722.15585843961 0.353553390593274 0.851926977687627
1722.15585843961 0.420448207626857 0.855983772819473
1722.15585843961 0.5 0.849898580121704
1722.15585843961 0.594603557501361 0.851926977687627
1722.15585843961 0.707106781186548 0.864097363083164
1722.15585843961 0.840896415253715 0.847870182555781
1722.15585843961 1 0.845841784989858
1722.15585843961 1.18920711500272 0.841784989858012
2435.49617152557 0.210224103813429 0.835699797160243
2435.49617152557 0.25 0.83367139959432
2435.49617152557 0.29730177875068 0.855983772819473
2435.49617152557 0.353553390593274 0.841784989858012
2435.49617152557 0.420448207626857 0.847870182555781
2435.49617152557 0.5 0.855983772819473
2435.49617152557 0.594603557501361 0.837728194726166
2435.49617152557 0.707106781186548 0.85395537525355
2435.49617152557 0.840896415253715 0.847870182555781
2435.49617152557 1 0.839756592292089
2435.49617152557 1.18920711500272 0.841784989858012
2896.3093757401 0.210224103813429 0.843813387423935
2896.3093757401 0.25 0.849898580121704
2896.3093757401 0.29730177875068 0.862068965517241
2896.3093757401 0.353553390593274 0.843813387423935
2896.3093757401 0.420448207626857 0.855983772819473
2896.3093757401 0.5 0.860040567951318
2896.3093757401 0.594603557501361 0.851926977687627
2896.3093757401 0.707106781186548 0.837728194726166
2896.3093757401 0.840896415253715 0.845841784989858
2896.3093757401 1 0.831643002028398
2896.3093757401 1.18920711500272 0.849898580121704
3444.31171687921 0.210224103813429 0.858012170385396
3444.31171687921 0.25 0.85395537525355
3444.31171687921 0.29730177875068 0.851926977687627
3444.31171687921 0.353553390593274 0.864097363083164
3444.31171687921 0.420448207626857 0.858012170385396
3444.31171687921 0.5 0.862068965517241
3444.31171687921 0.594603557501361 0.849898580121704
3444.31171687921 0.707106781186548 0.870182555780933
3444.31171687921 0.840896415253715 0.837728194726166
3444.31171687921 1 0.825557809330629
3444.31171687921 1.18920711500272 0.845841784989858
4096 0.210224103813429 0.843813387423935
4096 0.25 0.841784989858012
4096 0.29730177875068 0.864097363083164
4096 0.353553390593274 0.839756592292089
4096 0.420448207626857 0.851926977687627
4096 0.5 0.85395537525355
4096 0.594603557501361 0.860040567951318
4096 0.707106781186548 0.855983772819473
4096 0.840896415253715 0.837728194726166
4096 1 0.841784989858012
4096 1.18920711500272 0.855983772819473
4870.99234305115 0.210224103813429 0.845841784989858
4870.99234305115 0.25 0.860040567951318
4870.99234305115 0.29730177875068 0.876267748478702
4870.99234305115 0.353553390593274 0.85395537525355
4870.99234305115 0.420448207626857 0.864097363083164
4870.99234305115 0.5 0.85395537525355
4870.99234305115 0.594603557501361 0.860040567951318
4870.99234305115 0.707106781186548 0.841784989858012
4870.99234305115 0.840896415253715 0.841784989858012
4870.99234305115 1 0.841784989858012
4870.99234305115 1.18920711500272 0.843813387423935
