0.03125 3.0517578125E-05 0.521957340025094
0.03125 0.0001220703125 0.521957340025094
0.03125 0.00048828125 0.521957340025094
0.03125 0.001953125 0.521957340025094
0.03125 0.0078125 0.521957340025094
0.03125 0.03125 0.521957340025094
0.03125 0.125 0.521957340025094
0.03125 0.5 0.521957340025094
0.03125 2 0.521957340025094
0.03125 8 0.521957340025094
0.125 3.0517578125E-05 0.521957340025094
0.125 0.0001220703125 0.521957340025094
0.125 0.00048828125 0.521957340025094
0.125 0.001953125 0.521957340025094
0.125 0.0078125 0.521957340025094
0.125 0.03125 0.521957340025094
0.125 0.125 0.521957340025094
0.125 0.5 0.521957340025094
0.125 2 0.521957340025094
0.125 8 0.550815558343789
0.5 3.0517578125E-05 0.521957340025094
0.5 0.0001220703125 0.521957340025094
0.5 0.00048828125 0.521957340025094
0.5 0.001953125 0.521957340025094
0.5 0.0078125 0.521957340025094
0.5 0.03125 0.521957340025094
0.5 0.125 0.521957340025094
0.5 0.5 0.525721455457967
0.5 2 0.629861982434128
0.5 8 0.658720200752823
2 3.0517578125E-05 0.521957340025094
2 0.0001220703125 0.521957340025094
2 0.00048828125 0.521957340025094
2 0.001953125 0.521957340025094
2 0.0078125 0.521957340025094
2 0.03125 0.521957340025094
2 0.125 0.529485570890841
2 0.5 0.682559598494354
2 2 0.739021329987453
2 8 0.751568381430364
8 3.0517578125E-05 0.521957340025094
8 0.0001220703125 0.521957340025094
8 0.00048828125 0.521957340025094
8 0.001953125 0.521957340025094
8 0.0078125 0.521957340025094
8 0.03125 0.52823086574655
8 0.125 0.686323713927227
8 0.5 0.760351317440402
8 2 0.794228356336261
8 8 0.782936010037641
32 3.0517578125E-05 0.521957340025094
32 0.0001220703125 0.521957340025094
32 0.00048828125 0.521957340025094
32 0.001953125 0.521957340025094
32 0.0078125 0.529485570890841
32 0.03125 0.671267252195734
32 0.125 0.77038895859473
32 0.5 0.801756587202007
32 2 0.825595984943538
32 8 0.818067754077792
128 3.0517578125E-05 0.521957340025094
128 0.0001220703125 0.521957340025094
128 0.00048828125 0.521957340025094
128 0.001953125 0.526976160602258
128 0.0078125 0.664993726474279
128 0.03125 0.767879548306148
128 0.125 0.800501882057716
128 0.5 0.824341279799247
128 2 0.833124215809285
128 8 0.838143036386449
512 3.0517578125E-05 0.521957340025094
512 0.0001220703125 0.521957340025094
512 0.00048828125 0.526976160602258
512 0.001953125 0.661229611041405
512 0.0078125 0.77038895859473
512 0.03125 0.795483061480552
512 0.125 0.829360100376412
512 0.5 0.834378920953576
512 2 0.849435382685069
512 8 0.825595984943538
2048 3.0517578125E-05 0.521957340025094
2048 0.0001220703125 0.52823086574655
2048 0.00048828125 0.661229611041405
2048 0.001953125 0.762860727728984
2048 0.0078125 0.789209535759097
2048 0.03125 0.836888331242158
2048 0.125 0.848180677540778
2048 0.5 0.856963613550816
2048 2 0.843161856963614
2048 8 0.816813048933501
8192 3.0517578125E-05 0.530740276035132
8192 0.0001220703125 0.663739021329987
8192 0.00048828125 0.769134253450439
8192 0.001953125 0.782936010037641
8192 0.0078125 0.810539523212045
8192 0.03125 0.846925972396487
8192 0.125 0.855708908406524
8192 0.5 0.867001254705144
8192 2 0.834378920953576
8192 8 0.810539523212045
32768 3.0517578125E-05 0.659974905897114
32768 0.0001220703125 0.769134253450439
32768 0.00048828125 0.785445420326223
32768 0.001953125 0.819322459222083
32768 0.0078125 0.85069008782936
32768 0.03125 0.854454203262233
32768 0.125 0.875784190715182
32768 0.5 0.863237139272271
32768 2 0.820577164366374
32768 8 0.808030112923463
13777.2468675169 0.0525560259533572 0.848180677540778
13777.2468675169 0.0625 0.848180677540778
13777.2468675169 0.0743254446876701 0.853199498117942
13777.2468675169 0.0883883476483184 0.854454203262233
13777.2468675169 0.105112051906714 0.868255959849435
13777.2468675169 0.125 0.86198243412798
13777.2468675169 0.14865088937534 0.864491844416562
13777.2468675169 0.176776695296637 0.865746549560853
13777.2468675169 0.210224103813429 0.875784190715182
13777.2468675169 0.25 0.853199498117942
13777.2468675169 0.29730177875068 0.8732747804266
16384 0.0525560259533572 0.86198243412798
16384 0.0625 0.849435382685069
16384 0.0743254446876701 0.863237139272271
16384 0.0883883476483184 0.843161856963614
16384 0.105112051906714 0.856963613550816
16384 0.125 0.864491844416562
16384 0.14865088937534 0.864491844416562
16384 0.176776695296637 0.863237139272271
16384 0.210224103813429 0.868255959849435
16384 0.25 0.870765370138018
16384 0.29730177875068 0.867001254705144
19483.9693722046 0.0525560259533572 0.851944792973651
19483.9693722046 0.0625 0.853199498117942
19483.9693722046 0.0743254446876701 0.864491844416562
19483.9693722046 0.0883883476483184 0.867001254705144
19483.9693722046 0.105112051906714 0.854454203262233
19483.9693722046 0.125 0.863237139272271
19483.9693722046 0.14865088937534 0.845671267252196
19483.9693722046 0.176776695296637 0.856963613550816
19483.9693722046 0.210224103813429 0.870765370138018
19483.9693722046 0.25 0.8732747804266
19483.9693722046 0.29730177875068 0.878293601003764
23170.4750059208 0.0525560259533572 0.851944792973651
23170.4750059208 0.0625 0.858218318695107
23170.4750059208 0.0743254446876701 0.863237139272271
23170.4750059208 0.0883883476483184 0.855708908406524
23170.4750059208 0.105112051906714 0.869510664993726
23170.4750059208 0.125 0.856963613550816
23170.4750059208 0.14865088937534 0.864491844416562
23170.4750059208 0.176776695296637 0.859473023839398
23170.4750059208 0.210224103813429 0.868255959849435
23170.4750059208 0.25 0.86198243412798
23170.4750059208 0.29730177875068 0.874529485570891
27554.4937350337 0.0525560259533572 0.86198243412798
27554.4937350337 0.0625 0.853199498117942
27554.4937350337 0.0743254446876701 0.85069008782936
27554.4937350337 0.0883883476483184 0.859473023839398
27554.4937350337 0.105112051906714 0.863237139272271
27554.4937350337 0.125 0.865746549560853
27554.4937350337 0.14865088937534 0.860727728983689
27554.4937350337 0.176776695296637 0.860727728983689
27554.4937350337 0.210224103813429 0.874529485570891
27554.4937350337 0.25 0.869510664993726
27554.4937350337 0.29730177875068 0.868255959849435
38967.9387444092 0.0525560259533572 0.86198243412798
38967.9387444092 0.0625 0.855708908406524
38967.9387444092 0.0743254446876701 0.853199498117942
38967.9387444092 0.0883883476483184 0.859473023839398
38967.9387444092 0.105112051906714 0.868255959849435
38967.9387444092 0.125 0.865746549560853
38967.9387444092 0.14865088937534 0.868255959849435
38967.9387444092 0.176776695296637 0.872020075282309
38967.9387444092 0.210224103813429 0.870765370138018
38967.9387444092 0.25 0.870765370138018
38967.9387444092 0.29730177875068 0.8732747804266
46340.9500118416 0.0525560259533572 0.858218318695107
46340.9500118416 0.0625 0.855708908406524
46340.9500118416 0.0743254446876701 0.860727728983689
46340.9500118416 0.0883883476483184 0.870765370138018
46340.9500118416 0.105112051906714 0.854454203262233
46340.9500118416 0.125 0.874529485570891
46340.9500118416 0.14865088937534 0.870765370138018
46340.9500118416 0.176776695296637 0.870765370138018
46340.9500118416 0.210224103813429 0.870765370138018
46340.9500118416 0.25 0.863237139272271
46340.9500118416 0.29730177875068 0.86198243412798
55108.9874700674 0.0525560259533572 0.849435382685069
55108.9874700674 0.0625 0.863237139272271
55108.9874700674 0.0743254446876701 0.86198243412798
55108.9874700674 0.0883883476483184 0.865746549560853
55108.9874700674 0.105112051906714 0.870765370138018
55108.9874700674 0.125 0.865746549560853
55108.9874700674 0.14865088937534 0.86198243412798
55108.9874700674 0.176776695296637 0.870765370138018
55108.9874700674 0.210224103813429 0.868255959849435
55108.9874700674 0.25 0.860727728983689
55108.9874700674 0.29730177875068 0.848180677540778
65536 0.0525560259533572 0.859473023839398
65536 0.0625 0.869510664993726
65536 0.0743254446876701 0.865746549560853
65536 0.0883883476483184 0.872020075282309
65536 0.105112051906714 0.867001254705144
65536 0.125 0.856963613550816
65536 0.14865088937534 0.867001254705144
65536 0.176776695296637 0.865746549560853
65536 0.210224103813429 0.875784190715182
65536 0.25 0.868255959849435
65536 0.29730177875068 0.86198243412798
77935.8774888183 0.0525560259533572 0.869510664993726
77935.8774888183 0.0625 0.858218318695107
77935.8774888183 0.0743254446876701 0.875784190715182
77935.8774888183 0.0883883476483184 0.86198243412798
77935.8774888183 0.105112051906714 0.875784190715182
77935.8774888183 0.125 0.875784190715182
77935.8774888183 0.14865088937534 0.872020075282309
77935.8774888183 0.176776695296637 0.856963613550816
77935.8774888183 0.210224103813429 0.863237139272271
77935.8774888183 0.25 0.869510664993726
77935.8774888183 0.29730177875068 0.859473023839398
