0.03125 3.0517578125E-05 0.461325966850829
0.03125 0.0001220703125 0.461325966850829
0.03125 0.00048828125 0.461325966850829
0.03125 0.001953125 0.461325966850829
0.03125 0.0078125 0.461325966850829
0.03125 0.03125 0.461325966850829
0.03125 0.125 0.461325966850829
0.03125 0.5 0.461325966850829
0.03125 2 0.461325966850829
0.03125 8 0.461325966850829
0.125 3.0517578125E-05 0.461325966850829
0.125 0.0001220703125 0.461325966850829
0.125 0.00048828125 0.461325966850829
0.125 0.001953125 0.461325966850829
0.125 0.0078125 0.461325966850829
0.125 0.03125 0.461325966850829
0.125 0.125 0.461325966850829
0.125 0.5 0.461325966850829
0.125 2 0.519337016574586
0.125 8 0.602209944751381
0.5 3.0517578125E-05 0.461325966850829
0.5 0.0001220703125 0.461325966850829
0.5 0.00048828125 0.461325966850829
0.5 0.001953125 0.461325966850829
0.5 0.0078125 0.461325966850829
0.5 0.03125 0.461325966850829
0.5 0.125 0.483425414364641
0.5 0.5 0.593922651933702
0.5 2 0.62707182320442
0.5 8 0.610497237569061
2 3.0517578125E-05 0.461325966850829
2 0.0001220703125 0.461325966850829
2 0.00048828125 0.461325966850829
2 0.001953125 0.461325966850829
2 0.0078125 0.461325966850829
2 0.03125 0.464088397790055
2 0.125 0.585635359116022
2 0.5 0.638121546961326
2 2 0.704419889502762
2 8 0.737569060773481
8 3.0517578125E-05 0.461325966850829
8 0.0001220703125 0.461325966850829
8 0.00048828125 0.461325966850829
8 0.001953125 0.461325966850829
8 0.0078125 0.475138121546961
8 0.03125 0.56353591160221
8 0.125 0.660220994475138
8 0.5 0.696132596685083
8 2 0.740331491712707
8 8 0.803867403314917
32 3.0517578125E-05 0.461325966850829
32 0.0001220703125 0.461325966850829
32 0.00048828125 0.461325966850829
32 0.001953125 0.472375690607735
32 0.0078125 0.585635359116022
32 0.03125 0.69060773480663
32 0.125 0.709944751381215
32 0.5 0.723756906077348
32 2 0.770718232044199
32 8 0.825966850828729
128 3.0517578125E-05 0.461325966850829
128 0.0001220703125 0.461325966850829
128 0.00048828125 0.466850828729282
128 0.001953125 0.591160220994475
128 0.0078125 0.68232044198895
128 0.03125 0.69060773480663
128 0.125 0.748618784530387
128 0.5 0.776243093922652
128 2 0.820441988950276
128 8 0.803867403314917
512 3.0517578125E-05 0.461325966850829
512 0.0001220703125 0.477900552486188
512 0.00048828125 0.588397790055249
512 0.001953125 0.657458563535912
512 0.0078125 0.709944751381215
512 0.03125 0.751381215469613
512 0.125 0.762430939226519
512 0.5 0.781767955801105
512 2 0.80939226519337
512 8 0.784530386740331
2048 3.0517578125E-05 0.483425414364641
2048 0.0001220703125 0.596685082872928
2048 0.00048828125 0.69060773480663
2048 0.001953125 0.723756906077348
2048 0.0078125 0.751381215469613
2048 0.03125 0.767955801104972
2048 0.125 0.790055248618785
2048 0.5 0.792817679558011
2048 2 0.798342541436464
2048 8 0.759668508287293
8192 3.0517578125E-05 0.577348066298343
8192 0.0001220703125 0.665745856353591
8192 0.00048828125 0.726519337016575
8192 0.001953125 0.734806629834254
8192 0.0078125 0.759668508287293
8192 0.03125 0.776243093922652
8192 0.125 0.792817679558011
8192 0.5 0.823204419889503
8192 2 0.806629834254144
8192 8 0.770718232044199
32768 3.0517578125E-05 0.660220994475138
32768 0.0001220703125 0.726519337016575
32768 0.00048828125 0.715469613259669
32768 0.001953125 0.740331491712707
32768 0.0078125 0.762430939226519
32768 0.03125 0.814917127071823
32768 0.125 0.801104972375691
32768 0.5 0.831491712707182
32768 2 0.792817679558011
32768 8 0.787292817679558
13777.2468675169 0.210224103813429 0.81767955801105
13777.2468675169 0.25 0.80939226519337
13777.2468675169 0.29730177875068 0.795580110497238
13777.2468675169 0.353553390593274 0.803867403314917
13777.2468675169 0.420448207626857 0.81767955801105
13777.2468675169 0.5 0.834254143646409
13777.2468675169 0.594603557501361 0.814917127071823
13777.2468675169 0.707106781186548 0.834254143646409
13777.2468675169 0.840896415253715 0.820441988950276
13777.2468675169 1 0.792817679558011
13777.2468675169 1.18920711500272 0.80939226519337
16384 0.210224103813429 0.81767955801105
16384 0.25 0.831491712707182
16384 0.29730177875068 0.814917127071823
16384 0.353553390593274 0.806629834254144
16384 0.420448207626857 0.81767955801105
16384 0.5 0.812154696132597
16384 0.594603557501361 0.81767955801105
16384 0.707106781186548 0.812154696132597
16384 0.840896415253715 0.790055248618785
16384 1 0.823204419889503
16384 1.18920711500272 0.820441988950276
19483.9693722046 0.210224103813429 0.81767955801105
19483.9693722046 0.25 0.828729281767956
19483.9693722046 0.29730177875068 0.837016574585635
19483.9693722046 0.353553390593274 0.812154696132597
19483.9693722046 0.420448207626857 0.839779005524862
19483.9693722046 0.5 0.798342541436464
19483.9693722046 0.594603557501361 0.839779005524862
19483.9693722046 0.707106781186548 0.81767955801105
19483.9693722046 0.840896415253715 0.820441988950276
19483.9693722046 1 0.806629834254144
19483.9693722046 1.18920711500272 0.831491712707182
23170.4750059208 0.210224103813429 0.828729281767956
23170.4750059208 0.25 0.825966850828729
23170.4750059208 0.29730177875068 0.814917127071823
23170.4750059208 0.353553390593274 0.795580110497238
23170.4750059208 0.420448207626857 0.814917127071823
23170.4750059208 0.5 0.801104972375691
23170.4750059208 0.594603557501361 0.81767955801105
23170.4750059208 0.707106781186548 0.845303867403315
23170.4750059208 0.840896415253715 0.820441988950276
23170.4750059208 1 0.823204419889503
23170.4750059208 1.18920711500272 0.831491712707182
27554.4937350337 0.210224103813429 0.806629834254144
27554.4937350337 0.25 0.825966850828729
27554.4937350337 0.29730177875068 0.81767955801105
27554.4937350337 0.353553390593274 0.828729281767956
27554.4937350337 0.420448207626857 0.823204419889503
27554.4937350337 0.5 0.853591160220994
27554.4937350337 0.594603557501361 0.823204419889503
27554.4937350337 0.707106781186548 0.801104972375691
27554.4937350337 0.840896415253715 0.80939226519337
27554.4937350337 1 0.784530386740331
27554.4937350337 1.18920711500272 0.795580110497238
38967.9387444092 0.210224103813429 0.825966850828729
38967.9387444092 0.25 0.823204419889503
38967.9387444092 0.29730177875068 0.845303867403315
38967.9387444092 0.353553390593274 0.792817679558011
38967.9387444092 0.420448207626857 0.80939226519337
38967.9387444092 0.5 0.823204419889503
38967.9387444092 0.594603557501361 0.814917127071823
38967.9387444092 0.707106781186548 0.803867403314917
38967.9387444092 0.840896415253715 0.825966850828729
38967.9387444092 1 0.795580110497238
38967.9387444092 1.18920711500272 0.812154696132597
46340.9500118416 0.210224103813429 0.81767955801105
46340.9500118416 0.25 0.823204419889503
46340.9500118416 0.29730177875068 0.845303867403315
46340.9500118416 0.353553390593274 0.839779005524862
46340.9500118416 0.420448207626857 0.806629834254144
46340.9500118416 0.5 0.814917127071823
46340.9500118416 0.594603557501361 0.814917127071823
46340.9500118416 0.707106781186548 0.812154696132597
46340.9500118416 0.840896415253715 0.787292817679558
46340.9500118416 1 0.798342541436464
46340.9500118416 1.18920711500272 0.784530386740331
55108.9874700674 0.210224103813429 0.828729281767956
55108.9874700674 0.25 0.820441988950276
55108.9874700674 0.29730177875068 0.806629834254144
55108.9874700674 0.353553390593274 0.831491712707182
55108.9874700674 0.420448207626857 0.825966850828729
55108.9874700674 0.5 0.812154696132597
55108.9874700674 0.594603557501361 0.812154696132597
55108.9874700674 0.707106781186548 0.814917127071823
55108.9874700674 0.840896415253715 0.814917127071823
55108.9874700674 1 0.787292817679558
55108.9874700674 1.18920711500272 0.795580110497238
65536 0.210224103813429 0.842541436464088
65536 0.25 0.834254143646409
65536 0.29730177875068 0.850828729281768
65536 0.353553390593274 0.80939226519337
65536 0.420448207626857 0.845303867403315
65536 0.5 0.814917127071823
65536 0.594603557501361 0.779005524861878
65536 0.707106781186548 0.81767955801105
65536 0.840896415253715 0.812154696132597
65536 1 0.787292817679558
65536 1.18920711500272 0.781767955801105
77935.8774888183 0.210224103813429 0.806629834254144
77935.8774888183 0.25 0.795580110497238
77935.8774888183 0.29730177875068 0.859116022099447
77935.8774888183 0.353553390593274 0.81767955801105
77935.8774888183 0.420448207626857 0.803867403314917
77935.8774888183 0.5 0.812154696132597
77935.8774888183 0.594603557501361 0.803867403314917
77935.8774888183 0.707106781186548 0.806629834254144
77935.8774888183 0.840896415253715 0.765193370165746
77935.8774888183 1 0.773480662983425
77935.8774888183 1.18920711500272 0.806629834254144
