0.03125 3.0517578125E-05 0.585858585858586
0.03125 0.0001220703125 0.585858585858586
0.03125 0.00048828125 0.585858585858586
0.03125 0.001953125 0.585858585858586
0.03125 0.0078125 0.585858585858586
0.03125 0.03125 0.585858585858586
0.03125 0.125 0.585858585858586
0.03125 0.5 0.585858585858586
0.03125 2 0.585858585858586
0.03125 8 0.585858585858586
0.125 3.0517578125E-05 0.585858585858586
0.125 0.0001220703125 0.585858585858586
0.125 0.00048828125 0.585858585858586
0.125 0.001953125 0.585858585858586
0.125 0.0078125 0.585858585858586
0.125 0.03125 0.585858585858586
0.125 0.125 0.585858585858586
0.125 0.5 0.585858585858586
0.125 2 0.585858585858586
0.125 8 0.669191919191919
0.5 3.0517578125E-05 0.585858585858586
0.5 0.0001220703125 0.585858585858586
0.5 0.00048828125 0.585858585858586
0.5 0.001953125 0.585858585858586
0.5 0.0078125 0.585858585858586
0.5 0.03125 0.585858585858586
0.5 0.125 0.585858585858586
0.5 0.5 0.588383838383838
0.5 2 0.722222222222222
0.5 8 0.732323232323232
2 3.0517578125E-05 0.585858585858586
2 0.0001220703125 0.585858585858586
2 0.00048828125 0.585858585858586
2 0.001953125 0.585858585858586
2 0.0078125 0.585858585858586
2 0.03125 0.585858585858586
2 0.125 0.585858585858586
2 0.5 0.734848484848485
2 2 0.762626262626263
2 8 0.747474747474748
8 3.0517578125E-05 0.585858585858586
8 0.0001220703125 0.585858585858586
8 0.00048828125 0.585858585858586
8 0.001953125 0.585858585858586
8 0.0078125 0.585858585858586
8 0.03125 0.588383838383838
8 0.125 0.727272727272727
8 0.5 0.765151515151515
8 2 0.76010101010101
8 8 0.772727272727273
32 3.0517578125E-05 0.585858585858586
32 0.0001220703125 0.585858585858586
32 0.00048828125 0.585858585858586
32 0.001953125 0.585858585858586
32 0.0078125 0.590909090909091
32 0.03125 0.72979797979798
32 0.125 0.75
32 0.5 0.757575757575758
32 2 0.777777777777778
32 8 0.810606060606061
128 3.0517578125E-05 0.585858585858586
128 0.0001220703125 0.585858585858586
128 0.00048828125 0.585858585858586
128 0.001953125 0.585858585858586
128 0.0078125 0.734848484848485
128 0.03125 0.75
128 0.125 0.752525252525252
128 0.5 0.77020202020202
128 2 0.825757575757576
128 8 0.828282828282828
512 3.0517578125E-05 0.585858585858586
512 0.0001220703125 0.585858585858586
512 0.00048828125 0.590909090909091
512 0.001953125 0.727272727272727
512 0.0078125 0.75
512 0.03125 0.757575757575758
512 0.125 0.767676767676768
512 0.5 0.813131313131313
512 2 0.843434343434343
512 8 0.838383838383838
2048 3.0517578125E-05 0.585858585858586
2048 0.0001220703125 0.590909090909091
2048 0.00048828125 0.727272727272727
2048 0.001953125 0.757575757575758
2048 0.0078125 0.755050505050505
2048 0.03125 0.75
2048 0.125 0.797979797979798
2048 0.5 0.835858585858586
2048 2 0.858585858585859
2048 8 0.838383838383838
8192 3.0517578125E-05 0.588383838383838
8192 0.0001220703125 0.734848484848485
8192 0.00048828125 0.752525252525252
8192 0.001953125 0.747474747474748
8192 0.0078125 0.752525252525252
8192 0.03125 0.803030303030303
8192 0.125 0.840909090909091
8192 0.5 0.853535353535353
8192 2 0.853535353535353
8192 8 0.795454545454545
32768 3.0517578125E-05 0.734848484848485
32768 0.0001220703125 0.75
32768 0.00048828125 0.747474747474748
32768 0.001953125 0.76010101010101
32768 0.0078125 0.792929292929293
32768 0.03125 0.840909090909091
32768 0.125 0.851010101010101
32768 0.5 0.830808080808081
32768 2 0.840909090909091
32768 8 0.803030303030303
861.077929219804 0.840896415253715 0.843434343434343
861.077929219804 1 0.840909090909091
861.077929219804 1.18920711500272 0.835858585858586
861.077929219804 1.4142135623731 0.835858585858586
861.077929219804 1.68179283050743 0.838383838383838
861.077929219804 2 0.845959595959596
861.077929219804 2.37841423000544 0.866161616161616
861.077929219804 2.82842712474619 0.871212121212121
861.077929219804 3.36358566101486 0.833333333333333
861.077929219804 4 0.845959595959596
861.077929219804 4.75682846001088 0.843434343434343
1024 0.840896415253715 0.848484848484849
1024 1 0.835858585858586
1024 1.18920711500272 0.851010101010101
1024 1.4142135623731 0.840909090909091
1024 1.68179283050743 0.840909090909091
1024 2 0.843434343434343
1024 2.37841423000544 0.838383838383838
1024 2.82842712474619 0.813131313131313
1024 3.36358566101486 0.833333333333333
1024 4 0.871212121212121
1024 4.75682846001088 0.853535353535353
1217.74808576279 0.840896415253715 0.853535353535353
1217.74808576279 1 0.825757575757576
1217.74808576279 1.18920711500272 0.838383838383838
1217.74808576279 1.4142135623731 0.828282828282828
1217.74808576279 1.68179283050743 0.838383838383838
1217.74808576279 2 0.835858585858586
1217.74808576279 2.37841423000544 0.863636363636364
1217.74808576279 2.82842712474619 0.845959595959596
1217.74808576279 3.36358566101486 0.853535353535353
1217.74808576279 4 0.851010101010101
1217.74808576279 4.75682846001088 0.845959595959596
1448.15468787005 0.840896415253715 0.830808080808081
1448.15468787005 1 0.838383838383838
1448.15468787005 1.18920711500272 0.840909090909091
1448.15468787005 1.4142135623731 0.853535353535353
1448.15468787005 1.68179283050743 0.840909090909091
1448.15468787005 2 0.858585858585859
1448.15468787005 2.37841423000544 0.815656565656566
1448.15468787005 2.82842712474619 0.843434343434343
1448.15468787005 3.36358566101486 0.830808080808081
1448.15468787005 4 0.808080808080808
1448.15468787005 4.75682846001088 0.853535353535353
1722.15585843961 0.840896415253715 0.838383838383838
1722.15585843961 1 0.830808080808081
1722.15585843961 1.18920711500272 0.843434343434343
1722.15585843961 1.4142135623731 0.843434343434343
1722.15585843961 1.68179283050743 0.833333333333333
1722.15585843961 2 0.863636363636364
1722.15585843961 2.37841423000544 0.828282828282828
1722.15585843961 2.82842712474619 0.851010101010101
1722.15585843961 3.36358566101486 0.871212121212121
1722.15585843961 4 0.843434343434343
1722.15585843961 4.75682846001088 0.833333333333333
2435.49617152557 0.840896415253715 0.840909090909091
2435.49617152557 1 0.835858585858586
2435.49617152557 1.18920711500272 0.853535353535353
2435.49617152557 1.4142135623731 0.845959595959596
2435.49617152557 1.68179283050743 0.840909090909091
2435.49617152557 2 0.848484848484849
2435.49617152557 2.37841423000544 0.861111111111111
2435.49617152557 2.82842712474619 0.853535353535353
2435.49617152557 3.36358566101486 0.848484848484849
2435.49617152557 4 0.848484848484849
2435.49617152557 4.75682846001088 0.838383838383838
2896.3093757401 0.840896415253715 0.848484848484849
2896.3093757401 1 0.845959595959596
2896.3093757401 1.18920711500272 0.838383838383838
2896.3093757401 1.4142135623731 0.856060606060606
2896.3093757401 1.68179283050743 0.861111111111111
2896.3093757401 2 0.845959595959596
2896.3093757401 2.37841423000544 0.848484848484849
2896.3093757401 2.82842712474619 0.840909090909091
2896.3093757401 3.36358566101486 0.853535353535353
2896.3093757401 4 0.830808080808081
2896.3093757401 4.75682846001088 0.835858585858586
3444.31171687921 0.840896415253715 0.843434343434343
3444.31171687921 1 0.830808080808081
3444.31171687921 1.18920711500272 0.845959595959596
3444.31171687921 1.4142135623731 0.848484848484849
3444.31171687921 1.68179283050743 0.858585858585859
3444.31171687921 2 0.851010101010101
3444.31171687921 2.37841423000544 0.856060606060606
3444.31171687921 2.82842712474619 0.866161616161616
3444.31171687921 3.36358566101486 0.838383838383838
3444.31171687921 4 0.858585858585859
3444.31171687921 4.75682846001088 0.825757575757576
4096 0.840896415253715 0.843434343434343
4096 1 0.853535353535353
4096 1.18920711500272 0.830808080808081
4096 1.4142135623731 0.861111111111111
4096 1.68179283050743 0.853535353535353
4096 2 0.840909090909091
4096 2.37841423000544 0.843434343434343
4096 2.82842712474619 0.838383838383838
4096 3.36358566101486 0.838383838383838
4096 4 0.830808080808081
4096 4.75682846001088 0.861111111111111
4870.99234305115 0.840896415253715 0.830808080808081
4870.99234305115 1 0.828282828282828
4870.99234305115 1.18920711500272 0.833333333333333
4870.99234305115 1.4142135623731 0.853535353535353
4870.99234305115 1.68179283050743 0.838383838383838
4870.99234305115 2 0.843434343434343
4870.99234305115 2.37841423000544 0.840909090909091
4870.99234305115 2.82842712474619 0.845959595959596
4870.99234305115 3.36358566101486 0.851010101010101
4870.99234305115 4 0.863636363636364
4870.99234305115 4.75682846001088 0.843434343434343
