0.03125 3.0517578125E-05 0.66728624535316
0.03125 0.0001220703125 0.661710037174721
0.03125 0.00048828125 0.663568773234201
0.03125 0.001953125 0.66542750929368
0.03125 0.0078125 0.663568773234201
0.03125 0.03125 0.66542750929368
0.03125 0.125 0.669144981412639
0.03125 0.5 0.661710037174721
0.03125 2 0.657992565055762
0.03125 8 0.671003717472119
0.125 3.0517578125E-05 0.663568773234201
0.125 0.0001220703125 0.663568773234201
0.125 0.00048828125 0.66542750929368
0.125 0.001953125 0.66542750929368
0.125 0.0078125 0.66542750929368
0.125 0.03125 0.661710037174721
0.125 0.125 0.661710037174721
0.125 0.5 0.663568773234201
0.125 2 0.656133828996282
0.125 8 0.669144981412639
0.5 3.0517578125E-05 0.66542750929368
0.5 0.0001220703125 0.669144981412639
0.5 0.00048828125 0.66542750929368
0.5 0.001953125 0.663568773234201
0.5 0.0078125 0.663568773234201
0.5 0.03125 0.659851301115242
0.5 0.125 0.659851301115242
0.5 0.5 0.663568773234201
0.5 2 0.66728624535316
0.5 8 0.672862453531598
2 3.0517578125E-05 0.663568773234201
2 0.0001220703125 0.663568773234201
2 0.00048828125 0.66728624535316
2 0.001953125 0.66728624535316
2 0.0078125 0.661710037174721
2 0.03125 0.663568773234201
2 0.125 0.659851301115242
2 0.5 0.674721189591078
2 2 0.676579925650558
2 8 0.732342007434944
8 3.0517578125E-05 0.66728624535316
8 0.0001220703125 0.66728624535316
8 0.00048828125 0.66542750929368
8 0.001953125 0.661710037174721
8 0.0078125 0.657992565055762
8 0.03125 0.663568773234201
8 0.125 0.663568773234201
8 0.5 0.685873605947955
8 2 0.70817843866171
8 8 0.745353159851301
32 3.0517578125E-05 0.669144981412639
32 0.0001220703125 0.669144981412639
32 0.00048828125 0.661710037174721
32 0.001953125 0.661710037174721
32 0.0078125 0.66542750929368
32 0.03125 0.66728624535316
32 0.125 0.700743494423792
32 0.5 0.713754646840149
32 2 0.752788104089219
32 8 0.776951672862453
128 3.0517578125E-05 0.663568773234201
128 0.0001220703125 0.661710037174721
128 0.00048828125 0.663568773234201
128 0.001953125 0.663568773234201
128 0.0078125 0.678438661710037
128 0.03125 0.697026022304833
128 0.125 0.724907063197026
128 0.5 0.760223048327138
128 2 0.788104089219331
128 8 0.814126394052045
512 3.0517578125E-05 0.66542750929368
512 0.0001220703125 0.661710037174721
512 0.00048828125 0.663568773234201
512 0.001953125 0.657992565055762
512 0.0078125 0.704460966542751
512 0.03125 0.717472118959108
512 0.125 0.74907063197026
512 0.5 0.782527881040892
512 2 0.817843866171004
512 8 0.786245353159851
2048 3.0517578125E-05 0.661710037174721
2048 0.0001220703125 0.663568773234201
2048 0.00048828125 0.669144981412639
2048 0.001953125 0.695167286245353
2048 0.0078125 0.719330855018587
2048 0.03125 0.758364312267658
2048 0.125 0.776951672862453
2048 0.5 0.810408921933085
2048 2 0.849442379182156
2048 8 0.804832713754647
8192 3.0517578125E-05 0.66728624535316
8192 0.0001220703125 0.66542750929368
8192 0.00048828125 0.697026022304833
8192 0.001953125 0.721189591078067
8192 0.0078125 0.752788104089219
8192 0.03125 0.769516728624535
8192 0.125 0.812267657992565
8192 0.5 0.823420074349442
8192 2 0.855018587360595
8192 8 0.793680297397769
32768 3.0517578125E-05 0.663568773234201
32768 0.0001220703125 0.698884758364312
32768 0.00048828125 0.723048327137547
32768 0.001953125 0.752788104089219
32768 0.0078125 0.775092936802974
32768 0.03125 0.762081784386617
32768 0.125 0.815985130111524
32768 0.5 0.838289962825279
32768 2 0.812267657992565
32768 8 0.773234200743494
3444.31171687921 0.840896415253715 0.823420074349442
3444.31171687921 1 0.838289962825279
3444.31171687921 1.18920711500272 0.830855018587361
3444.31171687921 1.4142135623731 0.830855018587361
3444.31171687921 1.68179283050743 0.83271375464684
3444.31171687921 2 0.849442379182156
3444.31171687921 2.37841423000544 0.840148698884758
3444.31171687921 2.82842712474619 0.845724907063197
3444.31171687921 3.36358566101486 0.836431226765799
3444.31171687921 4 0.819702602230483
3444.31171687921 4.75682846001088 0.823420074349442
4096 0.840896415253715 0.827137546468402
4096 1 0.83457249070632
4096 1.18920711500272 0.825278810408922
4096 1.4142135623731 0.851301115241636
4096 1.68179283050743 0.842007434944238
4096 2 0.842007434944238
4096 2.37841423000544 0.838289962825279
4096 2.82842712474619 0.827137546468402
4096 3.36358566101486 0.828996282527881
4096 4 0.817843866171004
4096 4.75682846001088 0.806691449814126
4870.99234305115 0.840896415253715 0.828996282527881
4870.99234305115 1 0.840148698884758
4870.99234305115 1.18920711500272 0.853159851301115
4870.99234305115 1.4142135623731 0.83457249070632
4870.99234305115 1.68179283050743 0.843866171003718
4870.99234305115 2 0.83457249070632
4870.99234305115 2.37841423000544 0.845724907063197
4870.99234305115 2.82842712474619 0.853159851301115
4870.99234305115 3.36358566101486 0.817843866171004
4870.99234305115 4 0.806691449814126
4870.99234305115 4.75682846001088 0.78996282527881
5792.6187514802 0.840896415253715 0.823420074349442
5792.6187514802 1 0.825278810408922
5792.6187514802 1.18920711500272 0.823420074349442
5792.6187514802 1.4142135623731 0.847583643122677
5792.6187514802 1.68179283050743 0.836431226765799
5792.6187514802 2 0.866171003717472
5792.6187514802 2.37841423000544 0.842007434944238
5792.6187514802 2.82842712474619 0.819702602230483
5792.6187514802 3.36358566101486 0.827137546468402
5792.6187514802 4 0.821561338289963
5792.6187514802 4.75682846001088 0.819702602230483
6888.62343375843 0.840896415253715 0.828996282527881
6888.62343375843 1 0.828996282527881
6888.62343375843 1.18920711500272 0.828996282527881
6888.62343375843 1.4142135623731 0.858736059479554
6888.62343375843 1.68179283050743 0.845724907063197
6888.62343375843 2 0.83271375464684
6888.62343375843 2.37841423000544 0.840148698884758
6888.62343375843 2.82842712474619 0.830855018587361
6888.62343375843 3.36358566101486 0.810408921933085
6888.62343375843 4 0.78996282527881
6888.62343375843 4.75682846001088 0.793680297397769
9741.98468610229 0.840896415253715 0.840148698884758
9741.98468610229 1 0.847583643122677
9741.98468610229 1.18920711500272 0.83457249070632
9741.98468610229 1.4142135623731 0.862453531598513
9741.98468610229 1.68179283050743 0.836431226765799
9741.98468610229 2 0.847583643122677
9741.98468610229 2.37841423000544 0.849442379182156
9741.98468610229 2.82842712474619 0.819702602230483
9741.98468610229 3.36358566101486 0.821561338289963
9741.98468610229 4 0.83271375464684
9741.98468610229 4.75682846001088 0.804832713754647
11585.2375029604 0.840896415253715 0.856877323420074
11585.2375029604 1 0.836431226765799
11585.2375029604 1.18920711500272 0.853159851301115
11585.2375029604 1.4142135623731 0.840148698884758
11585.2375029604 1.68179283050743 0.827137546468402
11585.2375029604 2 0.836431226765799
11585.2375029604 2.37841423000544 0.815985130111524
11585.2375029604 2.82842712474619 0.817843866171004
11585.2375029604 3.36358566101486 0.806691449814126
11585.2375029604 4 0.788104089219331
11585.2375029604 4.75682846001088 0.801115241635688
13777.2468675169 0.840896415253715 0.855018587360595
13777.2468675169 1 0.842007434944238
13777.2468675169 1.18920711500272 0.851301115241636
13777.2468675169 1.4142135623731 0.825278810408922
13777.2468675169 1.68179283050743 0.830855018587361
13777.2468675169 2 0.830855018587361
13777.2468675169 2.37841423000544 0.828996282527881
13777.2468675169 2.82842712474619 0.817843866171004
13777.2468675169 3.36358566101486 0.801115241635688
13777.2468675169 4 0.812267657992565
13777.2468675169 4.75682846001088 0.815985130111524
16384 0.840896415253715 0.842007434944238
16384 1 0.845724907063197
16384 1.18920711500272 0.845724907063197
16384 1.4142135623731 0.845724907063197
16384 1.68179283050743 0.840148698884758
16384 2 0.843866171003718
16384 2.37841423000544 0.847583643122677
16384 2.82842712474619 0.825278810408922
16384 3.36358566101486 0.808550185873606
16384 4 0.788104089219331
16384 4.75682846001088 0.801115241635688
19483.9693722046 0.840896415253715 0.845724907063197
19483.9693722046 1 0.855018587360595
19483.9693722046 1.18920711500272 0.860594795539034
19483.9693722046 1.4142135623731 0.823420074349442
19483.9693722046 1.68179283050743 0.815985130111524
19483.9693722046 2 0.83271375464684
19483.9693722046 2.37841423000544 0.810408921933085
19483.9693722046 2.82842712474619 0.817843866171004
19483.9693722046 3.36358566101486 0.808550185873606
19483.9693722046 4 0.812267657992565
19483.9693722046 4.75682846001088 0.767657992565056
