0.03125 3.0517578125E-05 0.552795031055901
0.03125 0.0001220703125 0.552795031055901
0.03125 0.00048828125 0.552795031055901
0.03125 0.001953125 0.552795031055901
0.03125 0.0078125 0.552795031055901
0.03125 0.03125 0.552795031055901
0.03125 0.125 0.552795031055901
0.03125 0.5 0.552795031055901
0.03125 2 0.552795031055901
0.03125 8 0.552795031055901
0.125 3.0517578125E-05 0.552795031055901
0.125 0.0001220703125 0.552795031055901
0.125 0.00048828125 0.552795031055901
0.125 0.001953125 0.552795031055901
0.125 0.0078125 0.552795031055901
0.125 0.03125 0.552795031055901
0.125 0.125 0.552795031055901
0.125 0.5 0.574534161490683
0.125 2 0.599378881987578
0.125 8 0.596273291925466
0.5 3.0517578125E-05 0.552795031055901
0.5 0.0001220703125 0.552795031055901
0.5 0.00048828125 0.552795031055901
0.5 0.001953125 0.552795031055901
0.5 0.0078125 0.552795031055901
0.5 0.03125 0.552795031055901
0.5 0.125 0.577639751552795
0.5 0.5 0.62111801242236
0.5 2 0.596273291925466
0.5 8 0.630434782608696
2 3.0517578125E-05 0.552795031055901
2 0.0001220703125 0.552795031055901
2 0.00048828125 0.552795031055901
2 0.001953125 0.552795031055901
2 0.0078125 0.552795031055901
2 0.03125 0.543478260869565
2 0.125 0.62111801242236
2 0.5 0.608695652173913
2 2 0.630434782608696
2 8 0.645962732919255
8 3.0517578125E-05 0.552795031055901
8 0.0001220703125 0.552795031055901
8 0.00048828125 0.552795031055901
8 0.001953125 0.552795031055901
8 0.0078125 0.608695652173913
8 0.03125 0.62111801242236
8 0.125 0.599378881987578
8 0.5 0.642857142857143
8 2 0.639751552795031
8 8 0.673913043478261
32 3.0517578125E-05 0.552795031055901
32 0.0001220703125 0.552795031055901
32 0.00048828125 0.552795031055901
32 0.001953125 0.546583850931677
32 0.0078125 0.62111801242236
32 0.03125 0.62111801242236
32 0.125 0.642857142857143
32 0.5 0.645962732919255
32 2 0.677018633540373
32 8 0.683229813664596
128 3.0517578125E-05 0.552795031055901
128 0.0001220703125 0.552795031055901
128 0.00048828125 0.565217391304348
128 0.001953125 0.62111801242236
128 0.0078125 0.62111801242236
128 0.03125 0.630434782608696
128 0.125 0.633540372670807
128 0.5 0.661490683229814
128 2 0.686335403726708
128 8 0.754658385093168
512 3.0517578125E-05 0.552795031055901
512 0.0001220703125 0.590062111801242
512 0.00048828125 0.618012422360248
512 0.001953125 0.614906832298137
512 0.0078125 0.636645962732919
512 0.03125 0.673913043478261
512 0.125 0.645962732919255
512 0.5 0.686335403726708
512 2 0.717391304347826
512 8 0.695652173913043
2048 3.0517578125E-05 0.602484472049689
2048 0.0001220703125 0.62111801242236
2048 0.00048828125 0.62111801242236
2048 0.001953125 0.652173913043478
2048 0.0078125 0.670807453416149
2048 0.03125 0.683229813664596
2048 0.125 0.68944099378882
2048 0.5 0.726708074534162
2048 2 0.760869565217391
2048 8 0.704968944099379
8192 3.0517578125E-05 0.62111801242236
8192 0.0001220703125 0.614906832298137
8192 0.00048828125 0.639751552795031
8192 0.001953125 0.652173913043478
8192 0.0078125 0.673913043478261
8192 0.03125 0.711180124223602
8192 0.125 0.729813664596273
8192 0.5 0.785714285714286
8192 2 0.791925465838509
8192 8 0.72360248447205
32768 3.0517578125E-05 0.62111801242236
32768 0.0001220703125 0.630434782608696
32768 0.00048828125 0.661490683229814
32768 0.001953125 0.677018633540373
32768 0.0078125 0.704968944099379
32768 0.03125 0.695652173913043
32768 0.125 0.77639751552795
32768 0.5 0.804347826086957
32768 2 0.745341614906832
32768 8 0.729813664596273
13777.2468675169 0.210224103813429 0.757763975155279
13777.2468675169 0.25 0.782608695652174
13777.2468675169 0.29730177875068 0.795031055900621
13777.2468675169 0.353553390593274 0.785714285714286
13777.2468675169 0.420448207626857 0.785714285714286
13777.2468675169 0.5 0.804347826086957
13777.2468675169 0.594603557501361 0.791925465838509
13777.2468675169 0.707106781186548 0.788819875776398
13777.2468675169 0.840896415253715 0.801242236024845
13777.2468675169 1 0.751552795031056
13777.2468675169 1.18920711500272 0.779503105590062
16384 0.210224103813429 0.785714285714286
16384 0.25 0.798136645962733
16384 0.29730177875068 0.782608695652174
16384 0.353553390593274 0.81055900621118
16384 0.420448207626857 0.760869565217391
16384 0.5 0.77639751552795
16384 0.594603557501361 0.801242236024845
16384 0.707106781186548 0.801242236024845
16384 0.840896415253715 0.785714285714286
16384 1 0.77639751552795
16384 1.18920711500272 0.782608695652174
19483.9693722046 0.210224103813429 0.754658385093168
19483.9693722046 0.25 0.795031055900621
19483.9693722046 0.29730177875068 0.77639751552795
19483.9693722046 0.353553390593274 0.81055900621118
19483.9693722046 0.420448207626857 0.807453416149068
19483.9693722046 0.5 0.773291925465838
19483.9693722046 0.594603557501361 0.748447204968944
19483.9693722046 0.707106781186548 0.770186335403727
19483.9693722046 0.840896415253715 0.785714285714286
19483.9693722046 1 0.773291925465838
19483.9693722046 1.18920711500272 0.760869565217391
23170.4750059208 0.210224103813429 0.801242236024845
23170.4750059208 0.25 0.773291925465838
23170.4750059208 0.29730177875068 0.785714285714286
23170.4750059208 0.353553390593274 0.804347826086957
23170.4750059208 0.420448207626857 0.801242236024845
23170.4750059208 0.5 0.804347826086957
23170.4750059208 0.594603557501361 0.81055900621118
23170.4750059208 0.707106781186548 0.779503105590062
23170.4750059208 0.840896415253715 0.77639751552795
23170.4750059208 1 0.748447204968944
23170.4750059208 1.18920711500272 0.773291925465838
27554.4937350337 0.210224103813429 0.798136645962733
27554.4937350337 0.25 0.754658385093168
27554.4937350337 0.29730177875068 0.785714285714286
27554.4937350337 0.353553390593274 0.770186335403727
27554.4937350337 0.420448207626857 0.807453416149068
27554.4937350337 0.5 0.795031055900621
27554.4937350337 0.594603557501361 0.798136645962733
27554.4937350337 0.707106781186548 0.798136645962733
27554.4937350337 0.840896415253715 0.782608695652174
27554.4937350337 1 0.788819875776398
27554.4937350337 1.18920711500272 0.757763975155279
38967.9387444092 0.210224103813429 0.795031055900621
38967.9387444092 0.25 0.795031055900621
38967.9387444092 0.29730177875068 0.807453416149068
38967.9387444092 0.353553390593274 0.77639751552795
38967.9387444092 0.420448207626857 0.798136645962733
38967.9387444092 0.5 0.779503105590062
38967.9387444092 0.594603557501361 0.795031055900621
38967.9387444092 0.707106781186548 0.763975155279503
38967.9387444092 0.840896415253715 0.760869565217391
38967.9387444092 1 0.745341614906832
38967.9387444092 1.18920711500272 0.760869565217391
46340.9500118416 0.210224103813429 0.813664596273292
46340.9500118416 0.25 0.81055900621118
46340.9500118416 0.29730177875068 0.795031055900621
46340.9500118416 0.353553390593274 0.804347826086957
46340.9500118416 0.420448207626857 0.773291925465838
46340.9500118416 0.5 0.795031055900621
46340.9500118416 0.594603557501361 0.767080745341615
46340.9500118416 0.707106781186548 0.770186335403727
46340.9500118416 0.840896415253715 0.754658385093168
46340.9500118416 1 0.770186335403727
46340.9500118416 1.18920711500272 0.779503105590062
55108.9874700674 0.210224103813429 0.801242236024845
55108.9874700674 0.25 0.791925465838509
55108.9874700674 0.29730177875068 0.785714285714286
55108.9874700674 0.353553390593274 0.813664596273292
55108.9874700674 0.420448207626857 0.791925465838509
55108.9874700674 0.5 0.785714285714286
55108.9874700674 0.594603557501361 0.748447204968944
55108.9874700674 0.707106781186548 0.773291925465838
55108.9874700674 0.840896415253715 0.804347826086957
55108.9874700674 1 0.779503105590062
55108.9874700674 1.18920711500272 0.767080745341615
65536 0.210224103813429 0.791925465838509
65536 0.25 0.819875776397516
65536 0.29730177875068 0.798136645962733
65536 0.353553390593274 0.801242236024845
65536 0.420448207626857 0.788819875776398
65536 0.5 0.770186335403727
65536 0.594603557501361 0.795031055900621
65536 0.707106781186548 0.763975155279503
65536 0.840896415253715 0.763975155279503
65536 1 0.745341614906832
65536 1.18920711500272 0.751552795031056
77935.8774888183 0.210224103813429 0.791925465838509
77935.8774888183 0.25 0.801242236024845
77935.8774888183 0.29730177875068 0.798136645962733
77935.8774888183 0.353553390593274 0.81055900621118
77935.8774888183 0.420448207626857 0.791925465838509
77935.8774888183 0.5 0.795031055900621
77935.8774888183 0.594603557501361 0.760869565217391
77935.8774888183 0.707106781186548 0.782608695652174
77935.8774888183 0.840896415253715 0.773291925465838
77935.8774888183 1 0.748447204968944
77935.8774888183 1.18920711500272 0.760869565217391
