labels 0 -1 1
-1 -1 0.132294642014305 0.867678122698232 2.72352874631935E-05 
-1 -1 0.0189890516539129 0.981010862002795 8.63432920246131E-08 
-1 -1 0.00178034651299748 0.998219602726516 5.07604862372518E-08 
-1 -1 3.23090157652527E-12 0.999999132274347 8.6772242155059E-07 
-1 -1 1.36358795019686E-10 0.999998815615517 1.18424812417428E-06 
-1 -1 8.38931855082035E-08 0.999997321810399 2.59429641503951E-06 
-1 -1 8.77884087081718E-13 0.99999973708429 2.62914832174456E-07 
-1 -1 3.8828631717268E-10 0.999990148952672 9.85065904193562E-06 
-1 -1 3.43653087017469E-10 0.999991142557972 8.85709837456108E-06 
0 -1 2.33071362226871E-08 0.999977699551559 2.22771413043602E-05 
0 -1 2.21009425855244E-10 0.999992611631192 7.38814779864545E-06 
0 -1 7.08446935695384E-10 0.999996586629716 3.412661837231E-06 
0 -1 1.49958833278906E-07 0.999991909545858 7.94049530906849E-06 
0 -1 0.00240468247509083 0.997538523840587 5.67936843225048E-05 
0 -1 0.00632894718716452 0.99343887493556 0.000232177877275314 
-1 -1 0.0110311877996866 0.97678553686934 0.0121832753309735 
-1 -1 0.0178779243755977 0.978269116151492 0.0038529594729097 
-1 -1 0.0344369689780916 0.964003122861745 0.00155990816016304 
-1 -1 0.195023489063904 0.803516202944985 0.00146030799111128 
-1 0 0.649749310768407 0.34906713539163 0.00118355383996217 
-1 0 0.572806528779387 0.424930462113483 0.00226300910712987 
-1 0 0.537240251053032 0.461499085579093 0.00126066336787534 
-1 0 0.579814314261635 0.418509504862657 0.00167618087570784 
-1 0 0.677090130658036 0.322040776106147 0.000869093235817226 
-1 0 0.754301602459572 0.244676898650677 0.00102149888975034 
-1 0 0.668326017819435 0.33061147878417 0.00106250339639536 
-1 0 0.630840168476675 0.368305371790881 0.0008544597324437 
-1 0 0.521675810860228 0.477535708896868 0.000788480242904172 
-1 -1 0.360156087545559 0.639277501687115 0.000566410767326663 
-1 -1 0.187653164150957 0.81187145975348 0.000475376095563092 
-1 -1 0.0757392887552224 0.923846320958701 0.000414390286076558 
-1 -1 0.00648622362707699 0.993398305931952 0.000115470440970547 
-1 -1 0.0169474329966508 0.982818192155264 0.000234374848085431 
-1 -1 0.0079675875745023 0.991873347948413 0.000159064477084743 
-1 -1 0.00566397257724706 0.994220789468148 0.00011523795460563 
-1 -1 0.00264563413497446 0.997273708644015 8.06572210107615E-05 
-1 -1 0.00223029300404928 0.997702804866902 6.69021290486882E-05 
-1 -1 0.00185089278580221 0.99809686359676 5.22436174378489E-05 
-1 -1 0.0016829867829772 0.998276983533247 4.00296837760428E-05 
-1 -1 1.1783940164346E-06 0.999988839252931 9.98235305213631E-06 
-1 -1 6.3965454937056E-07 0.999996876371374 2.48397407668451E-06 
-1 -1 4.96404247286782E-07 0.999998632268847 8.71326905917538E-07 
-1 -1 1.08814178352991E-07 0.999961758482044 3.81327037777374E-05 
-1 -1 2.50681136384345E-08 0.999965060061333 3.49148705527947E-05 
-1 -1 6.50820496990314E-09 0.99997076009649 2.92333953050815E-05 
-1 -1 2.86125613041936E-09 0.999974928650828 2.50684879156905E-05 
-1 -1 1.88170819396865E-09 0.999978555649296 2.14424689952467E-05 
-1 -1 1.42205839474176E-09 0.999981190066974 1.88085109673017E-05 
-1 -1 8.92833052588852E-10 0.999985065224578 1.49338825889791E-05 
-1 -1 6.56989728548522E-10 0.999987184829583 1.28145134271767E-05 
-1 -1 5.23191348988792E-10 0.999988562989342 1.14364874661476E-05 
-1 -1 4.55802358249626E-10 0.999989324726223 1.06748179747854E-05 
-1 -1 3.0239477224167E-11 0.999997251232596 2.74873716450748E-06 
-1 -1 2.41783175137726E-12 0.999999235051135 7.64946447082437E-07 
-1 -1 1.26887866226266E-12 0.999999724582747 2.75415983965758E-07 
-1 -1 1.78478776177396E-11 0.999999937143741 6.2838410850564E-08 
-1 -1 3.45052681152982E-10 0.999999949439521 5.02154266939746E-08 
-1 -1 1.71479188200517E-09 0.999979292442168 2.07058430400651E-05 
-1 -1 2.60661693082498E-09 0.999974454505553 2.55428878299585E-05 
-1 -1 7.93732170114294E-12 0.999998591233068 1.40875899456315E-06 
0 -1 1.73750341709893E-13 0.999999834467212 1.6553261492652E-07 
0 -1 5.3674969656953E-12 0.999999949912071 5.00825615899009E-08 
0 -1 1.76573880725149E-09 0.999999947236303 5.09979579067163E-08 
-1 -1 2.11701860757211E-07 0.999999631230367 1.57067772581227E-07 
-1 -1 2.30269905716907E-06 0.999234760942643 0.000762936358299674 
-1 -1 9.70472024612852E-09 0.999950443361873 4.95469334069887E-05 
-1 -1 4.91684224429155E-09 0.999991425148896 8.56993426162015E-06 
-1 -1 1.02380663776602E-06 0.99999503197244 3.94422092185594E-06 
-1 -1 0.0193702038869745 0.979791407336001 0.000838388777024107 
-1 -1 0.201837615319882 0.766412376015702 0.0317500086644158 
-1 -1 2.33408065256696E-05 0.997548346731821 0.00242831246165324 
-1 -1 2.94202438616744E-07 0.999728347591874 0.000271358205687535 
-1 -1 1.91552156153098E-08 0.999930769836503 6.92110082811204E-05 
-1 -1 6.70717071024176E-09 0.999959041228775 4.09520640541151E-05 
-1 -1 1.639712034865E-08 0.999935949582884 6.40340199956057E-05 
-1 -1 7.30018274250518E-09 0.99995726842752 4.27242722975061E-05 
-1 -1 3.22824685482832E-09 0.999971586326122 2.84104456314701E-05 
-1 -1 1.51879241516928E-09 0.999980511921779 1.94865594287422E-05 
-1 -1 7.39023450010827E-10 0.999986406480683 1.35927802938666E-05 
-1 -1 3.35939941607832E-10 0.999990835295841 9.16436821888224E-06 
-1 -1 1.41154732488563E-10 0.999994059569041 5.94028980439397E-06 
-1 -1 6.17711029741164E-11 0.999996070494964 3.92944326449462E-06 
-1 -1 9.39983686399942E-13 0.999999517818839 4.82180221189409E-07 
-1 -1 2.29344192787547E-11 0.999997605992742 2.39398432363245E-06 
-1 -1 7.07597862270679E-13 0.999999582386202 4.1761309009691E-07 
-1 -1 3.586241888898E-14 0.999999919585238 8.04147266003565E-08 
-1 -1 2.01854536764589E-14 0.999999949580061 5.04199191278145E-08 
0 -1 8.2905182562192E-14 0.999999944442847 5.55570699507675E-08 
0 -1 0.00983427804033478 0.973705431224238 0.0164602907354271 
0 -1 1.03909795859159E-05 0.998433191799267 0.00155641722114652 
0 -1 0.00246233161805285 0.997094541661488 0.000443126720459578 
0 -1 4.98824204088152E-07 0.999646272491961 0.000353228683834355 
0 -1 5.50659696153999E-07 0.999628137805111 0.00037131153519264 
0 -1 1.99066161474072E-07 0.999776617561432 0.000223183372406066 
0 -1 2.32466331596753E-08 0.999923892429423 7.60843239436313E-05 
0 -1 8.61516282945083E-09 0.999974275751625 2.57156332124715E-05 
0 -1 1.29365956848387E-06 0.999987598636414 1.11077040178861E-05 
0 -1 0.00542662048750392 0.994364845384756 0.000208534127740136 
0 -1 0.0442996612043586 0.951819501739649 0.00388083705599197 
-1 -1 0.243619788102042 0.619112112356806 0.137268099541152 
-1 -1 2.90420873908418E-06 0.999128856842161 0.000868238949100102 
-1 -1 4.80517797858183E-09 0.999962153911169 3.78412836528704E-05 
-1 -1 8.30770183026382E-09 0.999954413339192 4.55783531065918E-05 
-1 -1 3.18397865681664E-09 0.999971781825657 2.82149903640977E-05 
-1 -1 5.51893682167852E-10 0.999988252915042 1.1746533063996E-05 
-1 -1 2.95637237828954E-11 0.999997279066606 2.7209038305514E-06 
-1 -1 8.47724386241049E-13 0.999999522362359 4.77636792754142E-07 
-1 -1 5.85750284353436E-09 0.999961724003176 3.82701393214392E-05 
-1 -1 5.13488168141117E-10 0.9999886690582 1.13304283114141E-05 
-1 -1 3.34007457770121E-11 0.99999710671785 2.89324874965075E-06 
-1 -1 7.31635854859028E-13 0.9999995378028 4.62196468413953E-07 
-1 -1 1.77394641824844E-11 0.999999747536374 2.5244588628258E-07 
-1 -1 3.68834773095793E-07 0.999999089236595 5.4192863228185E-07 
-1 -1 2.66404654762925E-09 0.999974188784354 2.58085515998518E-05 
-1 -1 4.41079954146005E-10 0.999989498296657 1.05012622629496E-05 
-1 -1 1.00871285149959E-10 0.999989586444087 1.04134550419701E-05 
-1 -1 3.50745005389337E-09 0.999970382539231 2.96139533188848E-05 
-1 -1 1.67361718733293E-09 0.999979542583076 2.0455743306328E-05 
-1 -1 3.40890229924161E-09 0.999970801979859 2.91946112387166E-05 
-1 -1 9.32086057172928E-11 0.999995172318636 4.82758815563603E-06 
-1 -1 1.58737423439179E-11 0.999998006232247 1.99375187970592E-06 
-1 -1 8.32151081601808E-13 0.999999520093141 4.79906026801777E-07 
-1 -1 1.80053886718251E-11 0.999999900013593 9.99684012640994E-08 
-1 -1 3.46149479432895E-08 0.99999982451088 1.40874171793309E-07 
0 -1 0.017688645747678 0.981580797908336 0.00073055634398657 
-1 -1 0.0322137109069448 0.965733056902123 0.00205323219093248 
0 -1 1.64303766231579E-08 0.999992392482342 7.59108728152958E-06 
0 -1 2.23655652744701E-07 0.999998118990568 1.65735377893923E-06 
0 -1 0.000114026571613042 0.994322571566489 0.00556340186189836 
