0.03125 3.0517578125E-05 0.602258469259724
0.03125 0.0001220703125 0.602258469259724
0.03125 0.00048828125 0.602258469259724
0.03125 0.001953125 0.602258469259724
0.03125 0.0078125 0.602258469259724
0.03125 0.03125 0.602258469259724
0.03125 0.125 0.602258469259724
0.03125 0.5 0.602258469259724
0.03125 2 0.602258469259724
0.03125 8 0.602258469259724
0.125 3.0517578125E-05 0.602258469259724
0.125 0.0001220703125 0.602258469259724
0.125 0.00048828125 0.602258469259724
0.125 0.001953125 0.602258469259724
0.125 0.0078125 0.602258469259724
0.125 0.03125 0.602258469259724
0.125 0.125 0.602258469259724
0.125 0.5 0.602258469259724
0.125 2 0.602258469259724
0.125 8 0.606022584692597
0.5 3.0517578125E-05 0.602258469259724
0.5 0.0001220703125 0.602258469259724
0.5 0.00048828125 0.602258469259724
0.5 0.001953125 0.602258469259724
0.5 0.0078125 0.602258469259724
0.5 0.03125 0.602258469259724
0.5 0.125 0.602258469259724
0.5 0.5 0.613550815558344
0.5 2 0.678795483061481
0.5 8 0.71267252195734
2 3.0517578125E-05 0.602258469259724
2 0.0001220703125 0.602258469259724
2 0.00048828125 0.602258469259724
2 0.001953125 0.602258469259724
2 0.0078125 0.602258469259724
2 0.03125 0.602258469259724
2 0.125 0.617314930991217
2 0.5 0.718946047678795
2 2 0.760351317440402
2 8 0.77038895859473
8 3.0517578125E-05 0.602258469259724
8 0.0001220703125 0.602258469259724
8 0.00048828125 0.602258469259724
8 0.001953125 0.602258469259724
8 0.0078125 0.602258469259724
8 0.03125 0.619824341279799
8 0.125 0.726474278544542
8 0.5 0.772898368883312
8 2 0.799247176913425
8 8 0.789209535759097
32 3.0517578125E-05 0.602258469259724
32 0.0001220703125 0.602258469259724
32 0.00048828125 0.602258469259724
32 0.001953125 0.602258469259724
32 0.0078125 0.619824341279799
32 0.03125 0.72396486825596
32 0.125 0.767879548306148
32 0.5 0.803011292346299
32 2 0.811794228356336
32 8 0.818067754077792
128 3.0517578125E-05 0.602258469259724
128 0.0001220703125 0.602258469259724
128 0.00048828125 0.602258469259724
128 0.001953125 0.624843161856964
128 0.0078125 0.730238393977415
128 0.03125 0.765370138017566
128 0.125 0.794228356336261
128 0.5 0.830614805520703
128 2 0.841907151819322
128 8 0.829360100376412
512 3.0517578125E-05 0.602258469259724
512 0.0001220703125 0.602258469259724
512 0.00048828125 0.619824341279799
512 0.001953125 0.728983688833124
512 0.0078125 0.75909661229611
512 0.03125 0.782936010037641
512 0.125 0.82810539523212
512 0.5 0.846925972396487
512 2 0.848180677540778
512 8 0.834378920953576
2048 3.0517578125E-05 0.602258469259724
2048 0.0001220703125 0.622333751568381
2048 0.00048828125 0.727728983688833
2048 0.001953125 0.767879548306148
2048 0.0078125 0.779171894604768
2048 0.03125 0.816813048933501
2048 0.125 0.856963613550816
2048 0.5 0.853199498117942
2048 2 0.854454203262233
2048 8 0.845671267252196
8192 3.0517578125E-05 0.622333751568381
8192 0.0001220703125 0.728983688833124
8192 0.00048828125 0.765370138017566
8192 0.001953125 0.777917189460477
8192 0.0078125 0.816813048933501
8192 0.03125 0.848180677540778
8192 0.125 0.85069008782936
8192 0.5 0.858218318695107
8192 2 0.845671267252196
8192 8 0.82810539523212
32768 3.0517578125E-05 0.728983688833124
32768 0.0001220703125 0.760351317440402
32768 0.00048828125 0.776662484316186
32768 0.001953125 0.813048933500627
32768 0.0078125 0.82810539523212
32768 0.03125 0.85069008782936
32768 0.125 0.864491844416562
32768 0.5 0.864491844416562
32768 2 0.848180677540778
32768 8 0.810539523212045
13777.2468675169 0.0525560259533572 0.85069008782936
13777.2468675169 0.0625 0.849435382685069
13777.2468675169 0.0743254446876701 0.849435382685069
13777.2468675169 0.0883883476483184 0.854454203262233
13777.2468675169 0.105112051906714 0.851944792973651
13777.2468675169 0.125 0.855708908406524
13777.2468675169 0.14865088937534 0.854454203262233
13777.2468675169 0.176776695296637 0.85069008782936
13777.2468675169 0.210224103813429 0.853199498117942
13777.2468675169 0.25 0.860727728983689
13777.2468675169 0.29730177875068 0.864491844416562
16384 0.0525560259533572 0.843161856963614
16384 0.0625 0.848180677540778
16384 0.0743254446876701 0.854454203262233
16384 0.0883883476483184 0.845671267252196
16384 0.105112051906714 0.840652446675031
16384 0.125 0.863237139272271
16384 0.14865088937534 0.863237139272271
16384 0.176776695296637 0.854454203262233
16384 0.210224103813429 0.858218318695107
16384 0.25 0.856963613550816
16384 0.29730177875068 0.856963613550816
19483.9693722046 0.0525560259533572 0.855708908406524
19483.9693722046 0.0625 0.848180677540778
19483.9693722046 0.0743254446876701 0.85069008782936
19483.9693722046 0.0883883476483184 0.863237139272271
19483.9693722046 0.105112051906714 0.858218318695107
19483.9693722046 0.125 0.86198243412798
19483.9693722046 0.14865088937534 0.856963613550816
19483.9693722046 0.176776695296637 0.858218318695107
19483.9693722046 0.210224103813429 0.848180677540778
19483.9693722046 0.25 0.860727728983689
19483.9693722046 0.29730177875068 0.868255959849435
23170.4750059208 0.0525560259533572 0.854454203262233
23170.4750059208 0.0625 0.855708908406524
23170.4750059208 0.0743254446876701 0.853199498117942
23170.4750059208 0.0883883476483184 0.855708908406524
23170.4750059208 0.105112051906714 0.851944792973651
23170.4750059208 0.125 0.863237139272271
23170.4750059208 0.14865088937534 0.869510664993726
23170.4750059208 0.176776695296637 0.849435382685069
23170.4750059208 0.210224103813429 0.841907151819322
23170.4750059208 0.25 0.858218318695107
23170.4750059208 0.29730177875068 0.867001254705144
27554.4937350337 0.0525560259533572 0.846925972396487
27554.4937350337 0.0625 0.856963613550816
27554.4937350337 0.0743254446876701 0.853199498117942
27554.4937350337 0.0883883476483184 0.855708908406524
27554.4937350337 0.105112051906714 0.864491844416562
27554.4937350337 0.125 0.86198243412798
27554.4937350337 0.14865088937534 0.863237139272271
27554.4937350337 0.176776695296637 0.858218318695107
27554.4937350337 0.210224103813429 0.868255959849435
27554.4937350337 0.25 0.869510664993726
27554.4937350337 0.29730177875068 0.877038895859473
38967.9387444092 0.0525560259533572 0.845671267252196
38967.9387444092 0.0625 0.853199498117942
38967.9387444092 0.0743254446876701 0.860727728983689
38967.9387444092 0.0883883476483184 0.86198243412798
38967.9387444092 0.105112051906714 0.865746549560853
38967.9387444092 0.125 0.859473023839398
38967.9387444092 0.14865088937534 0.856963613550816
38967.9387444092 0.176776695296637 0.856963613550816
38967.9387444092 0.210224103813429 0.870765370138018
38967.9387444092 0.25 0.855708908406524
38967.9387444092 0.29730177875068 0.863237139272271
46340.9500118416 0.0525560259533572 0.858218318695107
46340.9500118416 0.0625 0.851944792973651
46340.9500118416 0.0743254446876701 0.860727728983689
46340.9500118416 0.0883883476483184 0.854454203262233
46340.9500118416 0.105112051906714 0.854454203262233
46340.9500118416 0.125 0.854454203262233
46340.9500118416 0.14865088937534 0.848180677540778
46340.9500118416 0.176776695296637 0.858218318695107
46340.9500118416 0.210224103813429 0.865746549560853
46340.9500118416 0.25 0.860727728983689
46340.9500118416 0.29730177875068 0.86198243412798
55108.9874700674 0.0525560259533572 0.864491844416562
55108.9874700674 0.0625 0.868255959849435
55108.9874700674 0.0743254446876701 0.86198243412798
55108.9874700674 0.0883883476483184 0.865746549560853
55108.9874700674 0.105112051906714 0.865746549560853
55108.9874700674 0.125 0.865746549560853
55108.9874700674 0.14865088937534 0.851944792973651
55108.9874700674 0.176776695296637 0.868255959849435
55108.9874700674 0.210224103813429 0.864491844416562
55108.9874700674 0.25 0.868255959849435
55108.9874700674 0.29730177875068 0.858218318695107
65536 0.0525560259533572 0.860727728983689
65536 0.0625 0.86198243412798
65536 0.0743254446876701 0.86198243412798
65536 0.0883883476483184 0.863237139272271
65536 0.105112051906714 0.858218318695107
65536 0.125 0.872020075282309
65536 0.14865088937534 0.870765370138018
65536 0.176776695296637 0.867001254705144
65536 0.210224103813429 0.874529485570891
65536 0.25 0.875784190715182
65536 0.29730177875068 0.856963613550816
77935.8774888183 0.0525560259533572 0.863237139272271
77935.8774888183 0.0625 0.853199498117942
77935.8774888183 0.0743254446876701 0.86198243412798
77935.8774888183 0.0883883476483184 0.864491844416562
77935.8774888183 0.105112051906714 0.864491844416562
77935.8774888183 0.125 0.863237139272271
77935.8774888183 0.14865088937534 0.868255959849435
77935.8774888183 0.176776695296637 0.875784190715182
77935.8774888183 0.210224103813429 0.872020075282309
77935.8774888183 0.25 0.868255959849435
77935.8774888183 0.29730177875068 0.869510664993726
