0.03125 3.0517578125E-05 0.52
0.03125 0.0001220703125 0.52
0.03125 0.00048828125 0.52
0.03125 0.001953125 0.52
0.03125 0.0078125 0.52
0.03125 0.03125 0.52
0.03125 0.125 0.52
0.03125 0.5 0.52
0.03125 2 0.52
0.03125 8 0.52
0.125 3.0517578125E-05 0.52
0.125 0.0001220703125 0.52
0.125 0.00048828125 0.52
0.125 0.001953125 0.52
0.125 0.0078125 0.52
0.125 0.03125 0.52
0.125 0.125 0.52
0.125 0.5 0.52
0.125 2 0.52
0.125 8 0.52
0.5 3.0517578125E-05 0.52
0.5 0.0001220703125 0.52
0.5 0.00048828125 0.52
0.5 0.001953125 0.52
0.5 0.0078125 0.52
0.5 0.03125 0.52
0.5 0.125 0.52
0.5 0.5 0.52
0.5 2 0.52
0.5 8 0.551111111111111
2 3.0517578125E-05 0.52
2 0.0001220703125 0.52
2 0.00048828125 0.52
2 0.001953125 0.52
2 0.0078125 0.52
2 0.03125 0.52
2 0.125 0.52
2 0.5 0.52
2 2 0.626666666666667
2 8 0.724444444444444
8 3.0517578125E-05 0.52
8 0.0001220703125 0.52
8 0.00048828125 0.52
8 0.001953125 0.52
8 0.0078125 0.52
8 0.03125 0.52
8 0.125 0.524444444444444
8 0.5 0.684444444444444
8 2 0.755555555555556
8 8 0.76
32 3.0517578125E-05 0.52
32 0.0001220703125 0.52
32 0.00048828125 0.52
32 0.001953125 0.52
32 0.0078125 0.52
32 0.03125 0.52
32 0.125 0.671111111111111
32 0.5 0.724444444444444
32 2 0.817777777777778
32 8 0.817777777777778
128 3.0517578125E-05 0.52
128 0.0001220703125 0.52
128 0.00048828125 0.52
128 0.001953125 0.52
128 0.0078125 0.528888888888889
128 0.03125 0.675555555555556
128 0.125 0.76
128 0.5 0.808888888888889
128 2 0.826666666666667
128 8 0.822222222222222
512 3.0517578125E-05 0.52
512 0.0001220703125 0.52
512 0.00048828125 0.52
512 0.001953125 0.528888888888889
512 0.0078125 0.644444444444444
512 0.03125 0.72
512 0.125 0.808888888888889
512 0.5 0.826666666666667
512 2 0.848888888888889
512 8 0.835555555555556
2048 3.0517578125E-05 0.52
2048 0.0001220703125 0.52
2048 0.00048828125 0.52
2048 0.001953125 0.657777777777778
2048 0.0078125 0.733333333333333
2048 0.03125 0.791111111111111
2048 0.125 0.835555555555556
2048 0.5 0.844444444444444
2048 2 0.817777777777778
2048 8 0.724444444444444
8192 3.0517578125E-05 0.52
8192 0.0001220703125 0.52
8192 0.00048828125 0.644444444444444
8192 0.001953125 0.724444444444444
8192 0.0078125 0.782222222222222
8192 0.03125 0.804444444444444
8192 0.125 0.862222222222222
8192 0.5 0.826666666666667
8192 2 0.817777777777778
8192 8 0.746666666666667
32768 3.0517578125E-05 0.524444444444444
32768 0.0001220703125 0.631111111111111
32768 0.00048828125 0.733333333333333
32768 0.001953125 0.786666666666667
32768 0.0078125 0.782222222222222
32768 0.03125 0.853333333333333
32768 0.125 0.831111111111111
32768 0.5 0.826666666666667
32768 2 0.786666666666667
32768 8 0.746666666666667
3444.31171687921 0.0525560259533572 0.813333333333333
3444.31171687921 0.0625 0.813333333333333
3444.31171687921 0.0743254446876701 0.835555555555556
3444.31171687921 0.0883883476483184 0.817777777777778
3444.31171687921 0.105112051906714 0.831111111111111
3444.31171687921 0.125 0.835555555555556
3444.31171687921 0.14865088937534 0.84
3444.31171687921 0.176776695296637 0.835555555555556
3444.31171687921 0.210224103813429 0.844444444444444
3444.31171687921 0.25 0.848888888888889
3444.31171687921 0.29730177875068 0.826666666666667
4096 0.0525560259533572 0.8
4096 0.0625 0.8
4096 0.0743254446876701 0.831111111111111
4096 0.0883883476483184 0.848888888888889
4096 0.105112051906714 0.817777777777778
4096 0.125 0.8
4096 0.14865088937534 0.835555555555556
4096 0.176776695296637 0.822222222222222
4096 0.210224103813429 0.813333333333333
4096 0.25 0.826666666666667
4096 0.29730177875068 0.844444444444444
4870.99234305115 0.0525560259533572 0.835555555555556
4870.99234305115 0.0625 0.786666666666667
4870.99234305115 0.0743254446876701 0.826666666666667
4870.99234305115 0.0883883476483184 0.795555555555556
4870.99234305115 0.105112051906714 0.835555555555556
4870.99234305115 0.125 0.853333333333333
4870.99234305115 0.14865088937534 0.835555555555556
4870.99234305115 0.176776695296637 0.844444444444444
4870.99234305115 0.210224103813429 0.848888888888889
4870.99234305115 0.25 0.835555555555556
4870.99234305115 0.29730177875068 0.831111111111111
5792.6187514802 0.0525560259533572 0.826666666666667
5792.6187514802 0.0625 0.813333333333333
5792.6187514802 0.0743254446876701 0.817777777777778
5792.6187514802 0.0883883476483184 0.831111111111111
5792.6187514802 0.105112051906714 0.813333333333333
5792.6187514802 0.125 0.857777777777778
5792.6187514802 0.14865088937534 0.835555555555556
5792.6187514802 0.176776695296637 0.844444444444444
5792.6187514802 0.210224103813429 0.84
5792.6187514802 0.25 0.822222222222222
5792.6187514802 0.29730177875068 0.844444444444444
6888.62343375843 0.0525560259533572 0.8
6888.62343375843 0.0625 0.831111111111111
6888.62343375843 0.0743254446876701 0.813333333333333
6888.62343375843 0.0883883476483184 0.817777777777778
6888.62343375843 0.105112051906714 0.826666666666667
6888.62343375843 0.125 0.831111111111111
6888.62343375843 0.14865088937534 0.8
6888.62343375843 0.176776695296637 0.84
6888.62343375843 0.210224103813429 0.831111111111111
6888.62343375843 0.25 0.835555555555556
6888.62343375843 0.29730177875068 0.822222222222222
9741.98468610229 0.0525560259533572 0.817777777777778
9741.98468610229 0.0625 0.826666666666667
9741.98468610229 0.0743254446876701 0.831111111111111
9741.98468610229 0.0883883476483184 0.831111111111111
9741.98468610229 0.105112051906714 0.835555555555556
9741.98468610229 0.125 0.835555555555556
9741.98468610229 0.14865088937534 0.857777777777778
9741.98468610229 0.176776695296637 0.826666666666667
9741.98468610229 0.210224103813429 0.844444444444444
9741.98468610229 0.25 0.853333333333333
9741.98468610229 0.29730177875068 0.831111111111111
11585.2375029604 0.0525560259533572 0.831111111111111
11585.2375029604 0.0625 0.848888888888889
11585.2375029604 0.0743254446876701 0.808888888888889
11585.2375029604 0.0883883476483184 0.857777777777778
11585.2375029604 0.105112051906714 0.822222222222222
11585.2375029604 0.125 0.866666666666667
11585.2375029604 0.14865088937534 0.866666666666667
11585.2375029604 0.176776695296637 0.857777777777778
11585.2375029604 0.210224103813429 0.835555555555556
11585.2375029604 0.25 0.862222222222222
11585.2375029604 0.29730177875068 0.835555555555556
13777.2468675169 0.0525560259533572 0.817777777777778
13777.2468675169 0.0625 0.844444444444444
13777.2468675169 0.0743254446876701 0.862222222222222
13777.2468675169 0.0883883476483184 0.84
13777.2468675169 0.105112051906714 0.844444444444444
13777.2468675169 0.125 0.835555555555556
13777.2468675169 0.14865088937534 0.835555555555556
13777.2468675169 0.176776695296637 0.826666666666667
13777.2468675169 0.210224103813429 0.84
13777.2468675169 0.25 0.822222222222222
13777.2468675169 0.29730177875068 0.813333333333333
16384 0.0525560259533572 0.831111111111111
16384 0.0625 0.844444444444444
16384 0.0743254446876701 0.857777777777778
16384 0.0883883476483184 0.808888888888889
16384 0.105112051906714 0.822222222222222
16384 0.125 0.844444444444444
16384 0.14865088937534 0.8
16384 0.176776695296637 0.822222222222222
16384 0.210224103813429 0.826666666666667
16384 0.25 0.844444444444444
16384 0.29730177875068 0.826666666666667
19483.9693722046 0.0525560259533572 0.848888888888889
19483.9693722046 0.0625 0.848888888888889
19483.9693722046 0.0743254446876701 0.871111111111111
19483.9693722046 0.0883883476483184 0.866666666666667
19483.9693722046 0.105112051906714 0.813333333333333
19483.9693722046 0.125 0.853333333333333
19483.9693722046 0.14865088937534 0.795555555555556
19483.9693722046 0.176776695296637 0.808888888888889
19483.9693722046 0.210224103813429 0.804444444444444
19483.9693722046 0.25 0.831111111111111
19483.9693722046 0.29730177875068 0.84
