0.03125 3.0517578125E-05 0.513725490196078
0.03125 0.0001220703125 0.513725490196078
0.03125 0.00048828125 0.513725490196078
0.03125 0.001953125 0.513725490196078
0.03125 0.0078125 0.513725490196078
0.03125 0.03125 0.513725490196078
0.03125 0.125 0.513725490196078
0.03125 0.5 0.513725490196078
0.03125 2 0.513725490196078
0.03125 8 0.513725490196078
0.125 3.0517578125E-05 0.513725490196078
0.125 0.0001220703125 0.513725490196078
0.125 0.00048828125 0.513725490196078
0.125 0.001953125 0.513725490196078
0.125 0.0078125 0.513725490196078
0.125 0.03125 0.513725490196078
0.125 0.125 0.513725490196078
0.125 0.5 0.513725490196078
0.125 2 0.513725490196078
0.125 8 0.529411764705882
0.5 3.0517578125E-05 0.513725490196078
0.5 0.0001220703125 0.513725490196078
0.5 0.00048828125 0.513725490196078
0.5 0.001953125 0.513725490196078
0.5 0.0078125 0.513725490196078
0.5 0.03125 0.513725490196078
0.5 0.125 0.513725490196078
0.5 0.5 0.525490196078431
0.5 2 0.658823529411765
0.5 8 0.698039215686274
2 3.0517578125E-05 0.513725490196078
2 0.0001220703125 0.513725490196078
2 0.00048828125 0.513725490196078
2 0.001953125 0.513725490196078
2 0.0078125 0.513725490196078
2 0.03125 0.513725490196078
2 0.125 0.525490196078431
2 0.5 0.670588235294118
2 2 0.745098039215686
2 8 0.752941176470588
8 3.0517578125E-05 0.513725490196078
8 0.0001220703125 0.513725490196078
8 0.00048828125 0.513725490196078
8 0.001953125 0.513725490196078
8 0.0078125 0.513725490196078
8 0.03125 0.529411764705882
8 0.125 0.694117647058824
8 0.5 0.749019607843137
8 2 0.780392156862745
8 8 0.811764705882353
32 3.0517578125E-05 0.513725490196078
32 0.0001220703125 0.513725490196078
32 0.00048828125 0.513725490196078
32 0.001953125 0.513725490196078
32 0.0078125 0.52156862745098
32 0.03125 0.686274509803922
32 0.125 0.76078431372549
32 0.5 0.768627450980392
32 2 0.858823529411765
32 8 0.847058823529412
128 3.0517578125E-05 0.513725490196078
128 0.0001220703125 0.513725490196078
128 0.00048828125 0.513725490196078
128 0.001953125 0.533333333333333
128 0.0078125 0.67843137254902
128 0.03125 0.76078431372549
128 0.125 0.823529411764706
128 0.5 0.847058823529412
128 2 0.882352941176471
128 8 0.843137254901961
512 3.0517578125E-05 0.513725490196078
512 0.0001220703125 0.513725490196078
512 0.00048828125 0.525490196078431
512 0.001953125 0.674509803921569
512 0.0078125 0.752941176470588
512 0.03125 0.827450980392157
512 0.125 0.858823529411765
512 0.5 0.870588235294118
512 2 0.854901960784314
512 8 0.843137254901961
2048 3.0517578125E-05 0.513725490196078
2048 0.0001220703125 0.525490196078431
2048 0.00048828125 0.686274509803922
2048 0.001953125 0.776470588235294
2048 0.0078125 0.819607843137255
2048 0.03125 0.83921568627451
2048 0.125 0.87843137254902
2048 0.5 0.866666666666667
2048 2 0.83921568627451
2048 8 0.815686274509804
8192 3.0517578125E-05 0.529411764705882
8192 0.0001220703125 0.690196078431373
8192 0.00048828125 0.780392156862745
8192 0.001953125 0.811764705882353
8192 0.0078125 0.843137254901961
8192 0.03125 0.870588235294118
8192 0.125 0.862745098039216
8192 0.5 0.87843137254902
8192 2 0.835294117647059
8192 8 0.807843137254902
32768 3.0517578125E-05 0.67843137254902
32768 0.0001220703125 0.756862745098039
32768 0.00048828125 0.811764705882353
32768 0.001953125 0.827450980392157
32768 0.0078125 0.870588235294118
32768 0.03125 0.874509803921569
32768 0.125 0.870588235294118
32768 0.5 0.850980392156863
32768 2 0.8
32768 8 0.803921568627451
53.8173705762377 0.840896415253715 0.843137254901961
53.8173705762377 1 0.858823529411765
53.8173705762377 1.18920711500272 0.866666666666667
53.8173705762377 1.4142135623731 0.854901960784314
53.8173705762377 1.68179283050743 0.890196078431373
53.8173705762377 2 0.862745098039216
53.8173705762377 2.37841423000544 0.835294117647059
53.8173705762377 2.82842712474619 0.862745098039216
53.8173705762377 3.36358566101486 0.862745098039216
53.8173705762377 4 0.858823529411765
53.8173705762377 4.75682846001088 0.87843137254902
64 0.840896415253715 0.850980392156863
64 1 0.854901960784314
64 1.18920711500272 0.858823529411765
64 1.4142135623731 0.843137254901961
64 1.68179283050743 0.874509803921569
64 2 0.866666666666667
64 2.37841423000544 0.866666666666667
64 2.82842712474619 0.847058823529412
64 3.36358566101486 0.866666666666667
64 4 0.87843137254902
64 4.75682846001088 0.850980392156863
76.1092553601741 0.840896415253715 0.858823529411765
76.1092553601741 1 0.854901960784314
76.1092553601741 1.18920711500272 0.870588235294118
76.1092553601741 1.4142135623731 0.850980392156863
76.1092553601741 1.68179283050743 0.87843137254902
76.1092553601741 2 0.870588235294118
76.1092553601741 2.37841423000544 0.843137254901961
76.1092553601741 2.82842712474619 0.850980392156863
76.1092553601741 3.36358566101486 0.870588235294118
76.1092553601741 4 0.854901960784314
76.1092553601741 4.75682846001088 0.858823529411765
90.5096679918781 0.840896415253715 0.866666666666667
90.5096679918781 1 0.886274509803922
90.5096679918781 1.18920711500272 0.870588235294118
90.5096679918781 1.4142135623731 0.874509803921569
90.5096679918781 1.68179283050743 0.87843137254902
90.5096679918781 2 0.874509803921569
90.5096679918781 2.37841423000544 0.866666666666667
90.5096679918781 2.82842712474619 0.862745098039216
90.5096679918781 3.36358566101486 0.854901960784314
90.5096679918781 4 0.850980392156863
90.5096679918781 4.75682846001088 0.843137254901961
107.634741152475 0.840896415253715 0.882352941176471
107.634741152475 1 0.866666666666667
107.634741152475 1.18920711500272 0.862745098039216
107.634741152475 1.4142135623731 0.866666666666667
107.634741152475 1.68179283050743 0.87843137254902
107.634741152475 2 0.862745098039216
107.634741152475 2.37841423000544 0.866666666666667
107.634741152475 2.82842712474619 0.886274509803922
107.634741152475 3.36358566101486 0.87843137254902
107.634741152475 4 0.854901960784314
107.634741152475 4.75682846001088 0.866666666666667
152.218510720348 0.840896415253715 0.862745098039216
152.218510720348 1 0.874509803921569
152.218510720348 1.18920711500272 0.890196078431373
152.218510720348 1.4142135623731 0.882352941176471
152.218510720348 1.68179283050743 0.862745098039216
152.218510720348 2 0.882352941176471
152.218510720348 2.37841423000544 0.901960784313726
152.218510720348 2.82842712474619 0.870588235294118
152.218510720348 3.36358566101486 0.862745098039216
152.218510720348 4 0.854901960784314
152.218510720348 4.75682846001088 0.850980392156863
181.019335983756 0.840896415253715 0.83921568627451
181.019335983756 1 0.898039215686275
181.019335983756 1.18920711500272 0.886274509803922
181.019335983756 1.4142135623731 0.886274509803922
181.019335983756 1.68179283050743 0.854901960784314
181.019335983756 2 0.882352941176471
181.019335983756 2.37841423000544 0.854901960784314
181.019335983756 2.82842712474619 0.850980392156863
181.019335983756 3.36358566101486 0.87843137254902
181.019335983756 4 0.850980392156863
181.019335983756 4.75682846001088 0.882352941176471
215.269482304951 0.840896415253715 0.886274509803922
215.269482304951 1 0.886274509803922
215.269482304951 1.18920711500272 0.866666666666667
215.269482304951 1.4142135623731 0.890196078431373
215.269482304951 1.68179283050743 0.886274509803922
215.269482304951 2 0.866666666666667
215.269482304951 2.37841423000544 0.874509803921569
215.269482304951 2.82842712474619 0.866666666666667
215.269482304951 3.36358566101486 0.843137254901961
215.269482304951 4 0.831372549019608
215.269482304951 4.75682846001088 0.847058823529412
256 0.840896415253715 0.894117647058824
256 1 0.886274509803922
256 1.18920711500272 0.866666666666667
256 1.4142135623731 0.894117647058824
256 1.68179283050743 0.874509803921569
256 2 0.858823529411765
256 2.37841423000544 0.890196078431373
256 2.82842712474619 0.866666666666667
256 3.36358566101486 0.870588235294118
256 4 0.854901960784314
256 4.75682846001088 0.870588235294118
304.437021440697 0.840896415253715 0.862745098039216
304.437021440697 1 0.87843137254902
304.437021440697 1.18920711500272 0.890196078431373
304.437021440697 1.4142135623731 0.898039215686275
304.437021440697 1.68179283050743 0.866666666666667
304.437021440697 2 0.870588235294118
304.437021440697 2.37841423000544 0.870588235294118
304.437021440697 2.82842712474619 0.83921568627451
304.437021440697 3.36358566101486 0.83921568627451
304.437021440697 4 0.874509803921569
304.437021440697 4.75682846001088 0.815686274509804
