0.03125 3.0517578125E-05 0.479495268138801
0.03125 0.0001220703125 0.479495268138801
0.03125 0.00048828125 0.479495268138801
0.03125 0.001953125 0.479495268138801
0.03125 0.0078125 0.479495268138801
0.03125 0.03125 0.479495268138801
0.03125 0.125 0.479495268138801
0.03125 0.5 0.479495268138801
0.03125 2 0.479495268138801
0.03125 8 0.479495268138801
0.125 3.0517578125E-05 0.479495268138801
0.125 0.0001220703125 0.479495268138801
0.125 0.00048828125 0.479495268138801
0.125 0.001953125 0.479495268138801
0.125 0.0078125 0.479495268138801
0.125 0.03125 0.479495268138801
0.125 0.125 0.479495268138801
0.125 0.5 0.479495268138801
0.125 2 0.479495268138801
0.125 8 0.476340694006309
0.5 3.0517578125E-05 0.479495268138801
0.5 0.0001220703125 0.479495268138801
0.5 0.00048828125 0.479495268138801
0.5 0.001953125 0.479495268138801
0.5 0.0078125 0.479495268138801
0.5 0.03125 0.479495268138801
0.5 0.125 0.479495268138801
0.5 0.5 0.479495268138801
0.5 2 0.485804416403785
0.5 8 0.504731861198738
2 3.0517578125E-05 0.479495268138801
2 0.0001220703125 0.479495268138801
2 0.00048828125 0.479495268138801
2 0.001953125 0.479495268138801
2 0.0078125 0.479495268138801
2 0.03125 0.479495268138801
2 0.125 0.466876971608833
2 0.5 0.482649842271293
2 2 0.50788643533123
2 8 0.539432176656151
8 3.0517578125E-05 0.479495268138801
8 0.0001220703125 0.479495268138801
8 0.00048828125 0.479495268138801
8 0.001953125 0.479495268138801
8 0.0078125 0.479495268138801
8 0.03125 0.479495268138801
8 0.125 0.476340694006309
8 0.5 0.533123028391167
8 2 0.602523659305994
8 8 0.652996845425868
32 3.0517578125E-05 0.479495268138801
32 0.0001220703125 0.479495268138801
32 0.00048828125 0.479495268138801
32 0.001953125 0.479495268138801
32 0.0078125 0.466876971608833
32 0.03125 0.50788643533123
32 0.125 0.539432176656151
32 0.5 0.665615141955836
32 2 0.725552050473186
32 8 0.741324921135647
128 3.0517578125E-05 0.479495268138801
128 0.0001220703125 0.479495268138801
128 0.00048828125 0.479495268138801
128 0.001953125 0.479495268138801
128 0.0078125 0.463722397476341
128 0.03125 0.517350157728707
128 0.125 0.643533123028391
128 0.5 0.772870662460568
128 2 0.782334384858044
128 8 0.785488958990536
512 3.0517578125E-05 0.479495268138801
512 0.0001220703125 0.479495268138801
512 0.00048828125 0.479495268138801
512 0.001953125 0.460567823343849
512 0.0078125 0.529968454258675
512 0.03125 0.640378548895899
512 0.125 0.738170347003155
512 0.5 0.788643533123028
512 2 0.82018927444795
512 8 0.79179810725552
2048 3.0517578125E-05 0.479495268138801
2048 0.0001220703125 0.454258675078864
2048 0.00048828125 0.463722397476341
2048 0.001953125 0.536277602523659
2048 0.0078125 0.665615141955836
2048 0.03125 0.77602523659306
2048 0.125 0.823343848580442
2048 0.5 0.832807570977918
2048 2 0.810725552050473
2048 8 0.77602523659306
8192 3.0517578125E-05 0.488958990536278
8192 0.0001220703125 0.485804416403785
8192 0.00048828125 0.529968454258675
8192 0.001953125 0.665615141955836
8192 0.0078125 0.779179810725552
8192 0.03125 0.832807570977918
8192 0.125 0.826498422712934
8192 0.5 0.810725552050473
8192 2 0.813880126182965
8192 8 0.763406940063092
32768 3.0517578125E-05 0.470031545741325
32768 0.0001220703125 0.514195583596215
32768 0.00048828125 0.652996845425868
32768 0.001953125 0.77602523659306
32768 0.0078125 0.829652996845426
32768 0.03125 0.82018927444795
32768 0.125 0.839116719242902
32768 0.5 0.810725552050473
32768 2 0.798107255520505
32768 8 0.766561514195584
13777.2468675169 0.0525560259533572 0.829652996845426
13777.2468675169 0.0625 0.832807570977918
13777.2468675169 0.0743254446876701 0.829652996845426
13777.2468675169 0.0883883476483184 0.826498422712934
13777.2468675169 0.105112051906714 0.807570977917981
13777.2468675169 0.125 0.826498422712934
13777.2468675169 0.14865088937534 0.842271293375394
13777.2468675169 0.176776695296637 0.817034700315457
13777.2468675169 0.210224103813429 0.826498422712934
13777.2468675169 0.25 0.817034700315457
13777.2468675169 0.29730177875068 0.817034700315457
16384 0.0525560259533572 0.832807570977918
16384 0.0625 0.83596214511041
16384 0.0743254446876701 0.817034700315457
16384 0.0883883476483184 0.832807570977918
16384 0.105112051906714 0.823343848580442
16384 0.125 0.826498422712934
16384 0.14865088937534 0.826498422712934
16384 0.176776695296637 0.82018927444795
16384 0.210224103813429 0.832807570977918
16384 0.25 0.832807570977918
16384 0.29730177875068 0.810725552050473
19483.9693722046 0.0525560259533572 0.83596214511041
19483.9693722046 0.0625 0.817034700315457
19483.9693722046 0.0743254446876701 0.826498422712934
19483.9693722046 0.0883883476483184 0.83596214511041
19483.9693722046 0.105112051906714 0.832807570977918
19483.9693722046 0.125 0.823343848580442
19483.9693722046 0.14865088937534 0.813880126182965
19483.9693722046 0.176776695296637 0.813880126182965
19483.9693722046 0.210224103813429 0.823343848580442
19483.9693722046 0.25 0.817034700315457
19483.9693722046 0.29730177875068 0.839116719242902
23170.4750059208 0.0525560259533572 0.807570977917981
23170.4750059208 0.0625 0.813880126182965
23170.4750059208 0.0743254446876701 0.826498422712934
23170.4750059208 0.0883883476483184 0.829652996845426
23170.4750059208 0.105112051906714 0.832807570977918
23170.4750059208 0.125 0.826498422712934
23170.4750059208 0.14865088937534 0.829652996845426
23170.4750059208 0.176776695296637 0.829652996845426
23170.4750059208 0.210224103813429 0.817034700315457
23170.4750059208 0.25 0.832807570977918
23170.4750059208 0.29730177875068 0.851735015772871
27554.4937350337 0.0525560259533572 0.842271293375394
27554.4937350337 0.0625 0.83596214511041
27554.4937350337 0.0743254446876701 0.829652996845426
27554.4937350337 0.0883883476483184 0.832807570977918
27554.4937350337 0.105112051906714 0.823343848580442
27554.4937350337 0.125 0.83596214511041
27554.4937350337 0.14865088937534 0.82018927444795
27554.4937350337 0.176776695296637 0.826498422712934
27554.4937350337 0.210224103813429 0.83596214511041
27554.4937350337 0.25 0.826498422712934
27554.4937350337 0.29730177875068 0.82018927444795
38967.9387444092 0.0525560259533572 0.832807570977918
38967.9387444092 0.0625 0.82018927444795
38967.9387444092 0.0743254446876701 0.823343848580442
38967.9387444092 0.0883883476483184 0.832807570977918
38967.9387444092 0.105112051906714 0.83596214511041
38967.9387444092 0.125 0.829652996845426
38967.9387444092 0.14865088937534 0.829652996845426
38967.9387444092 0.176776695296637 0.832807570977918
38967.9387444092 0.210224103813429 0.842271293375394
38967.9387444092 0.25 0.826498422712934
38967.9387444092 0.29730177875068 0.83596214511041
46340.9500118416 0.0525560259533572 0.839116719242902
46340.9500118416 0.0625 0.826498422712934
46340.9500118416 0.0743254446876701 0.807570977917981
46340.9500118416 0.0883883476483184 0.829652996845426
46340.9500118416 0.105112051906714 0.82018927444795
46340.9500118416 0.125 0.848580441640379
46340.9500118416 0.14865088937534 0.829652996845426
46340.9500118416 0.176776695296637 0.823343848580442
46340.9500118416 0.210224103813429 0.832807570977918
46340.9500118416 0.25 0.817034700315457
46340.9500118416 0.29730177875068 0.832807570977918
55108.9874700674 0.0525560259533572 0.826498422712934
55108.9874700674 0.0625 0.826498422712934
55108.9874700674 0.0743254446876701 0.829652996845426
55108.9874700674 0.0883883476483184 0.82018927444795
55108.9874700674 0.105112051906714 0.823343848580442
55108.9874700674 0.125 0.839116719242902
55108.9874700674 0.14865088937534 0.839116719242902
55108.9874700674 0.176776695296637 0.826498422712934
55108.9874700674 0.210224103813429 0.829652996845426
55108.9874700674 0.25 0.851735015772871
55108.9874700674 0.29730177875068 0.826498422712934
65536 0.0525560259533572 0.829652996845426
65536 0.0625 0.83596214511041
65536 0.0743254446876701 0.832807570977918
65536 0.0883883476483184 0.829652996845426
65536 0.105112051906714 0.83596214511041
65536 0.125 0.817034700315457
65536 0.14865088937534 0.829652996845426
65536 0.176776695296637 0.854889589905363
65536 0.210224103813429 0.832807570977918
65536 0.25 0.832807570977918
65536 0.29730177875068 0.832807570977918
77935.8774888183 0.0525560259533572 0.839116719242902
77935.8774888183 0.0625 0.807570977917981
77935.8774888183 0.0743254446876701 0.829652996845426
77935.8774888183 0.0883883476483184 0.829652996845426
77935.8774888183 0.105112051906714 0.810725552050473
77935.8774888183 0.125 0.807570977917981
77935.8774888183 0.14865088937534 0.829652996845426
77935.8774888183 0.176776695296637 0.829652996845426
77935.8774888183 0.210224103813429 0.826498422712934
77935.8774888183 0.25 0.817034700315457
77935.8774888183 0.29730177875068 0.829652996845426
