0.03125 3.0517578125E-05 0.836206896551724
0.03125 0.0001220703125 0.836206896551724
0.03125 0.00048828125 0.836206896551724
0.03125 0.001953125 0.836206896551724
0.03125 0.0078125 0.836206896551724
0.03125 0.03125 0.836206896551724
0.03125 0.125 0.836206896551724
0.03125 0.5 0.836206896551724
0.03125 2 0.836206896551724
0.03125 8 0.836206896551724
0.125 3.0517578125E-05 0.836206896551724
0.125 0.0001220703125 0.836206896551724
0.125 0.00048828125 0.836206896551724
0.125 0.001953125 0.836206896551724
0.125 0.0078125 0.836206896551724
0.125 0.03125 0.836206896551724
0.125 0.125 0.836206896551724
0.125 0.5 0.836206896551724
0.125 2 0.836206896551724
0.125 8 0.836206896551724
0.5 3.0517578125E-05 0.836206896551724
0.5 0.0001220703125 0.836206896551724
0.5 0.00048828125 0.836206896551724
0.5 0.001953125 0.836206896551724
0.5 0.0078125 0.836206896551724
0.5 0.03125 0.836206896551724
0.5 0.125 0.836206896551724
0.5 0.5 0.836206896551724
0.5 2 0.836206896551724
0.5 8 0.836206896551724
2 3.0517578125E-05 0.836206896551724
2 0.0001220703125 0.836206896551724
2 0.00048828125 0.836206896551724
2 0.001953125 0.836206896551724
2 0.0078125 0.836206896551724
2 0.03125 0.836206896551724
2 0.125 0.836206896551724
2 0.5 0.844827586206897
2 2 0.879310344827586
2 8 0.887931034482759
8 3.0517578125E-05 0.836206896551724
8 0.0001220703125 0.836206896551724
8 0.00048828125 0.836206896551724
8 0.001953125 0.836206896551724
8 0.0078125 0.836206896551724
8 0.03125 0.836206896551724
8 0.125 0.844827586206897
8 0.5 0.887931034482759
8 2 0.939655172413793
8 8 0.939655172413793
32 3.0517578125E-05 0.836206896551724
32 0.0001220703125 0.836206896551724
32 0.00048828125 0.836206896551724
32 0.001953125 0.836206896551724
32 0.0078125 0.836206896551724
32 0.03125 0.844827586206897
32 0.125 0.905172413793103
32 0.5 0.948275862068966
32 2 0.956896551724138
32 8 0.913793103448276
128 3.0517578125E-05 0.836206896551724
128 0.0001220703125 0.836206896551724
128 0.00048828125 0.836206896551724
128 0.001953125 0.836206896551724
128 0.0078125 0.844827586206897
128 0.03125 0.896551724137931
128 0.125 0.948275862068966
128 0.5 0.96551724137931
128 2 0.956896551724138
128 8 0.922413793103448
512 3.0517578125E-05 0.836206896551724
512 0.0001220703125 0.836206896551724
512 0.00048828125 0.836206896551724
512 0.001953125 0.836206896551724
512 0.0078125 0.896551724137931
512 0.03125 0.956896551724138
512 0.125 0.974137931034483
512 0.5 0.96551724137931
512 2 0.931034482758621
512 8 0.887931034482759
2048 3.0517578125E-05 0.836206896551724
2048 0.0001220703125 0.836206896551724
2048 0.00048828125 0.853448275862069
2048 0.001953125 0.887931034482759
2048 0.0078125 0.96551724137931
2048 0.03125 0.982758620689655
2048 0.125 0.982758620689655
2048 0.5 0.939655172413793
2048 2 0.896551724137931
2048 8 0.887931034482759
8192 3.0517578125E-05 0.836206896551724
8192 0.0001220703125 0.836206896551724
8192 0.00048828125 0.887931034482759
8192 0.001953125 0.96551724137931
8192 0.0078125 0.974137931034483
8192 0.03125 0.96551724137931
8192 0.125 0.956896551724138
8192 0.5 0.939655172413793
8192 2 0.931034482758621
8192 8 0.905172413793103
32768 3.0517578125E-05 0.836206896551724
32768 0.0001220703125 0.896551724137931
32768 0.00048828125 0.956896551724138
32768 0.001953125 0.96551724137931
32768 0.0078125 0.974137931034483
32768 0.03125 0.974137931034483
32768 0.125 0.948275862068966
32768 0.5 0.948275862068966
32768 2 0.931034482758621
32768 8 0.922413793103448
861.077929219804 0.0131390064883393 0.931034482758621
861.077929219804 0.015625 0.956896551724138
861.077929219804 0.0185813611719175 0.974137931034483
861.077929219804 0.0220970869120796 0.974137931034483
861.077929219804 0.0262780129766786 0.982758620689655
861.077929219804 0.03125 0.982758620689655
861.077929219804 0.037162722343835 0.982758620689655
861.077929219804 0.0441941738241592 0.982758620689655
861.077929219804 0.0525560259533572 0.982758620689655
861.077929219804 0.0625 0.982758620689655
861.077929219804 0.0743254446876701 0.974137931034483
1024 0.0131390064883393 0.948275862068966
1024 0.015625 0.948275862068966
1024 0.0185813611719175 0.956896551724138
1024 0.0220970869120796 0.974137931034483
1024 0.0262780129766786 0.974137931034483
1024 0.03125 0.982758620689655
1024 0.037162722343835 0.982758620689655
1024 0.0441941738241592 0.982758620689655
1024 0.0525560259533572 0.974137931034483
1024 0.0625 0.974137931034483
1024 0.0743254446876701 0.974137931034483
1217.74808576279 0.0131390064883393 0.96551724137931
1217.74808576279 0.015625 0.956896551724138
1217.74808576279 0.0185813611719175 0.96551724137931
1217.74808576279 0.0220970869120796 0.974137931034483
1217.74808576279 0.0262780129766786 0.974137931034483
1217.74808576279 0.03125 0.982758620689655
1217.74808576279 0.037162722343835 0.982758620689655
1217.74808576279 0.0441941738241592 0.974137931034483
1217.74808576279 0.0525560259533572 0.974137931034483
1217.74808576279 0.0625 0.982758620689655
1217.74808576279 0.0743254446876701 0.974137931034483
1448.15468787005 0.0131390064883393 0.956896551724138
1448.15468787005 0.015625 0.96551724137931
1448.15468787005 0.0185813611719175 0.974137931034483
1448.15468787005 0.0220970869120796 0.96551724137931
1448.15468787005 0.0262780129766786 0.956896551724138
1448.15468787005 0.03125 0.96551724137931
1448.15468787005 0.037162722343835 0.96551724137931
1448.15468787005 0.0441941738241592 0.96551724137931
1448.15468787005 0.0525560259533572 0.974137931034483
1448.15468787005 0.0625 0.974137931034483
1448.15468787005 0.0743254446876701 0.974137931034483
1722.15585843961 0.0131390064883393 0.96551724137931
1722.15585843961 0.015625 0.96551724137931
1722.15585843961 0.0185813611719175 0.96551724137931
1722.15585843961 0.0220970869120796 0.96551724137931
1722.15585843961 0.0262780129766786 0.96551724137931
1722.15585843961 0.03125 0.956896551724138
1722.15585843961 0.037162722343835 0.96551724137931
1722.15585843961 0.0441941738241592 0.96551724137931
1722.15585843961 0.0525560259533572 0.96551724137931
1722.15585843961 0.0625 0.96551724137931
1722.15585843961 0.0743254446876701 0.96551724137931
2435.49617152557 0.0131390064883393 0.974137931034483
2435.49617152557 0.015625 0.96551724137931
2435.49617152557 0.0185813611719175 0.96551724137931
2435.49617152557 0.0220970869120796 0.974137931034483
2435.49617152557 0.0262780129766786 0.96551724137931
2435.49617152557 0.03125 0.96551724137931
2435.49617152557 0.037162722343835 0.974137931034483
2435.49617152557 0.0441941738241592 0.982758620689655
2435.49617152557 0.0525560259533572 0.974137931034483
2435.49617152557 0.0625 0.96551724137931
2435.49617152557 0.0743254446876701 0.96551724137931
2896.3093757401 0.0131390064883393 0.974137931034483
2896.3093757401 0.015625 0.948275862068966
2896.3093757401 0.0185813611719175 0.948275862068966
2896.3093757401 0.0220970869120796 0.948275862068966
2896.3093757401 0.0262780129766786 0.974137931034483
2896.3093757401 0.03125 0.974137931034483
2896.3093757401 0.037162722343835 0.982758620689655
2896.3093757401 0.0441941738241592 0.982758620689655
2896.3093757401 0.0525560259533572 0.982758620689655
2896.3093757401 0.0625 0.982758620689655
2896.3093757401 0.0743254446876701 0.982758620689655
3444.31171687921 0.0131390064883393 0.982758620689655
3444.31171687921 0.015625 0.982758620689655
3444.31171687921 0.0185813611719175 0.982758620689655
3444.31171687921 0.0220970869120796 0.982758620689655
3444.31171687921 0.0262780129766786 0.982758620689655
3444.31171687921 0.03125 0.974137931034483
3444.31171687921 0.037162722343835 0.96551724137931
3444.31171687921 0.0441941738241592 0.96551724137931
3444.31171687921 0.0525560259533572 0.96551724137931
3444.31171687921 0.0625 0.96551724137931
3444.31171687921 0.0743254446876701 0.982758620689655
4096 0.0131390064883393 0.982758620689655
4096 0.015625 0.982758620689655
4096 0.0185813611719175 0.982758620689655
4096 0.0220970869120796 0.982758620689655
4096 0.0262780129766786 0.982758620689655
4096 0.03125 0.982758620689655
4096 0.037162722343835 0.974137931034483
4096 0.0441941738241592 0.974137931034483
4096 0.0525560259533572 0.96551724137931
4096 0.0625 0.96551724137931
4096 0.0743254446876701 0.974137931034483
4870.99234305115 0.0131390064883393 0.974137931034483
4870.99234305115 0.015625 0.982758620689655
4870.99234305115 0.0185813611719175 0.974137931034483
4870.99234305115 0.0220970869120796 0.974137931034483
4870.99234305115 0.0262780129766786 0.974137931034483
4870.99234305115 0.03125 0.974137931034483
4870.99234305115 0.037162722343835 0.974137931034483
4870.99234305115 0.0441941738241592 0.956896551724138
4870.99234305115 0.0525560259533572 0.956896551724138
4870.99234305115 0.0625 0.982758620689655
4870.99234305115 0.0743254446876701 0.982758620689655
