labels 1 0 -1
-1 -1 3.42426321352639E-05 0.0074900491917539 0.992475708176111 
-1 -1 9.18613668539811E-05 0.0125704789458132 0.987337659687333 
-1 -1 2.58090156768771E-05 0.00678989838728403 0.993184292597039 
-1 -1 0.00153316718252009 0.0297222184316982 0.968744614385782 
-1 -1 0.00216584112315046 0.0467448567064726 0.951089302170377 
-1 -1 0.0017382600652197 0.0397140920286067 0.958547647906174 
-1 -1 0.000763953280132769 0.0390058959371574 0.96023015078271 
-1 -1 0.00193219537834216 0.0691386833666472 0.928929121255011 
0 0 0.0242637860787763 0.650194330168215 0.325541883753008 
0 -1 0.00640145310365032 0.185316813814713 0.808281733081636 
-1 -1 0.000995691487041518 0.0447727364612918 0.954231572051667 
-1 -1 0.00184890470960564 0.0652677247194643 0.93288337057093 
-1 -1 0.00119316845111285 0.0519873800459148 0.946819451502972 
-1 -1 0.000663940982569872 0.0353773512252333 0.963958707792197 
-1 -1 0.00427632769922814 0.110788717665263 0.884934954635509 
-1 -1 0.00437849486690883 0.129387758726064 0.866233746407028 
-1 -1 0.00852737175950296 0.250061796556474 0.741410831684023 
-1 -1 0.0123442298148835 0.351224819780226 0.636430950404891 
-1 -1 0.014033958666171 0.386552145947506 0.599413895386323 
-1 -1 0.0176600353389607 0.472554143741798 0.509785820919241 
-1 0 0.0251770671853485 0.662898040326715 0.311924892487936 
-1 0 0.0303088520468372 0.78053351050928 0.189157637443883 
-1 0 0.0311595901904195 0.795381310483657 0.173459099325924 
-1 0 0.0322067001969353 0.820028440174069 0.147764859628996 
-1 0 0.033302131908326 0.849331442369307 0.117366425722367 
-1 0 0.0338612577849362 0.876497128991503 0.0896416132235605 
-1 0 0.0322554099541771 0.892317882827808 0.0754267072180143 
-1 0 0.0328333997830064 0.913997196681848 0.0531694035351457 
-1 0 0.0331285521092058 0.931896335064246 0.0349751128265482 
-1 0 0.0332322040246541 0.945566176116096 0.0212016198592497 
-1 0 0.0334028682075123 0.954502913471607 0.0120942183208805 
-1 0 0.0322291154750325 0.959162151147417 0.00860873337755026 
-1 0 0.0308502821013586 0.964248548258296 0.00490116964034516 
-1 0 0.0292562794436087 0.967473383787698 0.00327033676869288 
-1 0 0.0275578775694996 0.97008505884143 0.00235706358907082 
-1 0 0.0258007479526995 0.972396809615669 0.00180244243163106 
-1 0 0.0180384554009271 0.980596786561511 0.00136475803756195 
-1 0 0.0100320798856296 0.988873055248752 0.00109486486561858 
-1 0 0.00599213860122761 0.992766094646725 0.00124176675204793 
-1 0 0.020201850474426 0.978917632584289 0.000880516941284941 
-1 0 0.018407534794394 0.980873553197014 0.00071891200859203 
-1 0 0.0168188402986504 0.982589163546009 0.000591996155340659 
-1 0 0.0154395703856109 0.984067852067632 0.000492577546757487 
-1 0 0.0142642796304465 0.985320025870216 0.000415694499338177 
-1 0 0.0133030786239069 0.986338945304464 0.00035797607162954 
-1 0 0.012492995629343 0.987193490522131 0.000313513848526286 
-1 0 0.0118556918232369 0.987863414427615 0.000280893749148165 
-1 0 0.00905656000915085 0.990779073651746 0.000164366339102815 
-1 0 0.00559813379921261 0.994338389893101 6.34763076860072E-05 
-1 0 0.00630587663680336 0.993614595851503 7.95275116934742E-05 
-1 0 0.00732316481422624 0.992570042490129 0.000106792695644588 
-1 0 0.00798309539277712 0.991890144182579 0.000126760424643466 
-1 0 0.00628499794431796 0.993636330852667 7.86712030154407E-05 
-1 0 0.00433373479046898 0.995628749482699 3.75157268318313E-05 
-1 0 0.00273684284570723 0.997248113292036 1.50438622569995E-05 
-1 0 0.00470633749263274 0.995249119316257 4.45431911108944E-05 
-1 0 0.00569747750318497 0.994237697283582 6.48252132326885E-05 
-1 0 0.00549803825460133 0.994441690806966 6.02709384328468E-05 
0 0 0.00503107933840632 0.994918323471576 5.05971900177362E-05 
0 0 0.00456811823695352 0.995390185421991 4.16963410559333E-05 
0 0 0.00824694917759813 0.991610929664922 0.000142121157480453 
0 0 0.00851081231591932 0.991340974544611 0.000148213139470144 
-1 0 0.00809027382143857 0.991776242354608 0.000133483823953153 
-1 0 0.00781071405361732 0.992065273792949 0.000124012153433845 
-1 0 0.00761787501367855 0.992264454368688 0.000117670617633234 
-1 0 0.00748137702858717 0.992405361678579 0.000113261292833985 
-1 0 0.00624401324023345 0.993678008417757 7.79783420101542E-05 
-1 0 0.00455002543592514 0.995408455345931 4.15192181438066E-05 
1 0 0.0245345605516434 0.973560116511628 0.00190532293672874 
1 0 0.0170716143888918 0.98224394728363 0.000684438327477816 
1 0 0.0181518469041789 0.980793657133916 0.00105449596190555 
1 0 0.224015160859949 0.774938568933678 0.00104627020637387 
1 0 0.19020836529759 0.807364602505866 0.00242703219654369 
1 0 0.170916359677115 0.823734036914021 0.00534960340886426 
0 0 0.142954837895228 0.845370147785189 0.0116750143195826 
0 0 0.11789686565587 0.861541197507657 0.0205619368364725 
0 0 0.0871654385322898 0.891774962347567 0.0210595991201432 
1 0 0.0625377609201276 0.923155446872151 0.0143067922077219 
0 0 0.0593399956517557 0.927398307859687 0.0132616964885572 
0 0 0.0677138543132891 0.916429974389478 0.0158561712972324 
0 0 0.0413357359934781 0.952059749562908 0.00660451444361359 
0 0 0.0354797025995549 0.959502727056716 0.00501757034372914 
0 0 0.0626991349837456 0.926011060197316 0.0112898048189378 
0 0 0.048961074381155 0.944027929495193 0.00701099612365252 
0 0 0.0342663484431445 0.963177175753182 0.00255647580367339 
0 0 0.0293832913592432 0.968805783453842 0.00181092518691465 
0 0 0.0192322860463369 0.979991440424725 0.000776273528937932 
0 0 0.0343754181445651 0.962939783825363 0.00268479803007128 
0 0 0.034207454660443 0.963418899547841 0.00237364579171659 
0 0 0.0304339389313331 0.967722429180149 0.00184363188851777 
0 0 0.0268180592404677 0.971751738041736 0.00143020271779648 
0 0 0.0235392827433513 0.975361576693611 0.00109914056303817 
0 0 0.0231063310105112 0.97583750013696 0.00105616885252854 
0 0 0.0191552971684712 0.980118682340712 0.000726020490816858 
0 0 0.020526075666953 0.978638758643091 0.000835165689956258 
0 0 0.0177932720652838 0.981580854158185 0.000625873776531197 
0 0 0.0208058503961058 0.978338109151826 0.000856040452067897 
0 0 0.0195278366202415 0.979717778251409 0.000754385128350061 
0 0 0.014158048249336 0.985444019579164 0.000397932171500487 
0 0 0.0145950609427071 0.984983024888742 0.000421914168550912 
0 0 0.0141203349885576 0.985484708412968 0.000394956598474595 
0 0 0.011019879678468 0.988739234541287 0.000240885780244649 
0 0 0.0149820133255345 0.98457205610381 0.000445930570655871 
0 0 0.0183438334068754 0.980917008037568 0.000739158555556375 
0 0 0.0217523915424997 0.977277067899485 0.000970540558014834 
0 0 0.019216602701073 0.980050680067793 0.000732717231134211 
0 0 0.0183851145547439 0.98094179044437 0.000673095000885891 
0 0 0.0169340784441076 0.982496010127953 0.000569911427939878 
-1 0 0.0156235972113415 0.983891920705666 0.000484482082992414 
-1 0 0.0115769782437215 0.988157108566217 0.000265913190061453 
-1 0 0.0154308323497675 0.984096661148475 0.000472506501757767 
-1 0 0.0154732560608716 0.984052216764595 0.000474527174533174 
-1 0 0.00994161348273121 0.989861984727554 0.000196401789714896 
-1 0 0.0162446701502806 0.983232375497605 0.000522954352114116 
-1 0 0.012511422036009 0.987177286627111 0.000311291336879935 
-1 0 0.0110335329779887 0.988724929229396 0.000241537792615681 
-1 0 0.00666189155967841 0.993249730803848 8.83776364734923E-05 
0 0 0.00445757942610153 0.995502166364828 4.02542090699222E-05 
0 0 0.00454674445617048 0.995411559460517 4.16960833129901E-05 
0 0 0.00847883616868038 0.991370679128301 0.000150484703018527 
0 0 0.00733718574339571 0.992554013808481 0.000108800448122852 
0 0 0.00526334478893021 0.994680627202018 5.60280090511584E-05 
0 0 0.00426748707043639 0.995694982036581 3.75308929828004E-05 
