0.03125 3.0517578125E-05 0.539823008849557
0.03125 0.0001220703125 0.539823008849557
0.03125 0.00048828125 0.539823008849557
0.03125 0.001953125 0.539823008849557
0.03125 0.0078125 0.539823008849557
0.03125 0.03125 0.539823008849557
0.03125 0.125 0.539823008849557
0.03125 0.5 0.539823008849557
0.03125 2 0.539823008849557
0.03125 8 0.539823008849557
0.125 3.0517578125E-05 0.539823008849557
0.125 0.0001220703125 0.539823008849557
0.125 0.00048828125 0.539823008849557
0.125 0.001953125 0.539823008849557
0.125 0.0078125 0.539823008849557
0.125 0.03125 0.539823008849557
0.125 0.125 0.539823008849557
0.125 0.5 0.539823008849557
0.125 2 0.539823008849557
0.125 8 0.566371681415929
0.5 3.0517578125E-05 0.539823008849557
0.5 0.0001220703125 0.539823008849557
0.5 0.00048828125 0.539823008849557
0.5 0.001953125 0.539823008849557
0.5 0.0078125 0.539823008849557
0.5 0.03125 0.539823008849557
0.5 0.125 0.539823008849557
0.5 0.5 0.56047197640118
0.5 2 0.631268436578171
0.5 8 0.663716814159292
2 3.0517578125E-05 0.539823008849557
2 0.0001220703125 0.539823008849557
2 0.00048828125 0.539823008849557
2 0.001953125 0.539823008849557
2 0.0078125 0.539823008849557
2 0.03125 0.539823008849557
2 0.125 0.563421828908555
2 0.5 0.640117994100295
2 2 0.678466076696165
2 8 0.743362831858407
8 3.0517578125E-05 0.539823008849557
8 0.0001220703125 0.539823008849557
8 0.00048828125 0.539823008849557
8 0.001953125 0.539823008849557
8 0.0078125 0.539823008849557
8 0.03125 0.569321533923304
8 0.125 0.64306784660767
8 0.5 0.690265486725664
8 2 0.75811209439528
8 8 0.746312684365782
32 3.0517578125E-05 0.539823008849557
32 0.0001220703125 0.539823008849557
32 0.00048828125 0.539823008849557
32 0.001953125 0.539823008849557
32 0.0078125 0.563421828908555
32 0.03125 0.640117994100295
32 0.125 0.696165191740413
32 0.5 0.743362831858407
32 2 0.772861356932153
32 8 0.781710914454277
128 3.0517578125E-05 0.539823008849557
128 0.0001220703125 0.539823008849557
128 0.00048828125 0.539823008849557
128 0.001953125 0.566371681415929
128 0.0078125 0.63716814159292
128 0.03125 0.693215339233038
128 0.125 0.76401179941003
128 0.5 0.781710914454277
128 2 0.811209439528024
128 8 0.823008849557522
512 3.0517578125E-05 0.539823008849557
512 0.0001220703125 0.539823008849557
512 0.00048828125 0.569321533923304
512 0.001953125 0.64306784660767
512 0.0078125 0.699115044247788
512 0.03125 0.743362831858407
512 0.125 0.784660766961652
512 0.5 0.834808259587021
512 2 0.837758112094395
512 8 0.84070796460177
2048 3.0517578125E-05 0.539823008849557
2048 0.0001220703125 0.56047197640118
2048 0.00048828125 0.64306784660767
2048 0.001953125 0.696165191740413
2048 0.0078125 0.749262536873156
2048 0.03125 0.784660766961652
2048 0.125 0.837758112094395
2048 0.5 0.858407079646018
2048 2 0.823008849557522
2048 8 0.820058997050148
8192 3.0517578125E-05 0.569321533923304
8192 0.0001220703125 0.640117994100295
8192 0.00048828125 0.693215339233038
8192 0.001953125 0.749262536873156
8192 0.0078125 0.781710914454277
8192 0.03125 0.825958702064897
8192 0.125 0.873156342182891
8192 0.5 0.855457227138643
8192 2 0.828908554572271
8192 8 0.817109144542773
32768 3.0517578125E-05 0.640117994100295
32768 0.0001220703125 0.68141592920354
32768 0.00048828125 0.746312684365782
32768 0.001953125 0.781710914454277
32768 0.0078125 0.805309734513274
32768 0.03125 0.858407079646018
32768 0.125 0.876106194690266
32768 0.5 0.831858407079646
32768 2 0.811209439528024
32768 8 0.805309734513274
13777.2468675169 0.0525560259533572 0.84070796460177
13777.2468675169 0.0625 0.84070796460177
13777.2468675169 0.0743254446876701 0.855457227138643
13777.2468675169 0.0883883476483184 0.855457227138643
13777.2468675169 0.105112051906714 0.864306784660767
13777.2468675169 0.125 0.870206489675516
13777.2468675169 0.14865088937534 0.855457227138643
13777.2468675169 0.176776695296637 0.876106194690266
13777.2468675169 0.210224103813429 0.87905604719764
13777.2468675169 0.25 0.864306784660767
13777.2468675169 0.29730177875068 0.855457227138643
16384 0.0525560259533572 0.846607669616519
16384 0.0625 0.870206489675516
16384 0.0743254446876701 0.864306784660767
16384 0.0883883476483184 0.867256637168142
16384 0.105112051906714 0.873156342182891
16384 0.125 0.858407079646018
16384 0.14865088937534 0.876106194690266
16384 0.176776695296637 0.87905604719764
16384 0.210224103813429 0.873156342182891
16384 0.25 0.876106194690266
16384 0.29730177875068 0.861356932153392
19483.9693722046 0.0525560259533572 0.870206489675516
19483.9693722046 0.0625 0.861356932153392
19483.9693722046 0.0743254446876701 0.870206489675516
19483.9693722046 0.0883883476483184 0.861356932153392
19483.9693722046 0.105112051906714 0.867256637168142
19483.9693722046 0.125 0.870206489675516
19483.9693722046 0.14865088937534 0.861356932153392
19483.9693722046 0.176776695296637 0.867256637168142
19483.9693722046 0.210224103813429 0.858407079646018
19483.9693722046 0.25 0.882005899705015
19483.9693722046 0.29730177875068 0.84070796460177
23170.4750059208 0.0525560259533572 0.861356932153392
23170.4750059208 0.0625 0.870206489675516
23170.4750059208 0.0743254446876701 0.864306784660767
23170.4750059208 0.0883883476483184 0.855457227138643
23170.4750059208 0.105112051906714 0.843657817109145
23170.4750059208 0.125 0.867256637168142
23170.4750059208 0.14865088937534 0.876106194690266
23170.4750059208 0.176776695296637 0.864306784660767
23170.4750059208 0.210224103813429 0.876106194690266
23170.4750059208 0.25 0.873156342182891
23170.4750059208 0.29730177875068 0.855457227138643
27554.4937350337 0.0525560259533572 0.861356932153392
27554.4937350337 0.0625 0.876106194690266
27554.4937350337 0.0743254446876701 0.876106194690266
27554.4937350337 0.0883883476483184 0.864306784660767
27554.4937350337 0.105112051906714 0.882005899705015
27554.4937350337 0.125 0.870206489675516
27554.4937350337 0.14865088937534 0.873156342182891
27554.4937350337 0.176776695296637 0.873156342182891
27554.4937350337 0.210224103813429 0.867256637168142
27554.4937350337 0.25 0.864306784660767
27554.4937350337 0.29730177875068 0.864306784660767
38967.9387444092 0.0525560259533572 0.873156342182891
38967.9387444092 0.0625 0.861356932153392
38967.9387444092 0.0743254446876701 0.855457227138643
38967.9387444092 0.0883883476483184 0.887905604719764
38967.9387444092 0.105112051906714 0.873156342182891
38967.9387444092 0.125 0.861356932153392
38967.9387444092 0.14865088937534 0.870206489675516
38967.9387444092 0.176776695296637 0.855457227138643
38967.9387444092 0.210224103813429 0.870206489675516
38967.9387444092 0.25 0.864306784660767
38967.9387444092 0.29730177875068 0.855457227138643
46340.9500118416 0.0525560259533572 0.861356932153392
46340.9500118416 0.0625 0.876106194690266
46340.9500118416 0.0743254446876701 0.858407079646018
46340.9500118416 0.0883883476483184 0.882005899705015
46340.9500118416 0.105112051906714 0.882005899705015
46340.9500118416 0.125 0.884955752212389
46340.9500118416 0.14865088937534 0.884955752212389
46340.9500118416 0.176776695296637 0.887905604719764
46340.9500118416 0.210224103813429 0.843657817109145
46340.9500118416 0.25 0.876106194690266
46340.9500118416 0.29730177875068 0.852507374631268
55108.9874700674 0.0525560259533572 0.864306784660767
55108.9874700674 0.0625 0.858407079646018
55108.9874700674 0.0743254446876701 0.873156342182891
55108.9874700674 0.0883883476483184 0.858407079646018
55108.9874700674 0.105112051906714 0.852507374631268
55108.9874700674 0.125 0.858407079646018
55108.9874700674 0.14865088937534 0.849557522123894
55108.9874700674 0.176776695296637 0.861356932153392
55108.9874700674 0.210224103813429 0.882005899705015
55108.9874700674 0.25 0.890855457227139
55108.9874700674 0.29730177875068 0.861356932153392
65536 0.0525560259533572 0.873156342182891
65536 0.0625 0.893805309734513
65536 0.0743254446876701 0.873156342182891
65536 0.0883883476483184 0.882005899705015
65536 0.105112051906714 0.873156342182891
65536 0.125 0.864306784660767
65536 0.14865088937534 0.876106194690266
65536 0.176776695296637 0.870206489675516
65536 0.210224103813429 0.852507374631268
65536 0.25 0.887905604719764
65536 0.29730177875068 0.858407079646018
77935.8774888183 0.0525560259533572 0.882005899705015
77935.8774888183 0.0625 0.884955752212389
77935.8774888183 0.0743254446876701 0.887905604719764
77935.8774888183 0.0883883476483184 0.884955752212389
77935.8774888183 0.105112051906714 0.873156342182891
77935.8774888183 0.125 0.867256637168142
77935.8774888183 0.14865088937534 0.867256637168142
77935.8774888183 0.176776695296637 0.873156342182891
77935.8774888183 0.210224103813429 0.849557522123894
77935.8774888183 0.25 0.858407079646018
77935.8774888183 0.29730177875068 0.852507374631268
