0.03125 3.0517578125E-05 0.5
0.03125 0.0001220703125 0.5
0.03125 0.00048828125 0.483870967741936
0.03125 0.001953125 0.493548387096774
0.03125 0.0078125 0.496774193548387
0.03125 0.03125 0.483870967741936
0.03125 0.125 0.506451612903226
0.03125 0.5 0.506451612903226
0.03125 2 0.548387096774194
0.03125 8 0.596774193548387
0.125 3.0517578125E-05 0.5
0.125 0.0001220703125 0.496774193548387
0.125 0.00048828125 0.470967741935484
0.125 0.001953125 0.493548387096774
0.125 0.0078125 0.503225806451613
0.125 0.03125 0.496774193548387
0.125 0.125 0.5
0.125 0.5 0.587096774193548
0.125 2 0.596774193548387
0.125 8 0.596774193548387
0.5 3.0517578125E-05 0.5
0.5 0.0001220703125 0.490322580645161
0.5 0.00048828125 0.47741935483871
0.5 0.001953125 0.503225806451613
0.5 0.0078125 0.506451612903226
0.5 0.03125 0.493548387096774
0.5 0.125 0.587096774193548
0.5 0.5 0.590322580645161
0.5 2 0.603225806451613
0.5 8 0.616129032258064
2 3.0517578125E-05 0.480645161290323
2 0.0001220703125 0.503225806451613
2 0.00048828125 0.490322580645161
2 0.001953125 0.490322580645161
2 0.0078125 0.493548387096774
2 0.03125 0.593548387096774
2 0.125 0.590322580645161
2 0.5 0.587096774193548
2 2 0.616129032258064
2 8 0.609677419354839
8 3.0517578125E-05 0.506451612903226
8 0.0001220703125 0.506451612903226
8 0.00048828125 0.496774193548387
8 0.001953125 0.487096774193548
8 0.0078125 0.580645161290323
8 0.03125 0.590322580645161
8 0.125 0.606451612903226
8 0.5 0.619354838709677
8 2 0.635483870967742
8 8 0.635483870967742
32 3.0517578125E-05 0.487096774193548
32 0.0001220703125 0.503225806451613
32 0.00048828125 0.503225806451613
32 0.001953125 0.596774193548387
32 0.0078125 0.590322580645161
32 0.03125 0.603225806451613
32 0.125 0.625806451612903
32 0.5 0.62258064516129
32 2 0.664516129032258
32 8 0.648387096774194
128 3.0517578125E-05 0.487096774193548
128 0.0001220703125 0.509677419354839
128 0.00048828125 0.593548387096774
128 0.001953125 0.593548387096774
128 0.0078125 0.609677419354839
128 0.03125 0.625806451612903
128 0.125 0.625806451612903
128 0.5 0.703225806451613
128 2 0.696774193548387
128 8 0.729032258064516
512 3.0517578125E-05 0.487096774193548
512 0.0001220703125 0.583870967741935
512 0.00048828125 0.590322580645161
512 0.001953125 0.6
512 0.0078125 0.638709677419355
512 0.03125 0.632258064516129
512 0.125 0.693548387096774
512 0.5 0.764516129032258
512 2 0.783870967741935
512 8 0.774193548387097
2048 3.0517578125E-05 0.580645161290323
2048 0.0001220703125 0.590322580645161
2048 0.00048828125 0.603225806451613
2048 0.001953125 0.632258064516129
2048 0.0078125 0.632258064516129
2048 0.03125 0.706451612903226
2048 0.125 0.764516129032258
2048 0.5 0.8
2048 2 0.790322580645161
2048 8 0.790322580645161
8192 3.0517578125E-05 0.596774193548387
8192 0.0001220703125 0.606451612903226
8192 0.00048828125 0.635483870967742
8192 0.001953125 0.651612903225806
8192 0.0078125 0.696774193548387
8192 0.03125 0.780645161290323
8192 0.125 0.812903225806452
8192 0.5 0.809677419354839
8192 2 0.803225806451613
8192 8 0.764516129032258
32768 3.0517578125E-05 0.606451612903226
32768 0.0001220703125 0.632258064516129
32768 0.00048828125 0.658064516129032
32768 0.001953125 0.72258064516129
32768 0.0078125 0.780645161290323
32768 0.03125 0.803225806451613
32768 0.125 0.835483870967742
32768 0.5 0.806451612903226
32768 2 0.809677419354839
32768 8 0.738709677419355
13777.2468675169 0.0525560259533572 0.803225806451613
13777.2468675169 0.0625 0.796774193548387
13777.2468675169 0.0743254446876701 0.812903225806452
13777.2468675169 0.0883883476483184 0.82258064516129
13777.2468675169 0.105112051906714 0.832258064516129
13777.2468675169 0.125 0.825806451612903
13777.2468675169 0.14865088937534 0.829032258064516
13777.2468675169 0.176776695296637 0.812903225806452
13777.2468675169 0.210224103813429 0.825806451612903
13777.2468675169 0.25 0.816129032258065
13777.2468675169 0.29730177875068 0.812903225806452
16384 0.0525560259533572 0.812903225806452
16384 0.0625 0.809677419354839
16384 0.0743254446876701 0.806451612903226
16384 0.0883883476483184 0.812903225806452
16384 0.105112051906714 0.82258064516129
16384 0.125 0.825806451612903
16384 0.14865088937534 0.806451612903226
16384 0.176776695296637 0.82258064516129
16384 0.210224103813429 0.796774193548387
16384 0.25 0.819354838709677
16384 0.29730177875068 0.819354838709677
19483.9693722046 0.0525560259533572 0.809677419354839
19483.9693722046 0.0625 0.806451612903226
19483.9693722046 0.0743254446876701 0.819354838709677
19483.9693722046 0.0883883476483184 0.825806451612903
19483.9693722046 0.105112051906714 0.82258064516129
19483.9693722046 0.125 0.816129032258065
19483.9693722046 0.14865088937534 0.816129032258065
19483.9693722046 0.176776695296637 0.812903225806452
19483.9693722046 0.210224103813429 0.812903225806452
19483.9693722046 0.25 0.82258064516129
19483.9693722046 0.29730177875068 0.816129032258065
23170.4750059208 0.0525560259533572 0.82258064516129
23170.4750059208 0.0625 0.812903225806452
23170.4750059208 0.0743254446876701 0.825806451612903
23170.4750059208 0.0883883476483184 0.825806451612903
23170.4750059208 0.105112051906714 0.825806451612903
23170.4750059208 0.125 0.829032258064516
23170.4750059208 0.14865088937534 0.812903225806452
23170.4750059208 0.176776695296637 0.832258064516129
23170.4750059208 0.210224103813429 0.806451612903226
23170.4750059208 0.25 0.825806451612903
23170.4750059208 0.29730177875068 0.82258064516129
27554.4937350337 0.0525560259533572 0.82258064516129
27554.4937350337 0.0625 0.819354838709677
27554.4937350337 0.0743254446876701 0.82258064516129
27554.4937350337 0.0883883476483184 0.809677419354839
27554.4937350337 0.105112051906714 0.816129032258065
27554.4937350337 0.125 0.816129032258065
27554.4937350337 0.14865088937534 0.832258064516129
27554.4937350337 0.176776695296637 0.819354838709677
27554.4937350337 0.210224103813429 0.816129032258065
27554.4937350337 0.25 0.816129032258065
27554.4937350337 0.29730177875068 0.82258064516129
38967.9387444092 0.0525560259533572 0.832258064516129
38967.9387444092 0.0625 0.829032258064516
38967.9387444092 0.0743254446876701 0.803225806451613
38967.9387444092 0.0883883476483184 0.82258064516129
38967.9387444092 0.105112051906714 0.809677419354839
38967.9387444092 0.125 0.806451612903226
38967.9387444092 0.14865088937534 0.825806451612903
38967.9387444092 0.176776695296637 0.812903225806452
38967.9387444092 0.210224103813429 0.819354838709677
38967.9387444092 0.25 0.816129032258065
38967.9387444092 0.29730177875068 0.809677419354839
46340.9500118416 0.0525560259533572 0.832258064516129
46340.9500118416 0.0625 0.825806451612903
46340.9500118416 0.0743254446876701 0.819354838709677
46340.9500118416 0.0883883476483184 0.829032258064516
46340.9500118416 0.105112051906714 0.806451612903226
46340.9500118416 0.125 0.816129032258065
46340.9500118416 0.14865088937534 0.829032258064516
46340.9500118416 0.176776695296637 0.819354838709677
46340.9500118416 0.210224103813429 0.803225806451613
46340.9500118416 0.25 0.816129032258065
46340.9500118416 0.29730177875068 0.806451612903226
55108.9874700674 0.0525560259533572 0.835483870967742
55108.9874700674 0.0625 0.803225806451613
55108.9874700674 0.0743254446876701 0.819354838709677
55108.9874700674 0.0883883476483184 0.825806451612903
55108.9874700674 0.105112051906714 0.819354838709677
55108.9874700674 0.125 0.82258064516129
55108.9874700674 0.14865088937534 0.819354838709677
55108.9874700674 0.176776695296637 0.816129032258065
55108.9874700674 0.210224103813429 0.82258064516129
55108.9874700674 0.25 0.829032258064516
55108.9874700674 0.29730177875068 0.82258064516129
65536 0.0525560259533572 0.82258064516129
65536 0.0625 0.825806451612903
65536 0.0743254446876701 0.819354838709677
65536 0.0883883476483184 0.825806451612903
65536 0.105112051906714 0.829032258064516
65536 0.125 0.816129032258065
65536 0.14865088937534 0.812903225806452
65536 0.176776695296637 0.796774193548387
65536 0.210224103813429 0.82258064516129
65536 0.25 0.819354838709677
65536 0.29730177875068 0.812903225806452
77935.8774888183 0.0525560259533572 0.832258064516129
77935.8774888183 0.0625 0.812903225806452
77935.8774888183 0.0743254446876701 0.832258064516129
77935.8774888183 0.0883883476483184 0.806451612903226
77935.8774888183 0.105112051906714 0.812903225806452
77935.8774888183 0.125 0.832258064516129
77935.8774888183 0.14865088937534 0.816129032258065
77935.8774888183 0.176776695296637 0.796774193548387
77935.8774888183 0.210224103813429 0.803225806451613
77935.8774888183 0.25 0.82258064516129
77935.8774888183 0.29730177875068 0.812903225806452
