0.03125 3.0517578125E-05 0.384615384615385
0.03125 0.0001220703125 0.384615384615385
0.03125 0.00048828125 0.384615384615385
0.03125 0.001953125 0.384615384615385
0.03125 0.0078125 0.384615384615385
0.03125 0.03125 0.384615384615385
0.03125 0.125 0.384615384615385
0.03125 0.5 0.384615384615385
0.03125 2 0.421245421245421
0.03125 8 0.384615384615385
0.125 3.0517578125E-05 0.384615384615385
0.125 0.0001220703125 0.384615384615385
0.125 0.00048828125 0.384615384615385
0.125 0.001953125 0.384615384615385
0.125 0.0078125 0.384615384615385
0.125 0.03125 0.384615384615385
0.125 0.125 0.384615384615385
0.125 0.5 0.54945054945055
0.125 2 0.600732600732601
0.125 8 0.58974358974359
0.5 3.0517578125E-05 0.384615384615385
0.5 0.0001220703125 0.384615384615385
0.5 0.00048828125 0.384615384615385
0.5 0.001953125 0.384615384615385
0.5 0.0078125 0.384615384615385
0.5 0.03125 0.384615384615385
0.5 0.125 0.553113553113553
0.5 0.5 0.615384615384615
0.5 2 0.684981684981685
0.5 8 0.695970695970696
2 3.0517578125E-05 0.384615384615385
2 0.0001220703125 0.384615384615385
2 0.00048828125 0.384615384615385
2 0.001953125 0.384615384615385
2 0.0078125 0.384615384615385
2 0.03125 0.564102564102564
2 0.125 0.615384615384615
2 0.5 0.721611721611722
2 2 0.772893772893773
2 8 0.794871794871795
8 3.0517578125E-05 0.384615384615385
8 0.0001220703125 0.384615384615385
8 0.00048828125 0.384615384615385
8 0.001953125 0.384615384615385
8 0.0078125 0.556776556776557
8 0.03125 0.626373626373626
8 0.125 0.692307692307692
8 0.5 0.805860805860806
8 2 0.835164835164835
8 8 0.842490842490843
32 3.0517578125E-05 0.384615384615385
32 0.0001220703125 0.384615384615385
32 0.00048828125 0.384615384615385
32 0.001953125 0.553113553113553
32 0.0078125 0.641025641025641
32 0.03125 0.732600732600733
32 0.125 0.813186813186813
32 0.5 0.871794871794872
32 2 0.871794871794872
32 8 0.84981684981685
128 3.0517578125E-05 0.384615384615385
128 0.0001220703125 0.384615384615385
128 0.00048828125 0.545787545787546
128 0.001953125 0.633699633699634
128 0.0078125 0.73992673992674
128 0.03125 0.824175824175824
128 0.125 0.864468864468865
128 0.5 0.89010989010989
128 2 0.875457875457875
128 8 0.871794871794872
512 3.0517578125E-05 0.384615384615385
512 0.0001220703125 0.54945054945055
512 0.00048828125 0.633699633699634
512 0.001953125 0.732600732600733
512 0.0078125 0.816849816849817
512 0.03125 0.882783882783883
512 0.125 0.879120879120879
512 0.5 0.926739926739927
512 2 0.875457875457875
512 8 0.853479853479853
2048 3.0517578125E-05 0.553113553113553
2048 0.0001220703125 0.615384615384615
2048 0.00048828125 0.728937728937729
2048 0.001953125 0.842490842490843
2048 0.0078125 0.868131868131868
2048 0.03125 0.879120879120879
2048 0.125 0.901098901098901
2048 0.5 0.893772893772894
2048 2 0.897435897435897
2048 8 0.882783882783883
8192 3.0517578125E-05 0.622710622710623
8192 0.0001220703125 0.717948717948718
8192 0.00048828125 0.82051282051282
8192 0.001953125 0.864468864468865
8192 0.0078125 0.893772893772894
8192 0.03125 0.908424908424908
8192 0.125 0.919413919413919
8192 0.5 0.904761904761905
8192 2 0.875457875457875
8192 8 0.860805860805861
32768 3.0517578125E-05 0.725274725274725
32768 0.0001220703125 0.80952380952381
32768 0.00048828125 0.871794871794872
32768 0.001953125 0.897435897435897
32768 0.0078125 0.908424908424908
32768 0.03125 0.923076923076923
32768 0.125 0.908424908424908
32768 0.5 0.912087912087912
32768 2 0.864468864468865
32768 8 0.868131868131868
215.269482304951 0.210224103813429 0.893772893772894
215.269482304951 0.25 0.886446886446886
215.269482304951 0.29730177875068 0.882783882783883
215.269482304951 0.353553390593274 0.89010989010989
215.269482304951 0.420448207626857 0.89010989010989
215.269482304951 0.5 0.882783882783883
215.269482304951 0.594603557501361 0.882783882783883
215.269482304951 0.707106781186548 0.886446886446886
215.269482304951 0.840896415253715 0.882783882783883
215.269482304951 1 0.864468864468865
215.269482304951 1.18920711500272 0.904761904761905
256 0.210224103813429 0.886446886446886
256 0.25 0.897435897435897
256 0.29730177875068 0.893772893772894
256 0.353553390593274 0.904761904761905
256 0.420448207626857 0.893772893772894
256 0.5 0.882783882783883
256 0.594603557501361 0.871794871794872
256 0.707106781186548 0.901098901098901
256 0.840896415253715 0.904761904761905
256 1 0.886446886446886
256 1.18920711500272 0.901098901098901
304.437021440697 0.210224103813429 0.886446886446886
304.437021440697 0.25 0.864468864468865
304.437021440697 0.29730177875068 0.886446886446886
304.437021440697 0.353553390593274 0.875457875457875
304.437021440697 0.420448207626857 0.904761904761905
304.437021440697 0.5 0.893772893772894
304.437021440697 0.594603557501361 0.908424908424908
304.437021440697 0.707106781186548 0.901098901098901
304.437021440697 0.840896415253715 0.901098901098901
304.437021440697 1 0.868131868131868
304.437021440697 1.18920711500272 0.886446886446886
362.038671967512 0.210224103813429 0.908424908424908
362.038671967512 0.25 0.897435897435897
362.038671967512 0.29730177875068 0.897435897435897
362.038671967512 0.353553390593274 0.897435897435897
362.038671967512 0.420448207626857 0.897435897435897
362.038671967512 0.5 0.882783882783883
362.038671967512 0.594603557501361 0.879120879120879
362.038671967512 0.707106781186548 0.893772893772894
362.038671967512 0.840896415253715 0.915750915750916
362.038671967512 1 0.871794871794872
362.038671967512 1.18920711500272 0.882783882783883
430.538964609902 0.210224103813429 0.886446886446886
430.538964609902 0.25 0.897435897435897
430.538964609902 0.29730177875068 0.904761904761905
430.538964609902 0.353553390593274 0.912087912087912
430.538964609902 0.420448207626857 0.897435897435897
430.538964609902 0.5 0.908424908424908
430.538964609902 0.594603557501361 0.901098901098901
430.538964609902 0.707106781186548 0.882783882783883
430.538964609902 0.840896415253715 0.908424908424908
430.538964609902 1 0.897435897435897
430.538964609902 1.18920711500272 0.908424908424908
608.874042881393 0.210224103813429 0.904761904761905
608.874042881393 0.25 0.919413919413919
608.874042881393 0.29730177875068 0.897435897435897
608.874042881393 0.353553390593274 0.912087912087912
608.874042881393 0.420448207626857 0.919413919413919
608.874042881393 0.5 0.882783882783883
608.874042881393 0.594603557501361 0.901098901098901
608.874042881393 0.707106781186548 0.897435897435897
608.874042881393 0.840896415253715 0.886446886446886
608.874042881393 1 0.893772893772894
608.874042881393 1.18920711500272 0.879120879120879
724.077343935025 0.210224103813429 0.904761904761905
724.077343935025 0.25 0.904761904761905
724.077343935025 0.29730177875068 0.893772893772894
724.077343935025 0.353553390593274 0.912087912087912
724.077343935025 0.420448207626857 0.908424908424908
724.077343935025 0.5 0.904761904761905
724.077343935025 0.594603557501361 0.915750915750916
724.077343935025 0.707106781186548 0.886446886446886
724.077343935025 0.840896415253715 0.882783882783883
724.077343935025 1 0.879120879120879
724.077343935025 1.18920711500272 0.868131868131868
861.077929219804 0.210224103813429 0.923076923076923
861.077929219804 0.25 0.912087912087912
861.077929219804 0.29730177875068 0.89010989010989
861.077929219804 0.353553390593274 0.901098901098901
861.077929219804 0.420448207626857 0.904761904761905
861.077929219804 0.5 0.893772893772894
861.077929219804 0.594603557501361 0.908424908424908
861.077929219804 0.707106781186548 0.901098901098901
861.077929219804 0.840896415253715 0.897435897435897
861.077929219804 1 0.901098901098901
861.077929219804 1.18920711500272 0.879120879120879
1024 0.210224103813429 0.893772893772894
1024 0.25 0.904761904761905
1024 0.29730177875068 0.897435897435897
1024 0.353553390593274 0.904761904761905
1024 0.420448207626857 0.897435897435897
1024 0.5 0.904761904761905
1024 0.594603557501361 0.886446886446886
1024 0.707106781186548 0.897435897435897
1024 0.840896415253715 0.893772893772894
1024 1 0.901098901098901
1024 1.18920711500272 0.882783882783883
1217.74808576279 0.210224103813429 0.89010989010989
1217.74808576279 0.25 0.897435897435897
1217.74808576279 0.29730177875068 0.904761904761905
1217.74808576279 0.353553390593274 0.904761904761905
1217.74808576279 0.420448207626857 0.897435897435897
1217.74808576279 0.5 0.904761904761905
1217.74808576279 0.594603557501361 0.908424908424908
1217.74808576279 0.707106781186548 0.89010989010989
1217.74808576279 0.840896415253715 0.897435897435897
1217.74808576279 1 0.908424908424908
1217.74808576279 1.18920711500272 0.886446886446886
