0.03125 3.0517578125E-05 0.491349480968858
0.03125 0.0001220703125 0.491349480968858
0.03125 0.00048828125 0.491349480968858
0.03125 0.001953125 0.491349480968858
0.03125 0.0078125 0.491349480968858
0.03125 0.03125 0.491349480968858
0.03125 0.125 0.491349480968858
0.03125 0.5 0.491349480968858
0.03125 2 0.491349480968858
0.03125 8 0.491349480968858
0.125 3.0517578125E-05 0.491349480968858
0.125 0.0001220703125 0.491349480968858
0.125 0.00048828125 0.491349480968858
0.125 0.001953125 0.491349480968858
0.125 0.0078125 0.491349480968858
0.125 0.03125 0.491349480968858
0.125 0.125 0.491349480968858
0.125 0.5 0.491349480968858
0.125 2 0.491349480968858
0.125 8 0.480968858131488
0.5 3.0517578125E-05 0.491349480968858
0.5 0.0001220703125 0.491349480968858
0.5 0.00048828125 0.491349480968858
0.5 0.001953125 0.491349480968858
0.5 0.0078125 0.491349480968858
0.5 0.03125 0.491349480968858
0.5 0.125 0.491349480968858
0.5 0.5 0.487889273356401
0.5 2 0.508650519031142
0.5 8 0.567474048442907
2 3.0517578125E-05 0.491349480968858
2 0.0001220703125 0.491349480968858
2 0.00048828125 0.491349480968858
2 0.001953125 0.491349480968858
2 0.0078125 0.491349480968858
2 0.03125 0.491349480968858
2 0.125 0.491349480968858
2 0.5 0.501730103806228
2 2 0.605536332179931
2 8 0.640138408304498
8 3.0517578125E-05 0.491349480968858
8 0.0001220703125 0.491349480968858
8 0.00048828125 0.491349480968858
8 0.001953125 0.491349480968858
8 0.0078125 0.491349480968858
8 0.03125 0.477508650519031
8 0.125 0.532871972318339
8 0.5 0.612456747404844
8 2 0.660899653979239
8 8 0.688581314878893
32 3.0517578125E-05 0.491349480968858
32 0.0001220703125 0.491349480968858
32 0.00048828125 0.491349480968858
32 0.001953125 0.491349480968858
32 0.0078125 0.494809688581315
32 0.03125 0.567474048442907
32 0.125 0.664359861591695
32 0.5 0.633217993079585
32 2 0.692041522491349
32 8 0.719723183391004
128 3.0517578125E-05 0.491349480968858
128 0.0001220703125 0.491349480968858
128 0.00048828125 0.491349480968858
128 0.001953125 0.484429065743945
128 0.0078125 0.536332179930796
128 0.03125 0.685121107266436
128 0.125 0.660899653979239
128 0.5 0.72318339100346
128 2 0.740484429065744
128 8 0.660899653979239
512 3.0517578125E-05 0.491349480968858
512 0.0001220703125 0.491349480968858
512 0.00048828125 0.480968858131488
512 0.001953125 0.519031141868512
512 0.0078125 0.622837370242215
512 0.03125 0.678200692041522
512 0.125 0.737024221453287
512 0.5 0.750865051903114
512 2 0.726643598615917
512 8 0.688581314878893
2048 3.0517578125E-05 0.491349480968858
2048 0.0001220703125 0.480968858131488
2048 0.00048828125 0.546712802768166
2048 0.001953125 0.619377162629758
2048 0.0078125 0.653979238754325
2048 0.03125 0.716262975778547
2048 0.125 0.726643598615917
2048 0.5 0.730103806228374
2048 2 0.730103806228374
2048 8 0.792387543252595
8192 3.0517578125E-05 0.463667820069204
8192 0.0001220703125 0.529411764705882
8192 0.00048828125 0.647058823529412
8192 0.001953125 0.678200692041522
8192 0.0078125 0.71280276816609
8192 0.03125 0.754325259515571
8192 0.125 0.761245674740484
8192 0.5 0.757785467128028
8192 2 0.785467128027682
8192 8 0.740484429065744
32768 3.0517578125E-05 0.539792387543253
32768 0.0001220703125 0.633217993079585
32768 0.00048828125 0.664359861591695
32768 0.001953125 0.72318339100346
32768 0.0078125 0.750865051903114
32768 0.03125 0.764705882352941
32768 0.125 0.757785467128028
32768 0.5 0.782006920415225
32768 2 0.806228373702422
32768 8 0.757785467128028
13777.2468675169 0.840896415253715 0.764705882352941
13777.2468675169 1 0.757785467128028
13777.2468675169 1.18920711500272 0.757785467128028
13777.2468675169 1.4142135623731 0.813148788927336
13777.2468675169 1.68179283050743 0.792387543252595
13777.2468675169 2 0.816608996539792
13777.2468675169 2.37841423000544 0.778546712802768
13777.2468675169 2.82842712474619 0.785467128027682
13777.2468675169 3.36358566101486 0.788927335640138
13777.2468675169 4 0.747404844290657
13777.2468675169 4.75682846001088 0.816608996539792
16384 0.840896415253715 0.778546712802768
16384 1 0.788927335640138
16384 1.18920711500272 0.806228373702422
16384 1.4142135623731 0.806228373702422
16384 1.68179283050743 0.813148788927336
16384 2 0.778546712802768
16384 2.37841423000544 0.778546712802768
16384 2.82842712474619 0.782006920415225
16384 3.36358566101486 0.785467128027682
16384 4 0.775086505190311
16384 4.75682846001088 0.754325259515571
19483.9693722046 0.840896415253715 0.782006920415225
19483.9693722046 1 0.788927335640138
19483.9693722046 1.18920711500272 0.813148788927336
19483.9693722046 1.4142135623731 0.771626297577855
19483.9693722046 1.68179283050743 0.788927335640138
19483.9693722046 2 0.802768166089965
19483.9693722046 2.37841423000544 0.802768166089965
19483.9693722046 2.82842712474619 0.782006920415225
19483.9693722046 3.36358566101486 0.768166089965398
19483.9693722046 4 0.740484429065744
19483.9693722046 4.75682846001088 0.754325259515571
23170.4750059208 0.840896415253715 0.771626297577855
23170.4750059208 1 0.792387543252595
23170.4750059208 1.18920711500272 0.764705882352941
23170.4750059208 1.4142135623731 0.823529411764706
23170.4750059208 1.68179283050743 0.823529411764706
23170.4750059208 2 0.826989619377163
23170.4750059208 2.37841423000544 0.788927335640138
23170.4750059208 2.82842712474619 0.795847750865052
23170.4750059208 3.36358566101486 0.761245674740484
23170.4750059208 4 0.788927335640138
23170.4750059208 4.75682846001088 0.775086505190311
27554.4937350337 0.840896415253715 0.809688581314879
27554.4937350337 1 0.809688581314879
27554.4937350337 1.18920711500272 0.826989619377163
27554.4937350337 1.4142135623731 0.775086505190311
27554.4937350337 1.68179283050743 0.802768166089965
27554.4937350337 2 0.792387543252595
27554.4937350337 2.37841423000544 0.778546712802768
27554.4937350337 2.82842712474619 0.792387543252595
27554.4937350337 3.36358566101486 0.775086505190311
27554.4937350337 4 0.782006920415225
27554.4937350337 4.75682846001088 0.775086505190311
38967.9387444092 0.840896415253715 0.788927335640138
38967.9387444092 1 0.813148788927336
38967.9387444092 1.18920711500272 0.809688581314879
38967.9387444092 1.4142135623731 0.809688581314879
38967.9387444092 1.68179283050743 0.782006920415225
38967.9387444092 2 0.775086505190311
38967.9387444092 2.37841423000544 0.795847750865052
38967.9387444092 2.82842712474619 0.782006920415225
38967.9387444092 3.36358566101486 0.785467128027682
38967.9387444092 4 0.788927335640138
38967.9387444092 4.75682846001088 0.785467128027682
46340.9500118416 0.840896415253715 0.813148788927336
46340.9500118416 1 0.792387543252595
46340.9500118416 1.18920711500272 0.820069204152249
46340.9500118416 1.4142135623731 0.747404844290657
46340.9500118416 1.68179283050743 0.809688581314879
46340.9500118416 2 0.799307958477509
46340.9500118416 2.37841423000544 0.795847750865052
46340.9500118416 2.82842712474619 0.743944636678201
46340.9500118416 3.36358566101486 0.775086505190311
46340.9500118416 4 0.771626297577855
46340.9500118416 4.75682846001088 0.775086505190311
55108.9874700674 0.840896415253715 0.785467128027682
55108.9874700674 1 0.802768166089965
55108.9874700674 1.18920711500272 0.795847750865052
55108.9874700674 1.4142135623731 0.785467128027682
55108.9874700674 1.68179283050743 0.778546712802768
55108.9874700674 2 0.792387543252595
55108.9874700674 2.37841423000544 0.788927335640138
55108.9874700674 2.82842712474619 0.775086505190311
55108.9874700674 3.36358566101486 0.795847750865052
55108.9874700674 4 0.768166089965398
55108.9874700674 4.75682846001088 0.795847750865052
65536 0.840896415253715 0.813148788927336
65536 1 0.816608996539792
65536 1.18920711500272 0.795847750865052
65536 1.4142135623731 0.809688581314879
65536 1.68179283050743 0.806228373702422
65536 2 0.792387543252595
65536 2.37841423000544 0.792387543252595
65536 2.82842712474619 0.768166089965398
65536 3.36358566101486 0.757785467128028
65536 4 0.785467128027682
65536 4.75682846001088 0.764705882352941
77935.8774888183 0.840896415253715 0.782006920415225
77935.8774888183 1 0.792387543252595
77935.8774888183 1.18920711500272 0.806228373702422
77935.8774888183 1.4142135623731 0.799307958477509
77935.8774888183 1.68179283050743 0.802768166089965
77935.8774888183 2 0.788927335640138
77935.8774888183 2.37841423000544 0.782006920415225
77935.8774888183 2.82842712474619 0.785467128027682
77935.8774888183 3.36358566101486 0.747404844290657
77935.8774888183 4 0.754325259515571
77935.8774888183 4.75682846001088 0.771626297577855
