0.03125 3.0517578125E-05 0.501794258373206
0.03125 0.0001220703125 0.501794258373206
0.03125 0.00048828125 0.501794258373206
0.03125 0.001953125 0.501794258373206
0.03125 0.0078125 0.501794258373206
0.03125 0.03125 0.501794258373206
0.03125 0.125 0.501794258373206
0.03125 0.5 0.501794258373206
0.03125 2 0.614832535885168
0.03125 8 0.590909090909091
0.125 3.0517578125E-05 0.501794258373206
0.125 0.0001220703125 0.501794258373206
0.125 0.00048828125 0.501794258373206
0.125 0.001953125 0.501794258373206
0.125 0.0078125 0.501794258373206
0.125 0.03125 0.501794258373206
0.125 0.125 0.501794258373206
0.125 0.5 0.62200956937799
0.125 2 0.642942583732057
0.125 8 0.659688995215311
0.5 3.0517578125E-05 0.501794258373206
0.5 0.0001220703125 0.501794258373206
0.5 0.00048828125 0.501794258373206
0.5 0.001953125 0.501794258373206
0.5 0.0078125 0.501794258373206
0.5 0.03125 0.501794258373206
0.5 0.125 0.621411483253589
0.5 0.5 0.639354066985646
0.5 2 0.652511961722488
0.5 8 0.684808612440191
2 3.0517578125E-05 0.501794258373206
2 0.0001220703125 0.501794258373206
2 0.00048828125 0.501794258373206
2 0.001953125 0.501794258373206
2 0.0078125 0.501794258373206
2 0.03125 0.62200956937799
2 0.125 0.62799043062201
2 0.5 0.642344497607656
2 2 0.683014354066986
2 8 0.718301435406699
8 3.0517578125E-05 0.501794258373206
8 0.0001220703125 0.501794258373206
8 0.00048828125 0.501794258373206
8 0.001953125 0.501794258373206
8 0.0078125 0.619019138755981
8 0.03125 0.624401913875598
8 0.125 0.647129186602871
8 0.5 0.672248803827751
8 2 0.720095693779904
8 8 0.77511961722488
32 3.0517578125E-05 0.501794258373206
32 0.0001220703125 0.501794258373206
32 0.00048828125 0.501794258373206
32 0.001953125 0.619019138755981
32 0.0078125 0.622607655502392
32 0.03125 0.638157894736842
32 0.125 0.666866028708134
32 0.5 0.708732057416268
32 2 0.740430622009569
32 8 0.813397129186603
128 3.0517578125E-05 0.501794258373206
128 0.0001220703125 0.501794258373206
128 0.00048828125 0.620215311004785
128 0.001953125 0.621411483253589
128 0.0078125 0.639354066985646
128 0.03125 0.656698564593301
128 0.125 0.684808612440191
128 0.5 0.735645933014354
128 2 0.764952153110048
128 8 0.83133971291866
512 3.0517578125E-05 0.501794258373206
512 0.0001220703125 0.617224880382775
512 0.00048828125 0.620813397129187
512 0.001953125 0.639354066985646
512 0.0078125 0.655502392344498
512 0.03125 0.67822966507177
512 0.125 0.70633971291866
512 0.5 0.741626794258373
512 2 0.791866028708134
512 8 0.830741626794258
2048 3.0517578125E-05 0.618421052631579
2048 0.0001220703125 0.623803827751196
2048 0.00048828125 0.643540669856459
2048 0.001953125 0.65311004784689
2048 0.0078125 0.674043062200957
2048 0.03125 0.683612440191388
2048 0.125 0.730861244019139
2048 0.5 0.747607655502392
2048 2 0.813397129186603
2048 8 0.83133971291866
8192 3.0517578125E-05 0.616028708133971
8192 0.0001220703125 0.64055023923445
8192 0.00048828125 0.646531100478469
8192 0.001953125 0.666267942583732
8192 0.0078125 0.680023923444976
8192 0.03125 0.697368421052632
8192 0.125 0.733851674641148
8192 0.5 0.766148325358852
8192 2 0.817583732057416
8192 8 0.819377990430622
32768 3.0517578125E-05 0.642942583732057
32768 0.0001220703125 0.648923444976077
32768 0.00048828125 0.664473684210526
32768 0.001953125 0.674043062200957
32768 0.0078125 0.69377990430622
32768 0.03125 0.730861244019139
32768 0.125 0.742822966507177
32768 0.5 0.795454545454545
32768 2 0.832535885167464
32768 8 0.811602870813397
13777.2468675169 0.840896415253715 0.801435406698565
13777.2468675169 1 0.789473684210526
13777.2468675169 1.18920711500272 0.804425837320574
13777.2468675169 1.4142135623731 0.810406698564593
13777.2468675169 1.68179283050743 0.82177033492823
13777.2468675169 2 0.815191387559809
13777.2468675169 2.37841423000544 0.825956937799043
13777.2468675169 2.82842712474619 0.815789473684211
13777.2468675169 3.36358566101486 0.834928229665072
13777.2468675169 4 0.819976076555024
13777.2468675169 4.75682846001088 0.824760765550239
16384 0.840896415253715 0.805023923444976
16384 1 0.798444976076555
16384 1.18920711500272 0.817583732057416
16384 1.4142135623731 0.821172248803828
16384 1.68179283050743 0.825956937799043
16384 2 0.826555023923445
16384 2.37841423000544 0.825358851674641
16384 2.82842712474619 0.82177033492823
16384 3.36358566101486 0.811004784688995
16384 4 0.824760765550239
16384 4.75682846001088 0.813995215311005
19483.9693722046 0.840896415253715 0.805622009569378
19483.9693722046 1 0.807416267942584
19483.9693722046 1.18920711500272 0.802033492822967
19483.9693722046 1.4142135623731 0.819976076555024
19483.9693722046 1.68179283050743 0.825956937799043
19483.9693722046 2 0.827751196172249
19483.9693722046 2.37841423000544 0.819976076555024
19483.9693722046 2.82842712474619 0.834928229665072
19483.9693722046 3.36358566101486 0.816387559808612
19483.9693722046 4 0.824162679425837
19483.9693722046 4.75682846001088 0.807416267942584
23170.4750059208 0.840896415253715 0.805622009569378
23170.4750059208 1 0.813995215311005
23170.4750059208 1.18920711500272 0.822966507177033
23170.4750059208 1.4142135623731 0.821172248803828
23170.4750059208 1.68179283050743 0.821172248803828
23170.4750059208 2 0.818181818181818
23170.4750059208 2.37841423000544 0.822966507177033
23170.4750059208 2.82842712474619 0.826555023923445
23170.4750059208 3.36358566101486 0.814593301435407
23170.4750059208 4 0.812200956937799
23170.4750059208 4.75682846001088 0.837320574162679
27554.4937350337 0.840896415253715 0.809808612440191
27554.4937350337 1 0.811004784688995
27554.4937350337 1.18920711500272 0.810406698564593
27554.4937350337 1.4142135623731 0.826555023923445
27554.4937350337 1.68179283050743 0.811602870813397
27554.4937350337 2 0.824760765550239
27554.4937350337 2.37841423000544 0.82177033492823
27554.4937350337 2.82842712474619 0.822966507177033
27554.4937350337 3.36358566101486 0.820574162679426
27554.4937350337 4 0.828947368421053
27554.4937350337 4.75682846001088 0.812200956937799
38967.9387444092 0.840896415253715 0.797248803827751
38967.9387444092 1 0.824760765550239
38967.9387444092 1.18920711500272 0.810406698564593
38967.9387444092 1.4142135623731 0.828349282296651
38967.9387444092 1.68179283050743 0.82177033492823
38967.9387444092 2 0.826555023923445
38967.9387444092 2.37841423000544 0.811602870813397
38967.9387444092 2.82842712474619 0.832535885167464
38967.9387444092 3.36358566101486 0.82177033492823
38967.9387444092 4 0.817583732057416
38967.9387444092 4.75682846001088 0.813995215311005
46340.9500118416 0.840896415253715 0.810406698564593
46340.9500118416 1 0.815191387559809
46340.9500118416 1.18920711500272 0.83133971291866
46340.9500118416 1.4142135623731 0.825358851674641
46340.9500118416 1.68179283050743 0.826555023923445
46340.9500118416 2 0.829545454545455
46340.9500118416 2.37841423000544 0.826555023923445
46340.9500118416 2.82842712474619 0.822966507177033
46340.9500118416 3.36358566101486 0.811004784688995
46340.9500118416 4 0.825358851674641
46340.9500118416 4.75682846001088 0.808014354066986
55108.9874700674 0.840896415253715 0.80322966507177
55108.9874700674 1 0.813995215311005
55108.9874700674 1.18920711500272 0.81877990430622
55108.9874700674 1.4142135623731 0.820574162679426
55108.9874700674 1.68179283050743 0.833133971291866
55108.9874700674 2 0.835526315789474
55108.9874700674 2.37841423000544 0.819976076555024
55108.9874700674 2.82842712474619 0.814593301435407
55108.9874700674 3.36358566101486 0.808612440191388
55108.9874700674 4 0.817583732057416
55108.9874700674 4.75682846001088 0.810406698564593
65536 0.840896415253715 0.805622009569378
65536 1 0.821172248803828
65536 1.18920711500272 0.825358851674641
65536 1.4142135623731 0.828947368421053
65536 1.68179283050743 0.824760765550239
65536 2 0.832535885167464
65536 2.37841423000544 0.807416267942584
65536 2.82842712474619 0.821172248803828
65536 3.36358566101486 0.803827751196172
65536 4 0.805622009569378
65536 4.75682846001088 0.814593301435407
77935.8774888183 0.840896415253715 0.808014354066986
77935.8774888183 1 0.819976076555024
77935.8774888183 1.18920711500272 0.827751196172249
77935.8774888183 1.4142135623731 0.819377990430622
77935.8774888183 1.68179283050743 0.821172248803828
77935.8774888183 2 0.809210526315789
77935.8774888183 2.37841423000544 0.819377990430622
77935.8774888183 2.82842712474619 0.812200956937799
77935.8774888183 3.36358566101486 0.822966507177033
77935.8774888183 4 0.812799043062201
77935.8774888183 4.75682846001088 0.822368421052632
