Total Correction Rate
0
PR Curve
0.548055718869579
0	1
0.004081632	0.1428571
0.008163265	0.2222222
0.0122449	0.2307692
0.01632653	0.2352941
0.02040816	0.25
0.0244898	0.2857143
0.02857143	0.3181818
0.03265306	0.32
0.03673469	0.3333333
0.04081633	0.3448276
0.04489796	0.3666667
0.04897959	0.3529412
0.05306122	0.3714286
0.05714286	0.3888889
0.06122449	0.4054054
0.06530612	0.3902439
0.06938776	0.4047619
0.07346939	0.4186046
0.07755102	0.4318182
0.08163265	0.4166667
0.08571429	0.42
0.08979592	0.4313726
0.09387755	0.4423077
0.09795918	0.4528302
0.1020408	0.462963
0.1061224	0.4727273
0.1102041	0.4821429
0.1142857	0.4912281
0.1183673	0.5
0.122449	0.5084746
0.1265306	0.5166667
0.1306122	0.5245901
0.1346939	0.5076923
0.1387755	0.5074627
0.1428571	0.5072464
0.1469388	0.5142857
0.1510204	0.5211267
0.155102	0.5135135
0.1591837	0.52
0.1632653	0.5263158
0.1673469	0.5324675
0.1714286	0.5384616
0.1755102	0.5443038
0.1795918	0.5301205
0.1836735	0.5294118
0.1877551	0.5348837
0.1918367	0.5340909
0.1959184	0.5393258
0.2	0.5444444
0.2040816	0.5494506
0.2081633	0.5483871
0.2122449	0.5473684
0.2163265	0.5463917
0.2204082	0.5510204
0.2244898	0.5445545
0.2285714	0.5490196
0.2326531	0.5533981
0.2367347	0.5420561
0.2408163	0.5462963
0.244898	0.5454546
0.2489796	0.5495495
0.2530612	0.5486726
0.2571429	0.5526316
0.2612245	0.5517241
0.2653061	0.5555556
0.2693878	0.5593221
0.2734694	0.5630252
0.277551	0.5619835
0.2816327	0.5655738
0.2857143	0.5691057
0.2897959	0.568
0.2938775	0.5625
0.2979592	0.5615385
0.3020408	0.5606061
0.3061225	0.5639098
0.3102041	0.5671642
0.3142857	0.5539568
0.3183673	0.5531915
0.322449	0.556338
0.3265306	0.5555556
0.3306122	0.5510204
0.3346939	0.5503356
0.3387755	0.5460526
0.3428572	0.5454546
0.3469388	0.5379747
0.3510204	0.5375
0.355102	0.537037
0.3591837	0.5398773
0.3632653	0.5426829
0.3673469	0.5454546
0.3714286	0.5481928
0.3755102	0.5508982
0.3795918	0.5535714
0.3836735	0.556213
0.3877551	0.5588235
0.3918367	0.5581396
0.3959184	0.5574713
0.4	0.56
0.4040816	0.5625
0.4081633	0.5617977
0.4122449	0.5642458
0.4163265	0.5604396
0.4204082	0.5628415
0.4244898	0.5652174
0.4285714	0.5675676
0.4326531	0.5698925
0.4367347	0.5721925
0.4408163	0.5714286
0.4448979	0.5736842
0.4489796	0.5699482
0.4530612	0.572165
0.4571429	0.5714286
0.4612245	0.573604
0.4653061	0.5757576
0.4693878	0.5778894
0.4734694	0.5771144
0.477551	0.5792079
0.4816326	0.5812808
0.4857143	0.5804878
0.4897959	0.5825243
0.4938776	0.5845411
0.4979592	0.5865384
0.5020408	0.5885168
0.5061225	0.5876777
0.5102041	0.5896226
0.5142857	0.5915493
0.5183674	0.5934579
0.522449	0.5953488
0.5265306	0.5972222
0.5306122	0.5990784
0.5346939	0.6009175
0.5387755	0.6027398
0.5428572	0.6045455
0.5469388	0.5982143
0.5510204	0.5921053
0.5551021	0.5938864
0.5591837	0.5956522
0.5632653	0.5974026
0.5673469	0.5940171
0.5714286	0.5907173
0.5755102	0.592437
0.5795918	0.5941423
0.5836735	0.593361
0.5877551	0.5950413
0.5918368	0.5967078
0.5959184	0.5983607
0.6	0.6
0.6040816	0.601626
0.6081632	0.6008065
0.6122449	0.6
0.6163265	0.6015936
0.6204082	0.6031746
0.6244898	0.6047431
0.6285715	0.6015625
0.6326531	0.5984556
0.6367347	0.5977011
0.6408163	0.5992367
0.6448979	0.593985
0.6489796	0.5824176
0.6530612	0.5818182
0.6571429	0.5833333
0.6612245	0.5848376
0.6653062	0.5842294
0.6693878	0.5836299
0.6734694	0.5830389
0.677551	0.5804196
0.6816326	0.5818815
0.6857143	0.5833333
0.6897959	0.5847751
0.6938776	0.5821918
0.6979592	0.5816327
0.7020408	0.5830508
0.7061225	0.5844595
0.7102041	0.5838926
0.7142857	0.5852843
0.7183673	0.5866666
0.722449	0.5860927
0.7265306	0.5855263
0.7306122	0.5868853
0.7346939	0.5882353
0.7387755	0.5895765
0.7428572	0.5870968
0.7469388	0.5865384
0.7510204	0.5878595
0.755102	0.5891719
0.7591836	0.5886076
0.7632653	0.5899054
0.7673469	0.591195
0.7714286	0.590625
0.7755102	0.5919003
0.7795919	0.5895061
0.7836735	0.5889571
0.7877551	0.5902141
0.7918367	0.5896657
0.7959183	0.5855856
0.8	0.5798817
0.8040816	0.5794117
0.8081633	0.5806451
0.8122449	0.5801749
0.8163266	0.5813953
0.8204082	0.5792507
0.8244898	0.5804598
0.8285714	0.5816619
0.832653	0.5811966
0.8367347	0.5823864
0.8408163	0.5802817
0.844898	0.5782123
0.8489796	0.5777778
0.8530612	0.5773481
0.8571429	0.5785124
0.8612245	0.5796703
0.8653061	0.5808219
0.8693877	0.5819672
0.8734694	0.5752688
0.877551	0.5702918
0.8816326	0.5699208
0.8857143	0.5710526
0.8897959	0.5721785
0.8938776	0.5732985
0.8979592	0.5729167
0.9020408	0.5725389
0.9061224	0.5736434
0.9102041	0.5747423
0.9142857	0.5758355
0.9183673	0.5769231
0.922449	0.5780051
0.9265306	0.5776082
0.9306123	0.5786802
0.9346939	0.5797468
0.9387755	0.5808081
0.9428571	0.581864
0.9469388	0.5829146
0.9510204	0.5839599
0.955102	0.5835412
0.9591837	0.5845771
0.9632653	0.5856079
0.967347	0.5851852
0.9714286	0.5862069
0.9755102	0.5872236
0.9795918	0.5867971
0.9836735	0.5878049
0.9877551	0.5873786
0.9918367	0.5869565
0.9959184	0.5879518
1	0.5861244
1	1.416185
ROC Curve
0.476512919081863
0	0
0.005780347	0
0.03468208	0.004081632
0.04046243	0.008163265
0.05780347	0.0122449
0.07514451	0.01632653
0.0867052	0.02040816
0.0867052	0.0244898
0.0867052	0.02857143
0.09826589	0.03265306
0.1040462	0.03673469
0.1098266	0.04081633
0.1098266	0.04489796
0.1271676	0.04897959
0.1271676	0.05306122
0.1271676	0.05714286
0.1271676	0.06122449
0.1445087	0.06530612
0.1445087	0.06938776
0.1445087	0.07346939
0.1445087	0.07755102
0.1618497	0.08163265
0.1676301	0.08571429
0.1676301	0.08979592
0.1676301	0.09387755
0.1676301	0.09795918
0.1676301	0.1020408
0.1676301	0.1061224
0.1676301	0.1102041
0.1676301	0.1142857
0.1676301	0.1183673
0.1676301	0.122449
0.1676301	0.1265306
0.1676301	0.1306122
0.1849711	0.1346939
0.1907514	0.1387755
0.1965318	0.1428571
0.1965318	0.1469388
0.1965318	0.1510204
0.2080925	0.155102
0.2080925	0.1591837
0.2080925	0.1632653
0.2080925	0.1673469
0.2080925	0.1714286
0.2080925	0.1755102
0.2254335	0.1795918
0.2312139	0.1836735
0.2312139	0.1877551
0.2369942	0.1918367
0.2369942	0.1959184
0.2369942	0.2
0.2369942	0.2040816
0.2427746	0.2081633
0.2485549	0.2122449
0.2543353	0.2163265
0.2543353	0.2204082
0.265896	0.2244898
0.265896	0.2285714
0.265896	0.2326531
0.283237	0.2367347
0.283237	0.2408163
0.2890173	0.244898
0.2890173	0.2489796
0.2947977	0.2530612
0.2947977	0.2571429
0.300578	0.2612245
0.300578	0.2653061
0.300578	0.2693878
0.300578	0.2734694
0.3063584	0.277551
0.3063584	0.2816327
0.3063584	0.2857143
0.3121387	0.2897959
0.3236994	0.2938775
0.3294798	0.2979592
0.3352601	0.3020408
0.3352601	0.3061225
0.3352601	0.3102041
0.3583815	0.3142857
0.3641618	0.3183673
0.3641618	0.322449
0.3699422	0.3265306
0.3815029	0.3306122
0.3872832	0.3346939
0.3988439	0.3387755
0.4046243	0.3428572
0.4219653	0.3469388
0.4277457	0.3510204
0.433526	0.355102
0.433526	0.3591837
0.433526	0.3632653
0.433526	0.3673469
0.433526	0.3714286
0.433526	0.3755102
0.433526	0.3795918
0.433526	0.3836735
0.433526	0.3877551
0.4393063	0.3918367
0.4450867	0.3959184
0.4450867	0.4
0.4450867	0.4040816
0.4508671	0.4081633
0.4508671	0.4122449
0.4624277	0.4163265
0.4624277	0.4204082
0.4624277	0.4244898
0.4624277	0.4285714
0.4624277	0.4326531
0.4624277	0.4367347
0.4682081	0.4408163
0.4682081	0.4448979
0.4797688	0.4489796
0.4797688	0.4530612
0.4855491	0.4571429
0.4855491	0.4612245
0.4855491	0.4653061
0.4855491	0.4693878
0.4913295	0.4734694
0.4913295	0.477551
0.4913295	0.4816326
0.4971098	0.4857143
0.4971098	0.4897959
0.4971098	0.4938776
0.4971098	0.4979592
0.4971098	0.5020408
0.5028902	0.5061225
0.5028902	0.5102041
0.5028902	0.5142857
0.5028902	0.5183674
0.5028902	0.522449
0.5028902	0.5265306
0.5028902	0.5306122
0.5028902	0.5346939
0.5028902	0.5387755
0.5028902	0.5428572
0.5202312	0.5469388
0.5375723	0.5510204
0.5375723	0.5551021
0.5375723	0.5591837
0.5375723	0.5632653
0.5491329	0.5673469
0.5606936	0.5714286
0.5606936	0.5755102
0.5606936	0.5795918
0.566474	0.5836735
0.566474	0.5877551
0.566474	0.5918368
0.566474	0.5959184
0.566474	0.6
0.566474	0.6040816
0.5722544	0.6081632
0.5780347	0.6122449
0.5780347	0.6163265
0.5780347	0.6204082
0.5780347	0.6244898
0.5895954	0.6285715
0.6011561	0.6326531
0.6069364	0.6367347
0.6069364	0.6408163
0.6242775	0.6448979
0.6589595	0.6489796
0.6647399	0.6530612
0.6647399	0.6571429
0.6647399	0.6612245
0.6705202	0.6653062
0.6763006	0.6693878
0.6820809	0.6734694
0.6936416	0.677551
0.6936416	0.6816326
0.6936416	0.6857143
0.6936416	0.6897959
0.7052023	0.6938776
0.7109827	0.6979592
0.7109827	0.7020408
0.7109827	0.7061225
0.716763	0.7102041
0.716763	0.7142857
0.716763	0.7183673
0.7225434	0.722449
0.7283237	0.7265306
0.7283237	0.7306122
0.7283237	0.7346939
0.7283237	0.7387755
0.7398844	0.7428572
0.7456647	0.7469388
0.7456647	0.7510204
0.7456647	0.755102
0.7514451	0.7591836
0.7514451	0.7632653
0.7514451	0.7673469
0.7572255	0.7714286
0.7572255	0.7755102
0.7687861	0.7795919
0.7745665	0.7836735
0.7745665	0.7877551
0.7803468	0.7918367
0.7976879	0.7959183
0.8208092	0.8
0.8265896	0.8040816
0.8265896	0.8081633
0.8323699	0.8122449
0.8323699	0.8163266
0.8439307	0.8204082
0.8439307	0.8244898
0.8439307	0.8285714
0.849711	0.832653
0.849711	0.8367347
0.8612717	0.8408163
0.8728324	0.844898
0.8786127	0.8489796
0.884393	0.8530612
0.884393	0.8571429
0.884393	0.8612245
0.884393	0.8653061
0.884393	0.8693877
0.9132948	0.8734694
0.9364162	0.877551
0.9421965	0.8816326
0.9421965	0.8857143
0.9421965	0.8897959
0.9421965	0.8938776
0.9479769	0.8979592
0.9537572	0.9020408
0.9537572	0.9061224
0.9537572	0.9102041
0.9537572	0.9142857
0.9537572	0.9183673
0.9537572	0.922449
0.9595376	0.9265306
0.9595376	0.9306123
0.9595376	0.9346939
0.9595376	0.9387755
0.9595376	0.9428571
0.9595376	0.9469388
0.9595376	0.9510204
0.9653179	0.955102
0.9653179	0.9591837
0.9653179	0.9632653
0.9710982	0.967347
0.9710982	0.9714286
0.9710982	0.9755102
0.9768786	0.9795918
0.9768786	0.9836735
0.982659	0.9877551
0.9884393	0.9918367
0.9884393	0.9959184
1	1
1	1
