0.03125 3.0517578125E-05 0.516666666666667
0.03125 0.0001220703125 0.516666666666667
0.03125 0.00048828125 0.516666666666667
0.03125 0.001953125 0.516666666666667
0.03125 0.0078125 0.516666666666667
0.03125 0.03125 0.516666666666667
0.03125 0.125 0.516666666666667
0.03125 0.5 0.516666666666667
0.03125 2 0.516666666666667
0.03125 8 0.516666666666667
0.125 3.0517578125E-05 0.516666666666667
0.125 0.0001220703125 0.516666666666667
0.125 0.00048828125 0.516666666666667
0.125 0.001953125 0.516666666666667
0.125 0.0078125 0.516666666666667
0.125 0.03125 0.516666666666667
0.125 0.125 0.516666666666667
0.125 0.5 0.531944444444444
0.125 2 0.573611111111111
0.125 8 0.641666666666667
0.5 3.0517578125E-05 0.516666666666667
0.5 0.0001220703125 0.516666666666667
0.5 0.00048828125 0.516666666666667
0.5 0.001953125 0.516666666666667
0.5 0.0078125 0.516666666666667
0.5 0.03125 0.516666666666667
0.5 0.125 0.518055555555556
0.5 0.5 0.566666666666667
0.5 2 0.626388888888889
0.5 8 0.75
2 3.0517578125E-05 0.516666666666667
2 0.0001220703125 0.516666666666667
2 0.00048828125 0.516666666666667
2 0.001953125 0.516666666666667
2 0.0078125 0.516666666666667
2 0.03125 0.516666666666667
2 0.125 0.55
2 0.5 0.625
2 2 0.708333333333333
2 8 0.806944444444444
8 3.0517578125E-05 0.516666666666667
8 0.0001220703125 0.516666666666667
8 0.00048828125 0.516666666666667
8 0.001953125 0.516666666666667
8 0.0078125 0.516666666666667
8 0.03125 0.548611111111111
8 0.125 0.586111111111111
8 0.5 0.648611111111111
8 2 0.7625
8 8 0.863888888888889
32 3.0517578125E-05 0.516666666666667
32 0.0001220703125 0.516666666666667
32 0.00048828125 0.516666666666667
32 0.001953125 0.516666666666667
32 0.0078125 0.543055555555556
32 0.03125 0.575
32 0.125 0.644444444444444
32 0.5 0.684722222222222
32 2 0.826388888888889
32 8 0.894444444444444
128 3.0517578125E-05 0.516666666666667
128 0.0001220703125 0.516666666666667
128 0.00048828125 0.516666666666667
128 0.001953125 0.543055555555556
128 0.0078125 0.573611111111111
128 0.03125 0.605555555555556
128 0.125 0.658333333333333
128 0.5 0.777777777777778
128 2 0.856944444444444
128 8 0.904166666666667
512 3.0517578125E-05 0.516666666666667
512 0.0001220703125 0.516666666666667
512 0.00048828125 0.543055555555556
512 0.001953125 0.575
512 0.0078125 0.580555555555556
512 0.03125 0.651388888888889
512 0.125 0.701388888888889
512 0.5 0.802777777777778
512 2 0.8875
512 8 0.919444444444444
2048 3.0517578125E-05 0.516666666666667
2048 0.0001220703125 0.543055555555556
2048 0.00048828125 0.573611111111111
2048 0.001953125 0.576388888888889
2048 0.0078125 0.636111111111111
2048 0.03125 0.669444444444444
2048 0.125 0.756944444444444
2048 0.5 0.841666666666667
2048 2 0.902777777777778
2048 8 0.920833333333333
8192 3.0517578125E-05 0.543055555555556
8192 0.0001220703125 0.569444444444444
8192 0.00048828125 0.579166666666667
8192 0.001953125 0.588888888888889
8192 0.0078125 0.647222222222222
8192 0.03125 0.680555555555556
8192 0.125 0.8
8192 0.5 0.856944444444444
8192 2 0.909722222222222
8192 8 0.9125
32768 3.0517578125E-05 0.573611111111111
32768 0.0001220703125 0.576388888888889
32768 0.00048828125 0.586111111111111
32768 0.001953125 0.641666666666667
32768 0.0078125 0.670833333333333
32768 0.03125 0.719444444444444
32768 0.125 0.790277777777778
32768 0.5 0.872222222222222
32768 2 0.9
32768 8 0.9
861.077929219804 3.36358566101486 0.916666666666667
861.077929219804 4 0.915277777777778
861.077929219804 4.75682846001088 0.922222222222222
861.077929219804 5.65685424949238 0.923611111111111
861.077929219804 6.72717132202972 0.916666666666667
861.077929219804 8 0.923611111111111
861.077929219804 9.51365692002177 0.923611111111111
861.077929219804 11.3137084989848 0.930555555555556
861.077929219804 13.4543426440594 0.926388888888889
861.077929219804 16 0.918055555555556
861.077929219804 19.0273138400435 0.909722222222222
1024 3.36358566101486 0.915277777777778
1024 4 0.922222222222222
1024 4.75682846001088 0.919444444444444
1024 5.65685424949238 0.923611111111111
1024 6.72717132202972 0.915277777777778
1024 8 0.931944444444444
1024 9.51365692002177 0.936111111111111
1024 11.3137084989848 0.913888888888889
1024 13.4543426440594 0.923611111111111
1024 16 0.9125
1024 19.0273138400435 0.927777777777778
1217.74808576279 3.36358566101486 0.905555555555556
1217.74808576279 4 0.918055555555556
1217.74808576279 4.75682846001088 0.927777777777778
1217.74808576279 5.65685424949238 0.930555555555556
1217.74808576279 6.72717132202972 0.929166666666667
1217.74808576279 8 0.930555555555556
1217.74808576279 9.51365692002177 0.930555555555556
1217.74808576279 11.3137084989848 0.919444444444444
1217.74808576279 13.4543426440594 0.9125
1217.74808576279 16 0.923611111111111
1217.74808576279 19.0273138400435 0.920833333333333
1448.15468787005 3.36358566101486 0.923611111111111
1448.15468787005 4 0.930555555555556
1448.15468787005 4.75682846001088 0.916666666666667
1448.15468787005 5.65685424949238 0.922222222222222
1448.15468787005 6.72717132202972 0.926388888888889
1448.15468787005 8 0.915277777777778
1448.15468787005 9.51365692002177 0.904166666666667
1448.15468787005 11.3137084989848 0.919444444444444
1448.15468787005 13.4543426440594 0.906944444444444
1448.15468787005 16 0.913888888888889
1448.15468787005 19.0273138400435 0.922222222222222
1722.15585843961 3.36358566101486 0.916666666666667
1722.15585843961 4 0.923611111111111
1722.15585843961 4.75682846001088 0.922222222222222
1722.15585843961 5.65685424949238 0.927777777777778
1722.15585843961 6.72717132202972 0.929166666666667
1722.15585843961 8 0.916666666666667
1722.15585843961 9.51365692002177 0.926388888888889
1722.15585843961 11.3137084989848 0.931944444444444
1722.15585843961 13.4543426440594 0.925
1722.15585843961 16 0.922222222222222
1722.15585843961 19.0273138400435 0.915277777777778
2435.49617152557 3.36358566101486 0.909722222222222
2435.49617152557 4 0.919444444444444
2435.49617152557 4.75682846001088 0.913888888888889
2435.49617152557 5.65685424949238 0.919444444444444
2435.49617152557 6.72717132202972 0.927777777777778
2435.49617152557 8 0.940277777777778
2435.49617152557 9.51365692002177 0.922222222222222
2435.49617152557 11.3137084989848 0.918055555555556
2435.49617152557 13.4543426440594 0.926388888888889
2435.49617152557 16 0.923611111111111
2435.49617152557 19.0273138400435 0.916666666666667
2896.3093757401 3.36358566101486 0.920833333333333
2896.3093757401 4 0.927777777777778
2896.3093757401 4.75682846001088 0.923611111111111
2896.3093757401 5.65685424949238 0.925
2896.3093757401 6.72717132202972 0.925
2896.3093757401 8 0.923611111111111
2896.3093757401 9.51365692002177 0.906944444444444
2896.3093757401 11.3137084989848 0.918055555555556
2896.3093757401 13.4543426440594 0.913888888888889
2896.3093757401 16 0.918055555555556
2896.3093757401 19.0273138400435 0.915277777777778
3444.31171687921 3.36358566101486 0.918055555555556
3444.31171687921 4 0.919444444444444
3444.31171687921 4.75682846001088 0.925
3444.31171687921 5.65685424949238 0.930555555555556
3444.31171687921 6.72717132202972 0.922222222222222
3444.31171687921 8 0.929166666666667
3444.31171687921 9.51365692002177 0.9
3444.31171687921 11.3137084989848 0.913888888888889
3444.31171687921 13.4543426440594 0.919444444444444
3444.31171687921 16 0.920833333333333
3444.31171687921 19.0273138400435 0.915277777777778
4096 3.36358566101486 0.919444444444444
4096 4 0.904166666666667
4096 4.75682846001088 0.916666666666667
4096 5.65685424949238 0.915277777777778
4096 6.72717132202972 0.927777777777778
4096 8 0.908333333333333
4096 9.51365692002177 0.916666666666667
4096 11.3137084989848 0.913888888888889
4096 13.4543426440594 0.911111111111111
4096 16 0.898611111111111
4096 19.0273138400435 0.898611111111111
4870.99234305115 3.36358566101486 0.906944444444444
4870.99234305115 4 0.902777777777778
4870.99234305115 4.75682846001088 0.913888888888889
4870.99234305115 5.65685424949238 0.918055555555556
4870.99234305115 6.72717132202972 0.915277777777778
4870.99234305115 8 0.9
4870.99234305115 9.51365692002177 0.915277777777778
4870.99234305115 11.3137084989848 0.913888888888889
4870.99234305115 13.4543426440594 0.919444444444444
4870.99234305115 16 0.897222222222222
4870.99234305115 19.0273138400435 0.908333333333333
