labels 0 1 -1
0 0 0.682515903691745 0.257536818462684 0.0599472778455707 
0 1 0.341975643209659 0.48795196779944 0.170072388990901 
0 1 0.143813671197066 0.540214343042515 0.315971985760419 
0 -1 0.100086682412554 0.445753460185454 0.454159857401993 
0 -1 0.0732045268268895 0.351006641721717 0.575788831451393 
0 -1 0.0576342974687537 0.253058731279268 0.689306971251978 
0 -1 0.0510674613669891 0.180762454998211 0.7681700836348 
0 -1 0.0490970586722739 0.109301985629408 0.841600955698318 
0 -1 0.0518564047708244 0.0540865438847894 0.894057051344386 
0 -1 0.0483377165076496 0.0222587515941105 0.92940353189824 
0 -1 0.0527556464323371 0.0113091897816552 0.935935163786008 
0 -1 0.0511671850810109 0.00940795757704677 0.939424857341942 
0 -1 0.0612296900424635 0.00901932008115457 0.929750989876382 
0 -1 0.059791678723381 0.00841130836957951 0.931797012907039 
0 -1 0.0603611926285917 0.0103870185276656 0.929251788843743 
0 -1 0.0470948877225323 0.00971445614787247 0.943190656129595 
0 -1 0.0400520272025854 0.00847761635538603 0.951470356442028 
0 -1 0.0278610999888846 0.00396422537752484 0.968174674633591 
0 -1 0.0174506026560912 0.00165042612062024 0.980898971223289 
0 -1 0.0122202760870194 0.000774741561849992 0.987004982351131 
0 -1 0.00685543080899882 0.000639107445534788 0.992505461745466 
0 -1 0.00612157537792446 0.000923003602311681 0.992955421019764 
0 -1 0.00939046834714249 0.00187431100075837 0.988735220652099 
0 -1 0.0230983079350397 0.00418546083645804 0.972716231228502 
0 -1 0.103628393183137 0.0232648903468205 0.873106716470043 
0 -1 0.281282938871317 0.140092502422011 0.578624558706672 
0 0 0.500228388531642 0.213708404792053 0.286063206676305 
0 0 0.775944567820603 0.143432747540386 0.0806226846390116 
0 0 0.923913155983845 0.0620187749421584 0.0140680690739963 
0 0 0.982426230858329 0.0160808896855739 0.00149287945609673 
0 0 0.996295168156635 0.0035288977889284 0.000175934054436046 
0 0 0.99925234695265 0.000722127897457664 2.55251498926923E-05 
0 0 0.999857652070321 0.000136195941022301 6.15198865714181E-06 
-1 0 0.999974160177001 2.44580721704482E-05 1.38175082840367E-06 
-1 0 0.999999670645747 5.00529374095639E-08 2.79301315524607E-07 
-1 0 0.999999847748059 5.11592457090485E-08 1.01092695648166E-07 
-1 0 0.999999636875635 2.34645412029499E-07 1.28478953199413E-07 
-1 0 0.909417158652294 0.0898669405570187 0.00071590079068728 
-1 0 0.974912312372959 0.0249409684768952 0.000146719150145592 
-1 0 0.987067453616973 0.0128644610526868 6.80853303401807E-05 
-1 0 0.991987383587099 0.00797195020272756 4.06662101732399E-05 
0 0 0.997495023401652 0.00249474746732745 1.02291310208818E-05 
-1 0 0.998208594706172 0.00178418235519214 7.22293863561362E-06 
0 0 0.998038280869099 0.00195300224686113 8.71688404019373E-06 
0 0 0.998889535023682 0.00110555153410992 4.91344220854787E-06 
-1 0 0.999292001324254 0.000704903131135011 3.0955446107893E-06 
0 0 0.999568015721984 0.000430275347493662 1.70893052247502E-06 
0 0 0.999654849442124 0.000343704096208692 1.44646166794704E-06 
-1 0 0.999468195524961 0.000528901626171104 2.90284886754986E-06 
-1 0 0.999262598322043 0.000731101450045628 6.30022791170324E-06 
-1 0 0.998829802686268 0.00115341080179608 1.67865119362693E-05 
-1 0 0.998505330842808 0.00145325753936916 4.14116178229924E-05 
0 0 0.998488391325056 0.00142451435779846 8.70943171451754E-05 
-1 0 0.998209278763188 0.00164006680889156 0.000150654427920376 
-1 0 0.998303119870751 0.00149666651719143 0.000200213612057389 
-1 0 0.998485067822309 0.00130587394440896 0.000209058233282728 
-1 0 0.999232648452735 0.00036005489352707 0.000407296653738062 
-1 0 0.999020880501062 6.24211460176549E-05 0.000916698352920476 
-1 0 0.899216831742923 9.44121817087801E-05 0.100688756075368 
0 0 0.677973228463621 0.000591498123194732 0.321435273413184 
0 -1 0.414359435459866 0.000469766164874543 0.585170798375259 
0 -1 0.217718699420478 0.00112622109761467 0.781155079481907 
0 -1 0.142431006541057 0.000991094539229193 0.856577898919713 
0 0 0.989794674383146 0.00843613715547998 0.00176918846137439 
0 0 0.936757101048364 0.0519996983448298 0.011243200606806 
0 0 0.692609993677795 0.239475254703051 0.0679147516191535 
-1 0 0.930859691481362 0.0576764624315951 0.0114638460870428 
-1 0 0.662811882637275 0.270473299710558 0.0667148176521674 
-1 0 0.923560828034739 0.0629441357542733 0.0134950362109878 
-1 0 0.727651493281043 0.212224044074074 0.0601244626448822 
-1 0 0.999668835696894 0.000282230093426368 4.89342096797857E-05 
-1 0 0.999151357708215 0.000700160289015266 0.000148482002769534 
-1 0 0.99910300937926 0.00065928517150674 0.000237705449232654 
0 0 0.996962683815304 0.00168685233276125 0.00135046385193499 
0 0 0.986210710434728 0.00453309326358737 0.00925619630168444 
-1 0 0.917684202601376 0.0178994681798268 0.064416329218797 
-1 0 0.900803478955729 0.0204089282645301 0.0787875927797415 
0 0 0.902798915602554 0.0190408016167286 0.0781602827807172 
-1 0 0.920307860248827 0.0132717829659334 0.06642035678524 
0 0 0.99949216617976 0.000432203095465413 7.56307247746132E-05 
0 0 0.998312703941157 0.00146495485498227 0.000222341203860378 
0 0 0.996405367846553 0.00318158978023184 0.000413042373214812 
0 0 0.992183262344524 0.007002554566531 0.000814183088945111 
0 0 0.98897872830364 0.00995280363114899 0.00106846806521117 
0 0 0.984178216478233 0.0143157208013134 0.00150606272045325 
0 0 0.972374853494383 0.0247977834659315 0.00282736303968496 
0 0 0.958326944686503 0.036501134623239 0.00517192069025816 
0 0 0.960733431681579 0.0335398760592 0.0057266922592207 
0 0 0.962348517593086 0.0312357195575051 0.00641576284940867 
0 0 0.971847465082376 0.023174336295316 0.00497819862230847 
0 0 0.980628116176892 0.0164894328207168 0.00288245100239062 
0 0 0.990864603782498 0.00828536356163998 0.000850032655861754 
0 0 0.997946460302756 0.00195151580417699 0.000102023893067205 
0 0 0.999237340980302 0.000747111655063617 1.55473646344384E-05 
0 0 0.999892462024602 0.000106515620897859 1.02235449995401E-06 
0 0 0.999981762516992 1.76475289021511E-05 5.89954106041306E-07 
0 0 0.999993147596378 1.8643221489869E-06 4.98808147328382E-06 
1 0 0.999948984203606 1.90342365184469E-07 5.08254540287664E-05 
1 0 0.99948927782647 1.8009176635399E-07 0.000510542081763587 
1 0 0.995458361079834 1.0094033443954E-05 0.00453154488672246 
0 0 0.965801142892642 0.00048498506965811 0.0337138720376996 
0 0 0.826855646644711 7.58811390921731E-05 0.173068472216197 
1 0 0.512778744959644 2.71390383029044E-05 0.487194116002053 
0 -1 0.226050613217126 0.000642599780877255 0.773306787001997 
0 -1 0.101483165868829 0.000112413803623684 0.898404420327548 
0 -1 0.0547282562977784 7.35566319193724E-05 0.945198187070302 
0 -1 0.0354609549868378 9.55912623496751E-05 0.964443453750813 
0 -1 0.0255409925809914 0.000139345820322299 0.974319661598686 
0 -1 0.0243425709079803 0.000219273611478131 0.975438155480542 
0 -1 0.0225230743479418 0.00035145231761543 0.977125473334443 
0 -1 0.0121628439344971 0.000171354172843536 0.987665801892659 
0 -1 0.00705547118090677 9.74969657073301E-05 0.992847031853386 
0 -1 0.00566583142124665 6.43308378500011E-05 0.994269837740903 
0 -1 0.00539244020281195 5.06100123131386E-05 0.994556949784875 
0 -1 0.00732050245988675 1.51210665985559E-05 0.992664376473515 
0 -1 0.00899110349988736 5.33117395016821E-05 0.990955584760611 
0 -1 0.0251198025312698 2.69082608207473E-05 0.97485328920791 
-1 -1 0.0325246887693966 0.000113301738921264 0.967362009491682 
-1 -1 0.0718731790870523 0.000209382042658113 0.927917438870289 
-1 0 0.99999530380617 5.0010577693182E-08 4.64618325297928E-06 
-1 0 0.999998680765902 5.00009684130828E-08 1.26923312928925E-06 
-1 0 0.999999513751628 5.00041807354944E-08 4.36244191043633E-07 
-1 0 0.999999740188946 5.00609361750957E-08 2.09750118274248E-07 
-1 0 0.999999797651296 5.07749815809659E-08 1.51573722327381E-07 
-1 0 0.99999978123162 5.69056313641192E-08 1.61862748518379E-07 
-1 0 0.999999708954398 8.00161768201014E-08 2.1102942567868E-07 
-1 0 0.999998399701722 7.77901104671571E-08 1.52250816801943E-06 
-1 0 0.999844924985965 9.73089927218027E-05 5.77660213134679E-05 
-1 0 0.999813195808674 8.94600323148238E-05 9.73441590109E-05 
-1 0 0.999776313972628 9.54954481878919E-05 0.000128190579184179 
-1 0 0.99979464597244 7.48905634390862E-05 0.000130463464120951 
-1 0 0.999472216099473 6.12319244339719E-06 0.000521660708083192 
-1 0 0.999417863753809 5.62098544643758E-06 0.000576515260744509 
-1 0 0.664225268929561 0.285662188153554 0.0501125429168844 
-1 0 0.928562259702681 0.0615176127929274 0.00992012750439131 
-1 0 0.740272414328657 0.218506191852921 0.0412213938184212 
-1 0 0.997321094508097 0.00231877385058685 0.000360131641316327 
-1 0 0.995314067695585 0.00412466409935257 0.000561268205062953 
-1 0 0.992682457498658 0.00657009454018067 0.000747447961161345 
-1 0 0.988423638656377 0.0105996440051631 0.000976717338459724 
-1 0 0.982087653858471 0.0167078669465534 0.00120447919497611 
-1 0 0.973645662035116 0.0249818804682561 0.00137245749662799 
-1 0 0.968229260252088 0.0305519089093092 0.00121883083860255 
-1 0 0.955953228110895 0.0427776291690433 0.001269142720062 
-1 0 0.947538182129161 0.0513189819236904 0.00114283594714822 
0 0 0.948384613419581 0.0507905516486779 0.00082483493174065 
0 0 0.925271392985932 0.0737482985444958 0.000980308469571834 
0 0 0.920485049241124 0.0786543067744534 0.000860643984423145 
0 0 0.941206572978642 0.0582732871811668 0.000520139840190772 
0 0 0.951041102771312 0.0485667260162659 0.000392171212422349 
0 0 0.956857970664422 0.042801294219957 0.000340735115620791 
0 0 0.966987574752056 0.0327422088324299 0.000270216415514436 
0 0 0.97987475752421 0.0199431965711725 0.000182045904617808 
0 0 0.987949257073884 0.0119184278193297 0.000132315106786525 
0 0 0.992665480094151 0.00723265444682012 0.000101865459028456 
0 0 0.996538545632345 0.00340187013046813 5.95842371870513E-05 
0 0 0.998041928192798 0.00191325514341458 4.48166637873677E-05 
-1 0 0.999917034948802 5.66128170676013E-05 2.63522341303428E-05 
-1 0 0.999934263432769 5.74163084388052E-05 8.32025879176238E-06 
-1 0 0.99994392539977 5.28095200399007E-05 3.26508019027277E-06 
0 0 0.999949895828828 4.83221987458356E-05 1.78197242580254E-06 
-1 0 0.999952461317039 4.6260516801044E-05 1.27816615974851E-06 
-1 0 0.999941100958117 5.74552834574444E-05 1.4437584254766E-06 
-1 0 0.999954712393398 4.39445130152695E-05 1.34309358731122E-06 
-1 0 0.999953612937745 4.41040967762582E-05 2.28296547905969E-06 
-1 0 0.999948109097738 4.55216195180182E-05 6.36928274435363E-06 
-1 0 0.999921231635971 5.1529962574136E-05 2.72384014553475E-05 
-1 0 0.999791486636999 5.49335102278937E-05 0.000153579852773412 
0 0 0.998935647866376 6.5019022202828E-05 0.000999333111421617 
-1 0 0.992881815996935 0.000258872084163724 0.00685931191890152 
-1 0 0.956544675328272 0.0038456512635082 0.0396096734082197 
-1 0 0.999133262391904 0.000823636080263715 4.31015278318322E-05 
-1 0 0.994938283478485 0.00483545637076732 0.000226260150747309 
-1 0 0.979117459399706 0.0199384367557592 0.000944103844534938 
-1 0 0.912043908710864 0.083276476150261 0.00467961513887489 
-1 0 0.724750415643986 0.253716499784874 0.0215330845711405 
-1 0 0.999785557312591 0.000212660396571475 1.78229083745896E-06 
0 0 0.999873981804141 0.000125055927077333 9.62268781429948E-07 
0 0 0.999923408765542 7.59777018222936E-05 6.13532635489412E-07 
0 0 0.999951062632802 4.84016627491567E-05 5.35704448730477E-07 
