0.03125 3.0517578125E-05 0.413101604278075
0.03125 0.0001220703125 0.413101604278075
0.03125 0.00048828125 0.413101604278075
0.03125 0.001953125 0.413101604278075
0.03125 0.0078125 0.413101604278075
0.03125 0.03125 0.413101604278075
0.03125 0.125 0.413101604278075
0.03125 0.5 0.47192513368984
0.03125 2 0.487967914438503
0.03125 8 0.481283422459893
0.125 3.0517578125E-05 0.413101604278075
0.125 0.0001220703125 0.413101604278075
0.125 0.00048828125 0.413101604278075
0.125 0.001953125 0.413101604278075
0.125 0.0078125 0.413101604278075
0.125 0.03125 0.413101604278075
0.125 0.125 0.485294117647059
0.125 0.5 0.494652406417112
0.125 2 0.536096256684492
0.125 8 0.546791443850267
0.5 3.0517578125E-05 0.413101604278075
0.5 0.0001220703125 0.413101604278075
0.5 0.00048828125 0.413101604278075
0.5 0.001953125 0.413101604278075
0.5 0.0078125 0.413101604278075
0.5 0.03125 0.491978609625668
0.5 0.125 0.490641711229947
0.5 0.5 0.536096256684492
0.5 2 0.556149732620321
0.5 8 0.600267379679144
2 3.0517578125E-05 0.413101604278075
2 0.0001220703125 0.413101604278075
2 0.00048828125 0.413101604278075
2 0.001953125 0.413101604278075
2 0.0078125 0.49331550802139
2 0.03125 0.486631016042781
2 0.125 0.524064171122995
2 0.5 0.628342245989305
2 2 0.67379679144385
2 8 0.693850267379679
8 3.0517578125E-05 0.413101604278075
8 0.0001220703125 0.413101604278075
8 0.00048828125 0.413101604278075
8 0.001953125 0.494652406417112
8 0.0078125 0.490641711229947
8 0.03125 0.50668449197861
8 0.125 0.621657754010695
8 0.5 0.700534759358289
8 2 0.733957219251337
8 8 0.748663101604278
32 3.0517578125E-05 0.413101604278075
32 0.0001220703125 0.413101604278075
32 0.00048828125 0.487967914438503
32 0.001953125 0.489304812834225
32 0.0078125 0.501336898395722
32 0.03125 0.624331550802139
32 0.125 0.703208556149733
32 0.5 0.751336898395722
32 2 0.799465240641711
32 8 0.787433155080214
128 3.0517578125E-05 0.413101604278075
128 0.0001220703125 0.49331550802139
128 0.00048828125 0.494652406417112
128 0.001953125 0.486631016042781
128 0.0078125 0.617647058823529
128 0.03125 0.71524064171123
128 0.125 0.766042780748663
128 0.5 0.810160427807487
128 2 0.824866310160428
128 8 0.796791443850267
512 3.0517578125E-05 0.490641711229947
512 0.0001220703125 0.490641711229947
512 0.00048828125 0.501336898395722
512 0.001953125 0.617647058823529
512 0.0078125 0.704545454545455
512 0.03125 0.75668449197861
512 0.125 0.811497326203209
512 0.5 0.843582887700535
512 2 0.838235294117647
512 8 0.812834224598931
2048 3.0517578125E-05 0.489304812834225
2048 0.0001220703125 0.509358288770054
2048 0.00048828125 0.598930481283422
2048 0.001953125 0.709893048128342
2048 0.0078125 0.768716577540107
2048 0.03125 0.81951871657754
2048 0.125 0.844919786096257
2048 0.5 0.8475935828877
2048 2 0.828877005347594
2048 8 0.806149732620321
8192 3.0517578125E-05 0.486631016042781
8192 0.0001220703125 0.605614973262032
8192 0.00048828125 0.70855614973262
8192 0.001953125 0.766042780748663
8192 0.0078125 0.818181818181818
8192 0.03125 0.836898395721925
8192 0.125 0.846256684491979
8192 0.5 0.859625668449198
8192 2 0.839572192513369
8192 8 0.810160427807487
32768 3.0517578125E-05 0.598930481283422
32768 0.0001220703125 0.696524064171123
32768 0.00048828125 0.776737967914439
32768 0.001953125 0.816844919786096
32768 0.0078125 0.835561497326203
32768 0.03125 0.844919786096257
32768 0.125 0.864973262032086
32768 0.5 0.866310160427808
32768 2 0.846256684491979
32768 8 0.820855614973262
13777.2468675169 0.210224103813429 0.851604278074866
13777.2468675169 0.25 0.866310160427808
13777.2468675169 0.29730177875068 0.851604278074866
13777.2468675169 0.353553390593274 0.851604278074866
13777.2468675169 0.420448207626857 0.863636363636364
13777.2468675169 0.5 0.86096256684492
13777.2468675169 0.594603557501361 0.862299465240642
13777.2468675169 0.707106781186548 0.864973262032086
13777.2468675169 0.840896415253715 0.843582887700535
13777.2468675169 1 0.842245989304813
13777.2468675169 1.18920711500272 0.840909090909091
16384 0.210224103813429 0.866310160427808
16384 0.25 0.856951871657754
16384 0.29730177875068 0.856951871657754
16384 0.353553390593274 0.852941176470588
16384 0.420448207626857 0.8475935828877
16384 0.5 0.850267379679144
16384 0.594603557501361 0.843582887700535
16384 0.707106781186548 0.843582887700535
16384 0.840896415253715 0.85427807486631
16384 1 0.844919786096257
16384 1.18920711500272 0.836898395721925
19483.9693722046 0.210224103813429 0.862299465240642
19483.9693722046 0.25 0.843582887700535
19483.9693722046 0.29730177875068 0.862299465240642
19483.9693722046 0.353553390593274 0.850267379679144
19483.9693722046 0.420448207626857 0.86096256684492
19483.9693722046 0.5 0.859625668449198
19483.9693722046 0.594603557501361 0.852941176470588
19483.9693722046 0.707106781186548 0.859625668449198
19483.9693722046 0.840896415253715 0.846256684491979
19483.9693722046 1 0.844919786096257
19483.9693722046 1.18920711500272 0.855614973262032
23170.4750059208 0.210224103813429 0.874331550802139
23170.4750059208 0.25 0.859625668449198
23170.4750059208 0.29730177875068 0.852941176470588
23170.4750059208 0.353553390593274 0.863636363636364
23170.4750059208 0.420448207626857 0.859625668449198
23170.4750059208 0.5 0.843582887700535
23170.4750059208 0.594603557501361 0.850267379679144
23170.4750059208 0.707106781186548 0.823529411764706
23170.4750059208 0.840896415253715 0.844919786096257
23170.4750059208 1 0.851604278074866
23170.4750059208 1.18920711500272 0.8475935828877
27554.4937350337 0.210224103813429 0.858288770053476
27554.4937350337 0.25 0.855614973262032
27554.4937350337 0.29730177875068 0.850267379679144
27554.4937350337 0.353553390593274 0.844919786096257
27554.4937350337 0.420448207626857 0.842245989304813
27554.4937350337 0.5 0.862299465240642
27554.4937350337 0.594603557501361 0.856951871657754
27554.4937350337 0.707106781186548 0.855614973262032
27554.4937350337 0.840896415253715 0.843582887700535
27554.4937350337 1 0.859625668449198
27554.4937350337 1.18920711500272 0.850267379679144
38967.9387444092 0.210224103813429 0.862299465240642
38967.9387444092 0.25 0.867647058823529
38967.9387444092 0.29730177875068 0.867647058823529
38967.9387444092 0.353553390593274 0.858288770053476
38967.9387444092 0.420448207626857 0.856951871657754
38967.9387444092 0.5 0.851604278074866
38967.9387444092 0.594603557501361 0.850267379679144
38967.9387444092 0.707106781186548 0.843582887700535
38967.9387444092 0.840896415253715 0.846256684491979
38967.9387444092 1 0.82620320855615
38967.9387444092 1.18920711500272 0.831550802139037
46340.9500118416 0.210224103813429 0.864973262032086
46340.9500118416 0.25 0.859625668449198
46340.9500118416 0.29730177875068 0.859625668449198
46340.9500118416 0.353553390593274 0.859625668449198
46340.9500118416 0.420448207626857 0.843582887700535
46340.9500118416 0.5 0.851604278074866
46340.9500118416 0.594603557501361 0.8475935828877
46340.9500118416 0.707106781186548 0.8475935828877
46340.9500118416 0.840896415253715 0.85427807486631
46340.9500118416 1 0.846256684491979
46340.9500118416 1.18920711500272 0.823529411764706
55108.9874700674 0.210224103813429 0.868983957219251
55108.9874700674 0.25 0.859625668449198
55108.9874700674 0.29730177875068 0.855614973262032
55108.9874700674 0.353553390593274 0.856951871657754
55108.9874700674 0.420448207626857 0.848930481283422
55108.9874700674 0.5 0.870320855614973
55108.9874700674 0.594603557501361 0.836898395721925
55108.9874700674 0.707106781186548 0.846256684491979
55108.9874700674 0.840896415253715 0.858288770053476
55108.9874700674 1 0.852941176470588
55108.9874700674 1.18920711500272 0.848930481283422
65536 0.210224103813429 0.850267379679144
65536 0.25 0.864973262032086
65536 0.29730177875068 0.851604278074866
65536 0.353553390593274 0.846256684491979
65536 0.420448207626857 0.840909090909091
65536 0.5 0.85427807486631
65536 0.594603557501361 0.852941176470588
65536 0.707106781186548 0.855614973262032
65536 0.840896415253715 0.846256684491979
65536 1 0.839572192513369
65536 1.18920711500272 0.823529411764706
77935.8774888183 0.210224103813429 0.863636363636364
77935.8774888183 0.25 0.843582887700535
77935.8774888183 0.29730177875068 0.858288770053476
77935.8774888183 0.353553390593274 0.846256684491979
77935.8774888183 0.420448207626857 0.850267379679144
77935.8774888183 0.5 0.850267379679144
77935.8774888183 0.594603557501361 0.846256684491979
77935.8774888183 0.707106781186548 0.851604278074866
77935.8774888183 0.840896415253715 0.843582887700535
77935.8774888183 1 0.850267379679144
77935.8774888183 1.18920711500272 0.856951871657754
