labels 0 -1 1
1 1 0.163205480135303 0.000384657863485391 0.836409862001212 
1 1 0.226232756312677 0.111149101810322 0.662618141877002 
0 1 0.23673303621291 0.133051278037965 0.630215685749125 
1 0 0.796117071075466 0.0840487439560219 0.119834184968513 
0 0 0.688909989163403 0.0536976053266387 0.257392405509958 
0 0 0.647950342229706 0.0353748400289321 0.316674817741362 
1 0 0.61784675543768 0.0270004717157497 0.355152772846571 
0 0 0.589648885986585 0.0255726835943614 0.384778430419053 
0 0 0.572425208558565 0.0283537006649861 0.399221090776449 
1 1 0.474685707170812 0.0260243282194498 0.499289964609738 
1 1 0.4331922686236 0.0237101991699182 0.543097532206482 
1 0 0.607753609001856 0.0302494031487005 0.361996987849444 
1 0 0.615784021860873 0.0277850419706832 0.356430936168444 
1 1 0.438144059216118 0.0209421161513887 0.540913824632493 
1 0 0.740857679300864 0.0604104343625861 0.19873188633655 
1 0 0.652012263960256 0.035968534044772 0.312019201994972 
1 1 0.324828119490353 0.00898491084680057 0.666186969662846 
1 1 0.21043426084635 0.00246548974215234 0.787100249411497 
1 1 0.00506901141466074 0.000310646327283556 0.994620342258056 
1 1 0.102449538399566 0.000192909976968706 0.897357551623466 
1 1 0.114987198261448 0.000177260796259553 0.884835540942292 
0 0 0.571430534452688 0.178581904139781 0.24998756140753 
0 0 0.509845071512263 0.130027540482693 0.360127388005044 
0 0 0.671618035194792 0.063919250843139 0.264462713962069 
1 0 0.749644879932858 0.0111599105792294 0.239195209487912 
1 0 0.801944744362865 0.00138585373001981 0.196669401907115 
1 0 0.875184240742644 7.96378403948936E-05 0.124736121416961 
1 0 0.875782604527652 9.2047102445448E-05 0.124125348369903 
1 0 0.873191429830372 4.69002096771472E-05 0.126761669959951 
1 0 0.860887758696844 5.94466717835124E-05 0.139052794631372 
1 0 0.779183822051558 0.000180755522865054 0.220635422425577 
1 0 0.637863893726828 0.000590933464733075 0.361545172808439 
0 0 0.653034076852815 0.00213284692000449 0.34483307622718 
0 0 0.569494197362888 0.00347990121757232 0.42702590141954 
0 0 0.64776040083749 0.000648070064867273 0.351591529097643 
0 0 0.761563546313398 0.000229610942710367 0.238206842743891 
0 0 0.620595317507111 0.000617706699448356 0.378786975793441 
-1 0 0.556606819003187 0.000841955673153728 0.442551225323659 
-1 0 0.505304073883855 7.9586722596565E-05 0.494616339393548 
-1 1 0.364557930566771 0.000189244418766535 0.635252825014463 
-1 0 0.632224303272782 0.000717113589671599 0.367058583137546 
-1 0 0.660135548427945 0.000482329125480194 0.339382122446575 
-1 0 0.792674877264814 0.000161587500018983 0.207163535235167 
-1 0 0.866503366938212 0.133479739249386 1.68938124021909E-05 
-1 0 0.59488186839907 0.404996416983616 0.000121714617313469 
-1 -1 0.394678148272565 0.605215146500822 0.000106705226613151 
-1 -1 0.406139304726166 0.593682276386669 0.000178418887164932 
-1 -1 0.452821400015645 0.54650824418372 0.000670355800635097 
-1 -1 0.0413166837213025 0.955736895809494 0.00294642046920373 
-1 -1 0.0453311424676577 0.948319146600848 0.00634971093149435 
-1 -1 0.0211879682102801 0.96910781486693 0.00970421692279028 
-1 -1 0.0760730813837085 0.919242135918404 0.00468478269788785 
-1 -1 0.0826993496482425 0.915989232334063 0.00131141801769424 
-1 -1 0.339653665056286 0.660244562194181 0.000101772749533571 
-1 0 0.821529506762791 0.178404776491986 6.57167452221647E-05 
-1 0 0.915220026020054 0.0847522249324924 2.77490474540712E-05 
0 0 0.971614169956644 0.0283644963597134 2.13336836423382E-05 
0 0 0.986785201105894 0.0131803500898952 3.44488042104424E-05 
0 0 0.988699757690442 0.0111751089326318 0.000125133376925956 
0 0 0.986099379758815 0.0132834987853869 0.000617121455798416 
0 0 0.972201566140884 0.0260338202820933 0.00176461357702253 
0 0 0.919653834751114 0.073860106270206 0.00648605897868042 
0 0 0.800610663107319 0.171030220602822 0.0283591162898584 
0 0 0.957508498976596 0.028023078583738 0.014468422439666 
0 0 0.957695016860753 0.032815282970179 0.00948970016906783 
0 0 0.933568344046388 0.0530906494577623 0.0133410064958502 
0 0 0.865304559791682 0.102985175233108 0.0317102649752091 
0 0 0.748255459492456 0.171689102717182 0.0800554377903621 
0 0 0.928868505889999 1.36802406587744E-05 0.071117813869342 
0 0 0.915444734547089 2.3827600025631E-05 0.0845314378528857 
0 0 0.896911235237391 6.27656037641659E-05 0.103025999158844 
0 0 0.817632737072504 0.00022980815573211 0.182137454771763 
0 0 0.740505213766127 0.000967030770915969 0.258527755462957 
0 0 0.675149389302641 0.000503394059319003 0.32434721663804 
0 0 0.674822449091152 0.000503231664708304 0.32467431924414 
0 0 0.888431531973262 0.00354567457233549 0.108022793454403 
0 0 0.864022138801648 0.00629668221515637 0.129681178983195 
0 0 0.795736692220589 0.015755481022419 0.188507826756992 
0 0 0.73519312140599 0.0427952357449182 0.222011642849092 
0 0 0.583805816144234 0.0735752914424499 0.342618892413316 
0 0 0.546652968682524 0.107615833987946 0.34573119732953 
0 1 0.438916075030733 0.0999975247802056 0.461086400189062 
0 0 0.574646629586856 0.180031650364357 0.245321720048787 
0 0 0.489322412344141 0.210344813598358 0.300332774057501 
0 0 0.483875103926344 0.219988116715587 0.296136779358069 
0 0 0.527094009904262 0.194952926215395 0.277953063880344 
0 1 0.0579052835852064 0.145504070654959 0.796590645759835 
0 1 0.0526318194908962 0.0416190058150381 0.905749174694066 
0 1 0.461048200335588 0.0104124987974531 0.528539300866959 
0 1 0.35062662934988 0.00290312147525959 0.64647024917486 
0 1 0.0428900112682129 0.00483735704694116 0.952272631684846 
0 1 0.211591668567483 0.00125684499977585 0.787151486432741 
0 1 0.0568764081187939 0.000547684535457698 0.942575907345748 
0 1 0.0795172470112433 0.000397786363850077 0.920084966624906 
0 1 0.380134344335438 0.0272434997240518 0.59262215594051 
0 1 0.463681773478074 0.0358998880483969 0.500418338473529 
0 1 0.368187390508442 0.0325246584084031 0.599287951083155 
0 0 0.724303747884039 0.000674666556043008 0.275021585559918 
0 0 0.728252915136373 0.000831695653308312 0.270915389210318 
1 0 0.566626594225748 0.000799787402397643 0.432573618371855 
1 0 0.518880723724491 5.18885069798761E-05 0.481067387768529 
0 1 0.369734233207098 3.57764856502852E-05 0.630229990307252 
0 1 0.322467640844568 5.42355676332798E-05 0.677478123587799 
1 1 0.338980785436562 3.3874897106184E-05 0.660985339666332 
1 1 0.374345878765216 0.000212201101710935 0.625441920133073 
0 1 0.322440209158338 2.55287144640161E-05 0.677534262127198 
0 1 0.304400807679598 0.000101262080211153 0.695497930240191 
1 1 0.319036914081827 5.8731475027075E-05 0.680904354443146 
0 1 0.347503212171243 2.9615525536401E-05 0.652467172303221 
0 1 0.405343819370926 7.86679573243225E-05 0.59457751267175 
0 1 0.351150488482734 0.000316974660448163 0.648532536856818 
0 0 0.680301028163044 0.00386586697422639 0.31583310486273 
0 0 0.51118690143158 0.0780588029364164 0.410754295632004 
0 1 0.376983599938899 0.0617914059058663 0.561224994155235 
1 1 0.430787787971468 0.0824760461006936 0.486736165927839 
1 1 0.218321895582588 0.0266584400194156 0.755019664397996 
1 1 0.333114501458059 0.047009694106042 0.619875804435899 
0 1 0.342796713205469 0.0646126939472348 0.592590592847296 
0 1 0.0373330772568919 0.00363066599924472 0.959036256743864 
0 1 0.261654796323333 0.052581588655301 0.685763615021366 
0 1 0.394015277406925 0.127411635853625 0.47857308673945 
0 0 0.49814495964478 0.186469126154843 0.315385914200377 
0 0 0.507433711712407 0.221674214847333 0.270892073440259 
0 0 0.429466347423863 0.275456529697778 0.295077122878359 
0 1 0.311991735744068 0.288986734876371 0.399021529379561 
0 1 0.253042088534823 0.276370307608697 0.47058760385648 
0 1 0.270292209387405 0.293182363115287 0.436525427497308 
0 1 0.310195783387866 0.326286138477034 0.363518078135101 
0 0 0.581384466456672 0.096596877418217 0.322018656125111 
0 0 0.559713082991806 0.149145895486992 0.291141021521202 
0 1 0.402024315208922 0.127787355529931 0.470188329261147 
0 1 0.307866235928994 0.0465328209342307 0.645600943136776 
0 1 0.318120568443633 0.00763188888728905 0.674247542669078 
0 0 0.635847118666417 0.00178475400702566 0.362368127326557 
0 1 0.121517891350939 0.00055407350510998 0.877928035143951 
0 1 0.20649064865732 0.000694256210634827 0.792815095132045 
0 1 0.383533716862296 0.000132134229791693 0.616334148907912 
0 1 0.00614264788775817 0.0364676020708356 0.957389750041406 
1 1 0.020243212311461 0.00816514405268509 0.971591643635854 
1 1 0.260013068099459 0.00197207675030491 0.738014855150236 
0 1 0.231030266963158 0.0012681768738953 0.767701556162946 
0 1 0.193199663249783 0.000857947269549321 0.805942389480668 
0 0 0.660477474566358 0.195800540130779 0.143721985302863 
0 0 0.453489008045526 0.313014534878528 0.233496457075946 
0 -1 0.340781317974231 0.399492365737178 0.25972631628859 
0 -1 0.306210148206277 0.410982773425602 0.282807078368121 
0 -1 0.285549561684166 0.473926110978138 0.240524327337696 
0 -1 0.273574928827819 0.421011556759418 0.305413514412763 
0 -1 0.289128883684563 0.387239394914322 0.323631721401116 
-1 1 0.417040960871024 0.108728486129928 0.474230552999048 
0 1 0.365937380520577 0.1498815816613 0.484181037818124 
-1 1 0.233778022110641 0.0927095592548164 0.673512418634542 
0 1 0.160777365293596 0.0448037258194984 0.794418908886905 
0 1 0.192693451803862 0.00840047652023015 0.798906071675908 
0 0 0.502226150353778 0.00283174862415915 0.494942101022063 
0 1 0.368046647553828 0.079449486784493 0.552503865661679 
0 1 0.385486262484881 0.0759265787707015 0.538587158744417 
0 1 0.35945993012468 0.0619788335055506 0.57856123636977 
0 1 0.375322460619522 0.0624258735316877 0.56225166584879 
0 -1 0.237893113186166 0.498395041410865 0.263711845402969 
0 1 0.203967878212173 0.158221433494412 0.637810688293416 
0 1 0.0996476724450522 0.0894887146372802 0.810863612917668 
0 1 0.0946734664376042 0.0726247118406528 0.832701821721743 
0 1 0.160849838175469 0.126885377827623 0.712264783996907 
0 1 0.270837449570934 0.192990088019231 0.536172462409835 
0 0 0.871264187933623 0.0779105867849214 0.0508252252814554 
0 0 0.785254289263979 0.123136198808617 0.0916095119274039 
0 0 0.698137995046017 0.18698228815285 0.114879716801132 
-1 0 0.613165783698566 0.238584495337492 0.148249720963942 
-1 0 0.526131497362411 0.255883605966531 0.217984896671058 
-1 1 0.370417035287284 0.241415905734389 0.388167058978327 
-1 1 0.288311262596943 0.14280035854798 0.568888378855076 
-1 1 0.266599351476283 0.0489524294422513 0.684448219081466 
-1 1 0.19348764681927 0.0217385429322713 0.784773810248458 
0 1 0.165861985734268 0.0211923992914554 0.812945614974277 
-1 1 0.0763302102936691 0.0257386386322815 0.897931151074049 
0 1 0.0716642278671521 0.0256326646411181 0.90270310749173 
0 1 0.143199782810786 0.0108414568350664 0.845958760354148 
-1 1 0.388562845009464 0.114946066190153 0.496491088800383 
-1 0 0.403587910527526 0.199095176988278 0.397316912484197 
-1 0 0.795346702825913 0.0721573503212609 0.132495946852826 
-1 0 0.725475702193855 0.119860372787144 0.154663925019002 
-1 0 0.579872749417843 0.216862335890398 0.203264914691759 
-1 0 0.436739761757741 0.31381155330616 0.249448684936099 
-1 0 0.380379082521644 0.345024284814973 0.274596632663383 
-1 -1 0.400091644309172 0.435852300026921 0.164056055663906 
