0.03125 3.0517578125E-05 0.414765100671141
0.03125 0.0001220703125 0.414765100671141
0.03125 0.00048828125 0.414765100671141
0.03125 0.001953125 0.414765100671141
0.03125 0.0078125 0.414765100671141
0.03125 0.03125 0.414765100671141
0.03125 0.125 0.414765100671141
0.03125 0.5 0.522147651006711
0.03125 2 0.515436241610738
0.03125 8 0.512751677852349
0.125 3.0517578125E-05 0.414765100671141
0.125 0.0001220703125 0.414765100671141
0.125 0.00048828125 0.414765100671141
0.125 0.001953125 0.414765100671141
0.125 0.0078125 0.414765100671141
0.125 0.03125 0.414765100671141
0.125 0.125 0.504697986577181
0.125 0.5 0.50738255033557
0.125 2 0.566442953020134
0.125 8 0.577181208053691
0.5 3.0517578125E-05 0.414765100671141
0.5 0.0001220703125 0.414765100671141
0.5 0.00048828125 0.414765100671141
0.5 0.001953125 0.414765100671141
0.5 0.0078125 0.414765100671141
0.5 0.03125 0.497986577181208
0.5 0.125 0.493959731543624
0.5 0.5 0.579865771812081
0.5 2 0.585234899328859
0.5 8 0.659060402684564
2 3.0517578125E-05 0.414765100671141
2 0.0001220703125 0.414765100671141
2 0.00048828125 0.414765100671141
2 0.001953125 0.414765100671141
2 0.0078125 0.48993288590604
2 0.03125 0.487248322147651
2 0.125 0.555704697986577
2 0.5 0.622818791946309
2 2 0.685906040268456
2 8 0.715436241610738
8 3.0517578125E-05 0.414765100671141
8 0.0001220703125 0.414765100671141
8 0.00048828125 0.414765100671141
8 0.001953125 0.487248322147651
8 0.0078125 0.481879194630872
8 0.03125 0.539597315436242
8 0.125 0.645637583892617
8 0.5 0.680536912751678
8 2 0.74496644295302
8 8 0.76241610738255
32 3.0517578125E-05 0.414765100671141
32 0.0001220703125 0.414765100671141
32 0.00048828125 0.480536912751678
32 0.001953125 0.471140939597315
32 0.0078125 0.538255033557047
32 0.03125 0.625503355704698
32 0.125 0.691275167785235
32 0.5 0.731543624161074
32 2 0.804026845637584
32 8 0.797315436241611
128 3.0517578125E-05 0.414765100671141
128 0.0001220703125 0.48993288590604
128 0.00048828125 0.475167785234899
128 0.001953125 0.528859060402685
128 0.0078125 0.63489932885906
128 0.03125 0.696644295302013
128 0.125 0.718120805369127
128 0.5 0.798657718120805
128 2 0.822818791946309
128 8 0.808053691275168
512 3.0517578125E-05 0.48993288590604
512 0.0001220703125 0.480536912751678
512 0.00048828125 0.528859060402685
512 0.001953125 0.630872483221476
512 0.0078125 0.677852348993289
512 0.03125 0.720805369127517
512 0.125 0.781208053691275
512 0.5 0.818791946308725
512 2 0.844295302013423
512 8 0.825503355704698
2048 3.0517578125E-05 0.487248322147651
2048 0.0001220703125 0.532885906040268
2048 0.00048828125 0.625503355704698
2048 0.001953125 0.679194630872483
2048 0.0078125 0.71006711409396
2048 0.03125 0.777181208053691
2048 0.125 0.794630872483222
2048 0.5 0.825503355704698
2048 2 0.826845637583893
2048 8 0.824161073825503
8192 3.0517578125E-05 0.523489932885906
8192 0.0001220703125 0.626845637583893
8192 0.00048828125 0.677852348993289
8192 0.001953125 0.715436241610738
8192 0.0078125 0.777181208053691
8192 0.03125 0.785234899328859
8192 0.125 0.825503355704698
8192 0.5 0.838926174496644
8192 2 0.848322147651007
8192 8 0.820134228187919
32768 3.0517578125E-05 0.630872483221476
32768 0.0001220703125 0.668456375838926
32768 0.00048828125 0.708724832214765
32768 0.001953125 0.766442953020134
32768 0.0078125 0.779865771812081
32768 0.03125 0.810738255033557
32768 0.125 0.828187919463087
32768 0.5 0.844295302013423
32768 2 0.841610738255034
32768 8 0.812080536912752
3444.31171687921 0.840896415253715 0.833557046979866
3444.31171687921 1 0.826845637583893
3444.31171687921 1.18920711500272 0.833557046979866
3444.31171687921 1.4142135623731 0.83758389261745
3444.31171687921 1.68179283050743 0.832214765100671
3444.31171687921 2 0.838926174496644
3444.31171687921 2.37841423000544 0.844295302013423
3444.31171687921 2.82842712474619 0.83489932885906
3444.31171687921 3.36358566101486 0.852348993288591
3444.31171687921 4 0.852348993288591
3444.31171687921 4.75682846001088 0.833557046979866
4096 0.840896415253715 0.841610738255034
4096 1 0.824161073825503
4096 1.18920711500272 0.83758389261745
4096 1.4142135623731 0.838926174496644
4096 1.68179283050743 0.842953020134228
4096 2 0.841610738255034
4096 2.37841423000544 0.83758389261745
4096 2.82842712474619 0.852348993288591
4096 3.36358566101486 0.828187919463087
4096 4 0.85503355704698
4096 4.75682846001088 0.85503355704698
4870.99234305115 0.840896415253715 0.833557046979866
4870.99234305115 1 0.848322147651007
4870.99234305115 1.18920711500272 0.83489932885906
4870.99234305115 1.4142135623731 0.844295302013423
4870.99234305115 1.68179283050743 0.841610738255034
4870.99234305115 2 0.833557046979866
4870.99234305115 2.37841423000544 0.842953020134228
4870.99234305115 2.82842712474619 0.83758389261745
4870.99234305115 3.36358566101486 0.836241610738255
4870.99234305115 4 0.825503355704698
4870.99234305115 4.75682846001088 0.859060402684564
5792.6187514802 0.840896415253715 0.838926174496644
5792.6187514802 1 0.841610738255034
5792.6187514802 1.18920711500272 0.836241610738255
5792.6187514802 1.4142135623731 0.849664429530201
5792.6187514802 1.68179283050743 0.828187919463087
5792.6187514802 2 0.853691275167785
5792.6187514802 2.37841423000544 0.83489932885906
5792.6187514802 2.82842712474619 0.829530201342282
5792.6187514802 3.36358566101486 0.859060402684564
5792.6187514802 4 0.852348993288591
5792.6187514802 4.75682846001088 0.826845637583893
6888.62343375843 0.840896415253715 0.828187919463087
6888.62343375843 1 0.821476510067114
6888.62343375843 1.18920711500272 0.844295302013423
6888.62343375843 1.4142135623731 0.840268456375839
6888.62343375843 1.68179283050743 0.844295302013423
6888.62343375843 2 0.851006711409396
6888.62343375843 2.37841423000544 0.83489932885906
6888.62343375843 2.82842712474619 0.848322147651007
6888.62343375843 3.36358566101486 0.838926174496644
6888.62343375843 4 0.846979865771812
6888.62343375843 4.75682846001088 0.826845637583893
9741.98468610229 0.840896415253715 0.848322147651007
9741.98468610229 1 0.853691275167785
9741.98468610229 1.18920711500272 0.852348993288591
9741.98468610229 1.4142135623731 0.860402684563758
9741.98468610229 1.68179283050743 0.845637583892617
9741.98468610229 2 0.863087248322148
9741.98468610229 2.37841423000544 0.83489932885906
9741.98468610229 2.82842712474619 0.830872483221477
9741.98468610229 3.36358566101486 0.844295302013423
9741.98468610229 4 0.852348993288591
9741.98468610229 4.75682846001088 0.832214765100671
11585.2375029604 0.840896415253715 0.838926174496644
11585.2375029604 1 0.842953020134228
11585.2375029604 1.18920711500272 0.857718120805369
11585.2375029604 1.4142135623731 0.851006711409396
11585.2375029604 1.68179283050743 0.860402684563758
11585.2375029604 2 0.829530201342282
11585.2375029604 2.37841423000544 0.845637583892617
11585.2375029604 2.82842712474619 0.841610738255034
11585.2375029604 3.36358566101486 0.842953020134228
11585.2375029604 4 0.852348993288591
11585.2375029604 4.75682846001088 0.841610738255034
13777.2468675169 0.840896415253715 0.833557046979866
13777.2468675169 1 0.826845637583893
13777.2468675169 1.18920711500272 0.848322147651007
13777.2468675169 1.4142135623731 0.83758389261745
13777.2468675169 1.68179283050743 0.845637583892617
13777.2468675169 2 0.849664429530201
13777.2468675169 2.37841423000544 0.826845637583893
13777.2468675169 2.82842712474619 0.841610738255034
13777.2468675169 3.36358566101486 0.851006711409396
13777.2468675169 4 0.841610738255034
13777.2468675169 4.75682846001088 0.846979865771812
16384 0.840896415253715 0.838926174496644
16384 1 0.841610738255034
16384 1.18920711500272 0.844295302013423
16384 1.4142135623731 0.852348993288591
16384 1.68179283050743 0.848322147651007
16384 2 0.845637583892617
16384 2.37841423000544 0.845637583892617
16384 2.82842712474619 0.840268456375839
16384 3.36358566101486 0.841610738255034
16384 4 0.840268456375839
16384 4.75682846001088 0.840268456375839
19483.9693722046 0.840896415253715 0.851006711409396
19483.9693722046 1 0.85503355704698
19483.9693722046 1.18920711500272 0.853691275167785
19483.9693722046 1.4142135623731 0.838926174496644
19483.9693722046 1.68179283050743 0.856375838926175
19483.9693722046 2 0.841610738255034
19483.9693722046 2.37841423000544 0.852348993288591
19483.9693722046 2.82842712474619 0.849664429530201
19483.9693722046 3.36358566101486 0.848322147651007
19483.9693722046 4 0.829530201342282
19483.9693722046 4.75682846001088 0.820134228187919
