0.03125 3.0517578125E-05 0.605421686746988
0.03125 0.0001220703125 0.605421686746988
0.03125 0.00048828125 0.605421686746988
0.03125 0.001953125 0.605421686746988
0.03125 0.0078125 0.605421686746988
0.03125 0.03125 0.605421686746988
0.03125 0.125 0.605421686746988
0.03125 0.5 0.605421686746988
0.03125 2 0.605421686746988
0.03125 8 0.605421686746988
0.125 3.0517578125E-05 0.605421686746988
0.125 0.0001220703125 0.605421686746988
0.125 0.00048828125 0.605421686746988
0.125 0.001953125 0.605421686746988
0.125 0.0078125 0.605421686746988
0.125 0.03125 0.605421686746988
0.125 0.125 0.605421686746988
0.125 0.5 0.605421686746988
0.125 2 0.605421686746988
0.125 8 0.605421686746988
0.5 3.0517578125E-05 0.605421686746988
0.5 0.0001220703125 0.605421686746988
0.5 0.00048828125 0.605421686746988
0.5 0.001953125 0.605421686746988
0.5 0.0078125 0.605421686746988
0.5 0.03125 0.605421686746988
0.5 0.125 0.605421686746988
0.5 0.5 0.605421686746988
0.5 2 0.641566265060241
0.5 8 0.728915662650602
2 3.0517578125E-05 0.605421686746988
2 0.0001220703125 0.605421686746988
2 0.00048828125 0.605421686746988
2 0.001953125 0.605421686746988
2 0.0078125 0.605421686746988
2 0.03125 0.605421686746988
2 0.125 0.608433734939759
2 0.5 0.644578313253012
2 2 0.740963855421687
2 8 0.77710843373494
8 3.0517578125E-05 0.605421686746988
8 0.0001220703125 0.605421686746988
8 0.00048828125 0.605421686746988
8 0.001953125 0.605421686746988
8 0.0078125 0.605421686746988
8 0.03125 0.605421686746988
8 0.125 0.668674698795181
8 0.5 0.765060240963855
8 2 0.768072289156627
8 8 0.822289156626506
32 3.0517578125E-05 0.605421686746988
32 0.0001220703125 0.605421686746988
32 0.00048828125 0.605421686746988
32 0.001953125 0.605421686746988
32 0.0078125 0.605421686746988
32 0.03125 0.662650602409639
32 0.125 0.759036144578313
32 0.5 0.795180722891566
32 2 0.816265060240964
32 8 0.816265060240964
128 3.0517578125E-05 0.605421686746988
128 0.0001220703125 0.605421686746988
128 0.00048828125 0.605421686746988
128 0.001953125 0.605421686746988
128 0.0078125 0.653614457831325
128 0.03125 0.768072289156627
128 0.125 0.789156626506024
128 0.5 0.822289156626506
128 2 0.849397590361446
128 8 0.837349397590361
512 3.0517578125E-05 0.605421686746988
512 0.0001220703125 0.605421686746988
512 0.00048828125 0.605421686746988
512 0.001953125 0.653614457831325
512 0.0078125 0.759036144578313
512 0.03125 0.801204819277108
512 0.125 0.801204819277108
512 0.5 0.816265060240964
512 2 0.846385542168675
512 8 0.843373493975904
2048 3.0517578125E-05 0.605421686746988
2048 0.0001220703125 0.605421686746988
2048 0.00048828125 0.668674698795181
2048 0.001953125 0.759036144578313
2048 0.0078125 0.819277108433735
2048 0.03125 0.813253012048193
2048 0.125 0.840361445783133
2048 0.5 0.855421686746988
2048 2 0.855421686746988
2048 8 0.828313253012048
8192 3.0517578125E-05 0.605421686746988
8192 0.0001220703125 0.662650602409639
8192 0.00048828125 0.759036144578313
8192 0.001953125 0.80421686746988
8192 0.0078125 0.816265060240964
8192 0.03125 0.822289156626506
8192 0.125 0.852409638554217
8192 0.5 0.86144578313253
8192 2 0.852409638554217
8192 8 0.813253012048193
32768 3.0517578125E-05 0.66566265060241
32768 0.0001220703125 0.765060240963855
32768 0.00048828125 0.798192771084337
32768 0.001953125 0.828313253012048
32768 0.0078125 0.831325301204819
32768 0.03125 0.849397590361446
32768 0.125 0.849397590361446
32768 0.5 0.846385542168675
32768 2 0.83433734939759
32768 8 0.843373493975904
3444.31171687921 0.210224103813429 0.864457831325301
3444.31171687921 0.25 0.831325301204819
3444.31171687921 0.29730177875068 0.867469879518072
3444.31171687921 0.353553390593274 0.858433734939759
3444.31171687921 0.420448207626857 0.849397590361446
3444.31171687921 0.5 0.852409638554217
3444.31171687921 0.594603557501361 0.846385542168675
3444.31171687921 0.707106781186548 0.879518072289157
3444.31171687921 0.840896415253715 0.837349397590361
3444.31171687921 1 0.840361445783133
3444.31171687921 1.18920711500272 0.855421686746988
4096 0.210224103813429 0.852409638554217
4096 0.25 0.855421686746988
4096 0.29730177875068 0.852409638554217
4096 0.353553390593274 0.864457831325301
4096 0.420448207626857 0.852409638554217
4096 0.5 0.858433734939759
4096 0.594603557501361 0.864457831325301
4096 0.707106781186548 0.864457831325301
4096 0.840896415253715 0.852409638554217
4096 1 0.843373493975904
4096 1.18920711500272 0.855421686746988
4870.99234305115 0.210224103813429 0.843373493975904
4870.99234305115 0.25 0.864457831325301
4870.99234305115 0.29730177875068 0.831325301204819
4870.99234305115 0.353553390593274 0.867469879518072
4870.99234305115 0.420448207626857 0.86144578313253
4870.99234305115 0.5 0.855421686746988
4870.99234305115 0.594603557501361 0.843373493975904
4870.99234305115 0.707106781186548 0.870481927710843
4870.99234305115 0.840896415253715 0.873493975903614
4870.99234305115 1 0.870481927710843
4870.99234305115 1.18920711500272 0.885542168674699
5792.6187514802 0.210224103813429 0.825301204819277
5792.6187514802 0.25 0.849397590361446
5792.6187514802 0.29730177875068 0.852409638554217
5792.6187514802 0.353553390593274 0.858433734939759
5792.6187514802 0.420448207626857 0.837349397590361
5792.6187514802 0.5 0.876506024096386
5792.6187514802 0.594603557501361 0.86144578313253
5792.6187514802 0.707106781186548 0.852409638554217
5792.6187514802 0.840896415253715 0.855421686746988
5792.6187514802 1 0.858433734939759
5792.6187514802 1.18920711500272 0.86144578313253
6888.62343375843 0.210224103813429 0.86144578313253
6888.62343375843 0.25 0.843373493975904
6888.62343375843 0.29730177875068 0.882530120481928
6888.62343375843 0.353553390593274 0.870481927710843
6888.62343375843 0.420448207626857 0.882530120481928
6888.62343375843 0.5 0.855421686746988
6888.62343375843 0.594603557501361 0.855421686746988
6888.62343375843 0.707106781186548 0.864457831325301
6888.62343375843 0.840896415253715 0.873493975903614
6888.62343375843 1 0.873493975903614
6888.62343375843 1.18920711500272 0.852409638554217
9741.98468610229 0.210224103813429 0.864457831325301
9741.98468610229 0.25 0.846385542168675
9741.98468610229 0.29730177875068 0.864457831325301
9741.98468610229 0.353553390593274 0.86144578313253
9741.98468610229 0.420448207626857 0.846385542168675
9741.98468610229 0.5 0.873493975903614
9741.98468610229 0.594603557501361 0.855421686746988
9741.98468610229 0.707106781186548 0.858433734939759
9741.98468610229 0.840896415253715 0.86144578313253
9741.98468610229 1 0.846385542168675
9741.98468610229 1.18920711500272 0.855421686746988
11585.2375029604 0.210224103813429 0.86144578313253
11585.2375029604 0.25 0.86144578313253
11585.2375029604 0.29730177875068 0.867469879518072
11585.2375029604 0.353553390593274 0.837349397590361
11585.2375029604 0.420448207626857 0.864457831325301
11585.2375029604 0.5 0.849397590361446
11585.2375029604 0.594603557501361 0.843373493975904
11585.2375029604 0.707106781186548 0.864457831325301
11585.2375029604 0.840896415253715 0.864457831325301
11585.2375029604 1 0.828313253012048
11585.2375029604 1.18920711500272 0.855421686746988
13777.2468675169 0.210224103813429 0.852409638554217
13777.2468675169 0.25 0.849397590361446
13777.2468675169 0.29730177875068 0.855421686746988
13777.2468675169 0.353553390593274 0.873493975903614
13777.2468675169 0.420448207626857 0.867469879518072
13777.2468675169 0.5 0.870481927710843
13777.2468675169 0.594603557501361 0.846385542168675
13777.2468675169 0.707106781186548 0.843373493975904
13777.2468675169 0.840896415253715 0.846385542168675
13777.2468675169 1 0.849397590361446
13777.2468675169 1.18920711500272 0.825301204819277
16384 0.210224103813429 0.843373493975904
16384 0.25 0.864457831325301
16384 0.29730177875068 0.852409638554217
16384 0.353553390593274 0.843373493975904
16384 0.420448207626857 0.849397590361446
16384 0.5 0.831325301204819
16384 0.594603557501361 0.873493975903614
16384 0.707106781186548 0.855421686746988
16384 0.840896415253715 0.852409638554217
16384 1 0.83433734939759
16384 1.18920711500272 0.840361445783133
19483.9693722046 0.210224103813429 0.873493975903614
19483.9693722046 0.25 0.867469879518072
19483.9693722046 0.29730177875068 0.849397590361446
19483.9693722046 0.353553390593274 0.846385542168675
19483.9693722046 0.420448207626857 0.882530120481928
19483.9693722046 0.5 0.840361445783133
19483.9693722046 0.594603557501361 0.867469879518072
19483.9693722046 0.707106781186548 0.852409638554217
19483.9693722046 0.840896415253715 0.825301204819277
19483.9693722046 1 0.858433734939759
19483.9693722046 1.18920711500272 0.849397590361446
