0.03125 3.0517578125E-05 0.417004048582996
0.03125 0.0001220703125 0.417004048582996
0.03125 0.00048828125 0.417004048582996
0.03125 0.001953125 0.417004048582996
0.03125 0.0078125 0.417004048582996
0.03125 0.03125 0.417004048582996
0.03125 0.125 0.417004048582996
0.03125 0.5 0.550607287449393
0.03125 2 0.557354925775978
0.03125 8 0.549257759784076
0.125 3.0517578125E-05 0.417004048582996
0.125 0.0001220703125 0.417004048582996
0.125 0.00048828125 0.417004048582996
0.125 0.001953125 0.417004048582996
0.125 0.0078125 0.417004048582996
0.125 0.03125 0.417004048582996
0.125 0.125 0.557354925775978
0.125 0.5 0.616734143049933
0.125 2 0.643724696356275
0.125 8 0.666666666666667
0.5 3.0517578125E-05 0.417004048582996
0.5 0.0001220703125 0.417004048582996
0.5 0.00048828125 0.417004048582996
0.5 0.001953125 0.417004048582996
0.5 0.0078125 0.417004048582996
0.5 0.03125 0.550607287449393
0.5 0.125 0.614035087719298
0.5 0.5 0.641025641025641
0.5 2 0.663967611336032
0.5 8 0.703103913630229
2 3.0517578125E-05 0.417004048582996
2 0.0001220703125 0.417004048582996
2 0.00048828125 0.417004048582996
2 0.001953125 0.417004048582996
2 0.0078125 0.549257759784076
2 0.03125 0.600539811066127
2 0.125 0.62753036437247
2 0.5 0.672064777327935
2 2 0.707152496626181
2 8 0.719298245614035
8 3.0517578125E-05 0.417004048582996
8 0.0001220703125 0.417004048582996
8 0.00048828125 0.417004048582996
8 0.001953125 0.546558704453441
8 0.0078125 0.604588394062078
8 0.03125 0.623481781376518
8 0.125 0.666666666666667
8 0.5 0.721997300944669
8 2 0.738191632928475
8 8 0.769230769230769
32 3.0517578125E-05 0.417004048582996
32 0.0001220703125 0.417004048582996
32 0.00048828125 0.547908232118758
32 0.001953125 0.596491228070175
32 0.0078125 0.620782726045884
32 0.03125 0.666666666666667
32 0.125 0.713900134952767
32 0.5 0.716599190283401
32 2 0.773279352226721
32 8 0.789473684210526
128 3.0517578125E-05 0.417004048582996
128 0.0001220703125 0.547908232118758
128 0.00048828125 0.603238866396761
128 0.001953125 0.612685560053981
128 0.0078125 0.663967611336032
128 0.03125 0.699055330634278
128 0.125 0.715249662618084
128 0.5 0.746288798920378
128 2 0.790823211875843
128 8 0.842105263157895
512 3.0517578125E-05 0.546558704453441
512 0.0001220703125 0.593792172739541
512 0.00048828125 0.615384615384615
512 0.001953125 0.641025641025641
512 0.0078125 0.721997300944669
512 0.03125 0.712550607287449
512 0.125 0.742240215924426
512 0.5 0.789473684210526
512 2 0.808367071524966
512 8 0.846153846153846
2048 3.0517578125E-05 0.596491228070175
2048 0.0001220703125 0.616734143049933
2048 0.00048828125 0.653171390013495
2048 0.001953125 0.715249662618084
2048 0.0078125 0.727395411605938
2048 0.03125 0.744939271255061
2048 0.125 0.784075573549258
2048 0.5 0.790823211875843
2048 2 0.817813765182186
2048 8 0.840755735492578
8192 3.0517578125E-05 0.622132253711201
8192 0.0001220703125 0.65587044534413
8192 0.00048828125 0.703103913630229
8192 0.001953125 0.713900134952767
8192 0.0078125 0.738191632928475
8192 0.03125 0.754385964912281
8192 0.125 0.798920377867746
8192 0.5 0.819163292847503
8192 2 0.839406207827261
8192 8 0.852901484480432
32768 3.0517578125E-05 0.653171390013495
32768 0.0001220703125 0.720647773279352
32768 0.00048828125 0.734143049932524
32768 0.001953125 0.753036437246964
32768 0.0078125 0.767881241565452
32768 0.03125 0.785425101214575
32768 0.125 0.804318488529015
32768 0.5 0.834008097165992
32768 2 0.846153846153846
32768 8 0.842105263157895
3444.31171687921 3.36358566101486 0.834008097165992
3444.31171687921 4 0.84885290148448
3444.31171687921 4.75682846001088 0.840755735492578
3444.31171687921 5.65685424949238 0.843454790823212
3444.31171687921 6.72717132202972 0.846153846153846
3444.31171687921 8 0.862348178137652
3444.31171687921 9.51365692002177 0.852901484480432
3444.31171687921 11.3137084989848 0.838056680161943
3444.31171687921 13.4543426440594 0.831309041835358
3444.31171687921 16 0.821862348178138
3444.31171687921 19.0273138400435 0.816464237516869
4096 3.36358566101486 0.854251012145749
4096 4 0.838056680161943
4096 4.75682846001088 0.855600539811066
4096 5.65685424949238 0.844804318488529
4096 6.72717132202972 0.846153846153846
4096 8 0.840755735492578
4096 9.51365692002177 0.828609986504723
4096 11.3137084989848 0.819163292847503
4096 13.4543426440594 0.838056680161943
4096 16 0.828609986504723
4096 19.0273138400435 0.82051282051282
4870.99234305115 3.36358566101486 0.838056680161943
4870.99234305115 4 0.840755735492578
4870.99234305115 4.75682846001088 0.842105263157895
4870.99234305115 5.65685424949238 0.847503373819163
4870.99234305115 6.72717132202972 0.839406207827261
4870.99234305115 8 0.82995951417004
4870.99234305115 9.51365692002177 0.823211875843455
4870.99234305115 11.3137084989848 0.846153846153846
4870.99234305115 13.4543426440594 0.831309041835358
4870.99234305115 16 0.824561403508772
4870.99234305115 19.0273138400435 0.831309041835358
5792.6187514802 3.36358566101486 0.843454790823212
5792.6187514802 4 0.819163292847503
5792.6187514802 4.75682846001088 0.839406207827261
5792.6187514802 5.65685424949238 0.8582995951417
5792.6187514802 6.72717132202972 0.836707152496626
5792.6187514802 8 0.855600539811066
5792.6187514802 9.51365692002177 0.859649122807018
5792.6187514802 11.3137084989848 0.842105263157895
5792.6187514802 13.4543426440594 0.835357624831309
5792.6187514802 16 0.838056680161943
5792.6187514802 19.0273138400435 0.839406207827261
6888.62343375843 3.36358566101486 0.852901484480432
6888.62343375843 4 0.84885290148448
6888.62343375843 4.75682846001088 0.843454790823212
6888.62343375843 5.65685424949238 0.842105263157895
6888.62343375843 6.72717132202972 0.843454790823212
6888.62343375843 8 0.850202429149798
6888.62343375843 9.51365692002177 0.82995951417004
6888.62343375843 11.3137084989848 0.846153846153846
6888.62343375843 13.4543426440594 0.838056680161943
6888.62343375843 16 0.834008097165992
6888.62343375843 19.0273138400435 0.804318488529015
9741.98468610229 3.36358566101486 0.839406207827261
9741.98468610229 4 0.838056680161943
9741.98468610229 4.75682846001088 0.852901484480432
9741.98468610229 5.65685424949238 0.835357624831309
9741.98468610229 6.72717132202972 0.852901484480432
9741.98468610229 8 0.838056680161943
9741.98468610229 9.51365692002177 0.846153846153846
9741.98468610229 11.3137084989848 0.840755735492578
9741.98468610229 13.4543426440594 0.824561403508772
9741.98468610229 16 0.82051282051282
9741.98468610229 19.0273138400435 0.82051282051282
11585.2375029604 3.36358566101486 0.84885290148448
11585.2375029604 4 0.831309041835358
11585.2375029604 4.75682846001088 0.850202429149798
11585.2375029604 5.65685424949238 0.860998650472335
11585.2375029604 6.72717132202972 0.842105263157895
11585.2375029604 8 0.831309041835358
11585.2375029604 9.51365692002177 0.846153846153846
11585.2375029604 11.3137084989848 0.847503373819163
11585.2375029604 13.4543426440594 0.819163292847503
11585.2375029604 16 0.813765182186235
11585.2375029604 19.0273138400435 0.827260458839406
13777.2468675169 3.36358566101486 0.851551956815115
13777.2468675169 4 0.847503373819163
13777.2468675169 4.75682846001088 0.844804318488529
13777.2468675169 5.65685424949238 0.840755735492578
13777.2468675169 6.72717132202972 0.854251012145749
13777.2468675169 8 0.84885290148448
13777.2468675169 9.51365692002177 0.84885290148448
13777.2468675169 11.3137084989848 0.84885290148448
13777.2468675169 13.4543426440594 0.813765182186235
13777.2468675169 16 0.812415654520918
13777.2468675169 19.0273138400435 0.832658569500675
16384 3.36358566101486 0.855600539811066
16384 4 0.840755735492578
16384 4.75682846001088 0.855600539811066
16384 5.65685424949238 0.842105263157895
16384 6.72717132202972 0.816464237516869
16384 8 0.854251012145749
16384 9.51365692002177 0.832658569500675
16384 11.3137084989848 0.831309041835358
16384 13.4543426440594 0.825910931174089
16384 16 0.82995951417004
16384 19.0273138400435 0.828609986504723
19483.9693722046 3.36358566101486 0.82051282051282
19483.9693722046 4 0.842105263157895
19483.9693722046 4.75682846001088 0.8582995951417
19483.9693722046 5.65685424949238 0.844804318488529
19483.9693722046 6.72717132202972 0.839406207827261
19483.9693722046 8 0.850202429149798
19483.9693722046 9.51365692002177 0.843454790823212
19483.9693722046 11.3137084989848 0.852901484480432
19483.9693722046 13.4543426440594 0.846153846153846
19483.9693722046 16 0.82995951417004
19483.9693722046 19.0273138400435 0.817813765182186
