0.03125 3.0517578125E-05 0.415172413793103
0.03125 0.0001220703125 0.415172413793103
0.03125 0.00048828125 0.415172413793103
0.03125 0.001953125 0.415172413793103
0.03125 0.0078125 0.415172413793103
0.03125 0.03125 0.415172413793103
0.03125 0.125 0.415172413793103
0.03125 0.5 0.489655172413793
0.03125 2 0.499310344827586
0.03125 8 0.510344827586207
0.125 3.0517578125E-05 0.415172413793103
0.125 0.0001220703125 0.415172413793103
0.125 0.00048828125 0.415172413793103
0.125 0.001953125 0.415172413793103
0.125 0.0078125 0.415172413793103
0.125 0.03125 0.415172413793103
0.125 0.125 0.506206896551724
0.125 0.5 0.51448275862069
0.125 2 0.6
0.125 8 0.711724137931035
0.5 3.0517578125E-05 0.415172413793103
0.5 0.0001220703125 0.415172413793103
0.5 0.00048828125 0.415172413793103
0.5 0.001953125 0.415172413793103
0.5 0.0078125 0.415172413793103
0.5 0.03125 0.503448275862069
0.5 0.125 0.508965517241379
0.5 0.5 0.624827586206897
0.5 2 0.686896551724138
0.5 8 0.771034482758621
2 3.0517578125E-05 0.415172413793103
2 0.0001220703125 0.415172413793103
2 0.00048828125 0.415172413793103
2 0.001953125 0.415172413793103
2 0.0078125 0.508965517241379
2 0.03125 0.504827586206897
2 0.125 0.595862068965517
2 0.5 0.637241379310345
2 2 0.769655172413793
2 8 0.824827586206897
8 3.0517578125E-05 0.415172413793103
8 0.0001220703125 0.415172413793103
8 0.00048828125 0.415172413793103
8 0.001953125 0.502068965517241
8 0.0078125 0.507586206896552
8 0.03125 0.56551724137931
8 0.125 0.660689655172414
8 0.5 0.729655172413793
8 2 0.827586206896552
8 8 0.842758620689655
32 3.0517578125E-05 0.415172413793103
32 0.0001220703125 0.419310344827586
32 0.00048828125 0.497931034482759
32 0.001953125 0.499310344827586
32 0.0078125 0.543448275862069
32 0.03125 0.659310344827586
32 0.125 0.682758620689655
32 0.5 0.779310344827586
32 2 0.84
32 8 0.857931034482759
128 3.0517578125E-05 0.415172413793103
128 0.0001220703125 0.510344827586207
128 0.00048828125 0.502068965517241
128 0.001953125 0.542068965517241
128 0.0078125 0.64
128 0.03125 0.692413793103448
128 0.125 0.748965517241379
128 0.5 0.788965517241379
128 2 0.851034482758621
128 8 0.87448275862069
512 3.0517578125E-05 0.500689655172414
512 0.0001220703125 0.508965517241379
512 0.00048828125 0.539310344827586
512 0.001953125 0.648275862068965
512 0.0078125 0.684137931034483
512 0.03125 0.736551724137931
512 0.125 0.764137931034483
512 0.5 0.838620689655172
512 2 0.867586206896552
512 8 0.908965517241379
2048 3.0517578125E-05 0.500689655172414
2048 0.0001220703125 0.543448275862069
2048 0.00048828125 0.64
2048 0.001953125 0.667586206896552
2048 0.0078125 0.724137931034483
2048 0.03125 0.744827586206897
2048 0.125 0.783448275862069
2048 0.5 0.848275862068966
2048 2 0.891034482758621
2048 8 0.899310344827586
8192 3.0517578125E-05 0.543448275862069
8192 0.0001220703125 0.648275862068965
8192 0.00048828125 0.670344827586207
8192 0.001953125 0.724137931034483
8192 0.0078125 0.739310344827586
8192 0.03125 0.764137931034483
8192 0.125 0.811034482758621
8192 0.5 0.857931034482759
8192 2 0.886896551724138
8192 8 0.921379310344828
32768 3.0517578125E-05 0.649655172413793
32768 0.0001220703125 0.666206896551724
32768 0.00048828125 0.707586206896552
32768 0.001953125 0.72551724137931
32768 0.0078125 0.75448275862069
32768 0.03125 0.76
32768 0.125 0.842758620689655
32768 0.5 0.870344827586207
32768 2 0.904827586206897
32768 8 0.906206896551724
3444.31171687921 3.36358566101486 0.893793103448276
3444.31171687921 4 0.897931034482759
3444.31171687921 4.75682846001088 0.915862068965517
3444.31171687921 5.65685424949238 0.897931034482759
3444.31171687921 6.72717132202972 0.915862068965517
3444.31171687921 8 0.913103448275862
3444.31171687921 9.51365692002177 0.907586206896552
3444.31171687921 11.3137084989848 0.918620689655172
3444.31171687921 13.4543426440594 0.91448275862069
3444.31171687921 16 0.921379310344828
3444.31171687921 19.0273138400435 0.915862068965517
4096 3.36358566101486 0.892413793103448
4096 4 0.891034482758621
4096 4.75682846001088 0.911724137931034
4096 5.65685424949238 0.903448275862069
4096 6.72717132202972 0.899310344827586
4096 8 0.910344827586207
4096 9.51365692002177 0.91448275862069
4096 11.3137084989848 0.911724137931034
4096 13.4543426440594 0.911724137931034
4096 16 0.910344827586207
4096 19.0273138400435 0.913103448275862
4870.99234305115 3.36358566101486 0.895172413793103
4870.99234305115 4 0.900689655172414
4870.99234305115 4.75682846001088 0.897931034482759
4870.99234305115 5.65685424949238 0.915862068965517
4870.99234305115 6.72717132202972 0.918620689655172
4870.99234305115 8 0.918620689655172
4870.99234305115 9.51365692002177 0.924137931034483
4870.99234305115 11.3137084989848 0.915862068965517
4870.99234305115 13.4543426440594 0.92
4870.99234305115 16 0.895172413793103
4870.99234305115 19.0273138400435 0.928275862068966
5792.6187514802 3.36358566101486 0.893793103448276
5792.6187514802 4 0.893793103448276
5792.6187514802 4.75682846001088 0.911724137931034
5792.6187514802 5.65685424949238 0.91448275862069
5792.6187514802 6.72717132202972 0.897931034482759
5792.6187514802 8 0.921379310344828
5792.6187514802 9.51365692002177 0.915862068965517
5792.6187514802 11.3137084989848 0.897931034482759
5792.6187514802 13.4543426440594 0.921379310344828
5792.6187514802 16 0.924137931034483
5792.6187514802 19.0273138400435 0.924137931034483
6888.62343375843 3.36358566101486 0.903448275862069
6888.62343375843 4 0.915862068965517
6888.62343375843 4.75682846001088 0.907586206896552
6888.62343375843 5.65685424949238 0.906206896551724
6888.62343375843 6.72717132202972 0.913103448275862
6888.62343375843 8 0.915862068965517
6888.62343375843 9.51365692002177 0.910344827586207
6888.62343375843 11.3137084989848 0.913103448275862
6888.62343375843 13.4543426440594 0.908965517241379
6888.62343375843 16 0.918620689655172
6888.62343375843 19.0273138400435 0.897931034482759
9741.98468610229 3.36358566101486 0.893793103448276
9741.98468610229 4 0.897931034482759
9741.98468610229 4.75682846001088 0.910344827586207
9741.98468610229 5.65685424949238 0.915862068965517
9741.98468610229 6.72717132202972 0.918620689655172
9741.98468610229 8 0.918620689655172
9741.98468610229 9.51365692002177 0.913103448275862
9741.98468610229 11.3137084989848 0.907586206896552
9741.98468610229 13.4543426440594 0.896551724137931
9741.98468610229 16 0.906206896551724
9741.98468610229 19.0273138400435 0.904827586206897
11585.2375029604 3.36358566101486 0.91448275862069
11585.2375029604 4 0.899310344827586
11585.2375029604 4.75682846001088 0.917241379310345
11585.2375029604 5.65685424949238 0.924137931034483
11585.2375029604 6.72717132202972 0.915862068965517
11585.2375029604 8 0.92551724137931
11585.2375029604 9.51365692002177 0.931034482758621
11585.2375029604 11.3137084989848 0.915862068965517
11585.2375029604 13.4543426440594 0.904827586206897
11585.2375029604 16 0.895172413793103
11585.2375029604 19.0273138400435 0.896551724137931
13777.2468675169 3.36358566101486 0.915862068965517
13777.2468675169 4 0.904827586206897
13777.2468675169 4.75682846001088 0.897931034482759
13777.2468675169 5.65685424949238 0.904827586206897
13777.2468675169 6.72717132202972 0.91448275862069
13777.2468675169 8 0.911724137931034
13777.2468675169 9.51365692002177 0.915862068965517
13777.2468675169 11.3137084989848 0.907586206896552
13777.2468675169 13.4543426440594 0.907586206896552
13777.2468675169 16 0.908965517241379
13777.2468675169 19.0273138400435 0.897931034482759
16384 3.36358566101486 0.910344827586207
16384 4 0.908965517241379
16384 4.75682846001088 0.907586206896552
16384 5.65685424949238 0.918620689655172
16384 6.72717132202972 0.897931034482759
16384 8 0.888275862068965
16384 9.51365692002177 0.906206896551724
16384 11.3137084989848 0.907586206896552
16384 13.4543426440594 0.903448275862069
16384 16 0.906206896551724
16384 19.0273138400435 0.91448275862069
19483.9693722046 3.36358566101486 0.896551724137931
19483.9693722046 4 0.922758620689655
19483.9693722046 4.75682846001088 0.908965517241379
19483.9693722046 5.65685424949238 0.904827586206897
19483.9693722046 6.72717132202972 0.897931034482759
19483.9693722046 8 0.910344827586207
19483.9693722046 9.51365692002177 0.899310344827586
19483.9693722046 11.3137084989848 0.910344827586207
19483.9693722046 13.4543426440594 0.910344827586207
19483.9693722046 16 0.896551724137931
19483.9693722046 19.0273138400435 0.891034482758621
