0.03125 3.0517578125E-05 0.472727272727273
0.03125 0.0001220703125 0.472727272727273
0.03125 0.00048828125 0.472727272727273
0.03125 0.001953125 0.472727272727273
0.03125 0.0078125 0.472727272727273
0.03125 0.03125 0.472727272727273
0.03125 0.125 0.472727272727273
0.03125 0.5 0.472727272727273
0.03125 2 0.483916083916084
0.03125 8 0.587412587412587
0.125 3.0517578125E-05 0.472727272727273
0.125 0.0001220703125 0.472727272727273
0.125 0.00048828125 0.472727272727273
0.125 0.001953125 0.472727272727273
0.125 0.0078125 0.472727272727273
0.125 0.03125 0.472727272727273
0.125 0.125 0.472727272727273
0.125 0.5 0.474125874125874
0.125 2 0.613986013986014
0.125 8 0.668531468531469
0.5 3.0517578125E-05 0.472727272727273
0.5 0.0001220703125 0.472727272727273
0.5 0.00048828125 0.472727272727273
0.5 0.001953125 0.472727272727273
0.5 0.0078125 0.472727272727273
0.5 0.03125 0.472727272727273
0.5 0.125 0.472727272727273
0.5 0.5 0.558041958041958
0.5 2 0.654545454545455
0.5 8 0.718881118881119
2 3.0517578125E-05 0.472727272727273
2 0.0001220703125 0.472727272727273
2 0.00048828125 0.472727272727273
2 0.001953125 0.472727272727273
2 0.0078125 0.472727272727273
2 0.03125 0.472727272727273
2 0.125 0.53986013986014
2 0.5 0.647552447552448
2 2 0.704895104895105
2 8 0.779020979020979
8 3.0517578125E-05 0.472727272727273
8 0.0001220703125 0.472727272727273
8 0.00048828125 0.472727272727273
8 0.001953125 0.472727272727273
8 0.0078125 0.495104895104895
8 0.03125 0.531468531468531
8 0.125 0.616783216783217
8 0.5 0.674125874125874
8 2 0.767832167832168
8 8 0.855944055944056
32 3.0517578125E-05 0.472727272727273
32 0.0001220703125 0.472727272727273
32 0.00048828125 0.472727272727273
32 0.001953125 0.468531468531469
32 0.0078125 0.46993006993007
32 0.03125 0.572027972027972
32 0.125 0.648951048951049
32 0.5 0.734265734265734
32 2 0.798601398601399
32 8 0.876923076923077
128 3.0517578125E-05 0.472727272727273
128 0.0001220703125 0.472727272727273
128 0.00048828125 0.472727272727273
128 0.001953125 0.485314685314685
128 0.0078125 0.588811188811189
128 0.03125 0.629370629370629
128 0.125 0.697902097902098
128 0.5 0.753846153846154
128 2 0.841958041958042
128 8 0.882517482517483
512 3.0517578125E-05 0.472727272727273
512 0.0001220703125 0.471328671328671
512 0.00048828125 0.496503496503497
512 0.001953125 0.524475524475524
512 0.0078125 0.618181818181818
512 0.03125 0.685314685314685
512 0.125 0.735664335664336
512 0.5 0.78041958041958
512 2 0.86993006993007
512 8 0.878321678321678
2048 3.0517578125E-05 0.472727272727273
2048 0.0001220703125 0.500699300699301
2048 0.00048828125 0.560839160839161
2048 0.001953125 0.612587412587413
2048 0.0078125 0.658741258741259
2048 0.03125 0.693706293706294
2048 0.125 0.734265734265734
2048 0.5 0.806993006993007
2048 2 0.882517482517483
2048 8 0.878321678321678
8192 3.0517578125E-05 0.499300699300699
8192 0.0001220703125 0.54965034965035
8192 0.00048828125 0.604195804195804
8192 0.001953125 0.622377622377622
8192 0.0078125 0.662937062937063
8192 0.03125 0.707692307692308
8192 0.125 0.774825174825175
8192 0.5 0.858741258741259
8192 2 0.878321678321678
8192 8 0.868531468531469
32768 3.0517578125E-05 0.525874125874126
32768 0.0001220703125 0.597202797202797
32768 0.00048828125 0.616783216783217
32768 0.001953125 0.646153846153846
32768 0.0078125 0.67972027972028
32768 0.03125 0.731468531468531
32768 0.125 0.806993006993007
32768 0.5 0.857342657342657
32768 2 0.882517482517483
32768 8 0.858741258741259
53.8173705762377 3.36358566101486 0.851748251748252
53.8173705762377 4 0.861538461538462
53.8173705762377 4.75682846001088 0.86013986013986
53.8173705762377 5.65685424949238 0.876923076923077
53.8173705762377 6.72717132202972 0.87972027972028
53.8173705762377 8 0.888111888111888
53.8173705762377 9.51365692002177 0.881118881118881
53.8173705762377 11.3137084989848 0.883916083916084
53.8173705762377 13.4543426440594 0.888111888111888
53.8173705762377 16 0.895104895104895
53.8173705762377 19.0273138400435 0.882517482517483
64 3.36358566101486 0.862937062937063
64 4 0.855944055944056
64 4.75682846001088 0.876923076923077
64 5.65685424949238 0.867132867132867
64 6.72717132202972 0.868531468531469
64 8 0.882517482517483
64 9.51365692002177 0.893706293706294
64 11.3137084989848 0.890909090909091
64 13.4543426440594 0.88951048951049
64 16 0.883916083916084
64 19.0273138400435 0.875524475524476
76.1092553601741 3.36358566101486 0.848951048951049
76.1092553601741 4 0.867132867132867
76.1092553601741 4.75682846001088 0.881118881118881
76.1092553601741 5.65685424949238 0.875524475524476
76.1092553601741 6.72717132202972 0.883916083916084
76.1092553601741 8 0.876923076923077
76.1092553601741 9.51365692002177 0.885314685314685
76.1092553601741 11.3137084989848 0.883916083916084
76.1092553601741 13.4543426440594 0.882517482517483
76.1092553601741 16 0.88951048951049
76.1092553601741 19.0273138400435 0.878321678321678
90.5096679918781 3.36358566101486 0.848951048951049
90.5096679918781 4 0.867132867132867
90.5096679918781 4.75682846001088 0.868531468531469
90.5096679918781 5.65685424949238 0.875524475524476
90.5096679918781 6.72717132202972 0.87972027972028
90.5096679918781 8 0.878321678321678
90.5096679918781 9.51365692002177 0.883916083916084
90.5096679918781 11.3137084989848 0.886713286713287
90.5096679918781 13.4543426440594 0.895104895104895
90.5096679918781 16 0.882517482517483
90.5096679918781 19.0273138400435 0.893706293706294
107.634741152475 3.36358566101486 0.865734265734266
107.634741152475 4 0.868531468531469
107.634741152475 4.75682846001088 0.864335664335664
107.634741152475 5.65685424949238 0.871328671328671
107.634741152475 6.72717132202972 0.871328671328671
107.634741152475 8 0.882517482517483
107.634741152475 9.51365692002177 0.881118881118881
107.634741152475 11.3137084989848 0.888111888111888
107.634741152475 13.4543426440594 0.890909090909091
107.634741152475 16 0.868531468531469
107.634741152475 19.0273138400435 0.885314685314685
152.218510720348 3.36358566101486 0.86993006993007
152.218510720348 4 0.872727272727273
152.218510720348 4.75682846001088 0.882517482517483
152.218510720348 5.65685424949238 0.893706293706294
152.218510720348 6.72717132202972 0.890909090909091
152.218510720348 8 0.885314685314685
152.218510720348 9.51365692002177 0.87972027972028
152.218510720348 11.3137084989848 0.892307692307692
152.218510720348 13.4543426440594 0.888111888111888
152.218510720348 16 0.878321678321678
152.218510720348 19.0273138400435 0.890909090909091
181.019335983756 3.36358566101486 0.855944055944056
181.019335983756 4 0.867132867132867
181.019335983756 4.75682846001088 0.878321678321678
181.019335983756 5.65685424949238 0.872727272727273
181.019335983756 6.72717132202972 0.885314685314685
181.019335983756 8 0.876923076923077
181.019335983756 9.51365692002177 0.888111888111888
181.019335983756 11.3137084989848 0.886713286713287
181.019335983756 13.4543426440594 0.882517482517483
181.019335983756 16 0.893706293706294
181.019335983756 19.0273138400435 0.895104895104895
215.269482304951 3.36358566101486 0.883916083916084
215.269482304951 4 0.871328671328671
215.269482304951 4.75682846001088 0.871328671328671
215.269482304951 5.65685424949238 0.888111888111888
215.269482304951 6.72717132202972 0.881118881118881
215.269482304951 8 0.892307692307692
215.269482304951 9.51365692002177 0.893706293706294
215.269482304951 11.3137084989848 0.897902097902098
215.269482304951 13.4543426440594 0.907692307692308
215.269482304951 16 0.882517482517483
215.269482304951 19.0273138400435 0.885314685314685
256 3.36358566101486 0.882517482517483
256 4 0.86993006993007
256 4.75682846001088 0.881118881118881
256 5.65685424949238 0.876923076923077
256 6.72717132202972 0.882517482517483
256 8 0.87972027972028
256 9.51365692002177 0.876923076923077
256 11.3137084989848 0.885314685314685
256 13.4543426440594 0.881118881118881
256 16 0.902097902097902
256 19.0273138400435 0.886713286713287
304.437021440697 3.36358566101486 0.864335664335664
304.437021440697 4 0.876923076923077
304.437021440697 4.75682846001088 0.886713286713287
304.437021440697 5.65685424949238 0.885314685314685
304.437021440697 6.72717132202972 0.899300699300699
304.437021440697 8 0.897902097902098
304.437021440697 9.51365692002177 0.886713286713287
304.437021440697 11.3137084989848 0.904895104895105
304.437021440697 13.4543426440594 0.878321678321678
304.437021440697 16 0.893706293706294
304.437021440697 19.0273138400435 0.890909090909091
