0.03125 3.0517578125E-05 0.503783783783784
0.03125 0.0001220703125 0.503783783783784
0.03125 0.00048828125 0.503783783783784
0.03125 0.001953125 0.503783783783784
0.03125 0.0078125 0.503783783783784
0.03125 0.03125 0.503783783783784
0.03125 0.125 0.503783783783784
0.03125 0.5 0.503783783783784
0.03125 2 0.503783783783784
0.03125 8 0.503783783783784
0.125 3.0517578125E-05 0.503783783783784
0.125 0.0001220703125 0.503783783783784
0.125 0.00048828125 0.503783783783784
0.125 0.001953125 0.503783783783784
0.125 0.0078125 0.503783783783784
0.125 0.03125 0.503783783783784
0.125 0.125 0.503783783783784
0.125 0.5 0.503783783783784
0.125 2 0.528648648648649
0.125 8 0.564324324324324
0.5 3.0517578125E-05 0.503783783783784
0.5 0.0001220703125 0.503783783783784
0.5 0.00048828125 0.503783783783784
0.5 0.001953125 0.503783783783784
0.5 0.0078125 0.503783783783784
0.5 0.03125 0.503783783783784
0.5 0.125 0.503783783783784
0.5 0.5 0.571891891891892
0.5 2 0.677837837837838
0.5 8 0.722162162162162
2 3.0517578125E-05 0.503783783783784
2 0.0001220703125 0.503783783783784
2 0.00048828125 0.503783783783784
2 0.001953125 0.503783783783784
2 0.0078125 0.503783783783784
2 0.03125 0.503783783783784
2 0.125 0.577297297297297
2 0.5 0.709189189189189
2 2 0.793513513513514
2 8 0.8
8 3.0517578125E-05 0.503783783783784
8 0.0001220703125 0.503783783783784
8 0.00048828125 0.503783783783784
8 0.001953125 0.503783783783784
8 0.0078125 0.503783783783784
8 0.03125 0.575135135135135
8 0.125 0.723243243243243
8 0.5 0.810810810810811
8 2 0.836756756756757
8 8 0.827027027027027
32 3.0517578125E-05 0.503783783783784
32 0.0001220703125 0.503783783783784
32 0.00048828125 0.503783783783784
32 0.001953125 0.503783783783784
32 0.0078125 0.575135135135135
32 0.03125 0.725405405405405
32 0.125 0.819459459459459
32 0.5 0.848648648648649
32 2 0.847567567567568
32 8 0.80972972972973
128 3.0517578125E-05 0.503783783783784
128 0.0001220703125 0.503783783783784
128 0.00048828125 0.503783783783784
128 0.001953125 0.572972972972973
128 0.0078125 0.728648648648649
128 0.03125 0.823783783783784
128 0.125 0.848648648648649
128 0.5 0.867027027027027
128 2 0.851891891891892
128 8 0.807567567567568
512 3.0517578125E-05 0.503783783783784
512 0.0001220703125 0.503783783783784
512 0.00048828125 0.570810810810811
512 0.001953125 0.726486486486487
512 0.0078125 0.818378378378378
512 0.03125 0.845405405405405
512 0.125 0.851891891891892
512 0.5 0.860540540540541
512 2 0.834594594594595
512 8 0.794594594594595
2048 3.0517578125E-05 0.503783783783784
2048 0.0001220703125 0.571891891891892
2048 0.00048828125 0.734054054054054
2048 0.001953125 0.822702702702703
2048 0.0078125 0.841081081081081
2048 0.03125 0.857297297297297
2048 0.125 0.850810810810811
2048 0.5 0.864864864864865
2048 2 0.828108108108108
2048 8 0.807567567567568
8192 3.0517578125E-05 0.576216216216216
8192 0.0001220703125 0.731891891891892
8192 0.00048828125 0.818378378378378
8192 0.001953125 0.837837837837838
8192 0.0078125 0.847567567567568
8192 0.03125 0.850810810810811
8192 0.125 0.850810810810811
8192 0.5 0.855135135135135
8192 2 0.837837837837838
8192 8 0.788108108108108
32768 3.0517578125E-05 0.728648648648649
32768 0.0001220703125 0.822702702702703
32768 0.00048828125 0.833513513513514
32768 0.001953125 0.846486486486487
32768 0.0078125 0.851891891891892
32768 0.03125 0.860540540540541
32768 0.125 0.87027027027027
32768 0.5 0.850810810810811
32768 2 0.837837837837838
32768 8 0.789189189189189
13777.2468675169 0.0525560259533572 0.855135135135135
13777.2468675169 0.0625 0.850810810810811
13777.2468675169 0.0743254446876701 0.860540540540541
13777.2468675169 0.0883883476483184 0.859459459459459
13777.2468675169 0.105112051906714 0.859459459459459
13777.2468675169 0.125 0.862702702702703
13777.2468675169 0.14865088937534 0.858378378378378
13777.2468675169 0.176776695296637 0.867027027027027
13777.2468675169 0.210224103813429 0.865945945945946
13777.2468675169 0.25 0.863783783783784
13777.2468675169 0.29730177875068 0.862702702702703
16384 0.0525560259533572 0.856216216216216
16384 0.0625 0.857297297297297
16384 0.0743254446876701 0.855135135135135
16384 0.0883883476483184 0.856216216216216
16384 0.105112051906714 0.861621621621622
16384 0.125 0.855135135135135
16384 0.14865088937534 0.855135135135135
16384 0.176776695296637 0.854054054054054
16384 0.210224103813429 0.858378378378378
16384 0.25 0.868108108108108
16384 0.29730177875068 0.858378378378378
19483.9693722046 0.0525560259533572 0.857297297297297
19483.9693722046 0.0625 0.859459459459459
19483.9693722046 0.0743254446876701 0.855135135135135
19483.9693722046 0.0883883476483184 0.851891891891892
19483.9693722046 0.105112051906714 0.859459459459459
19483.9693722046 0.125 0.869189189189189
19483.9693722046 0.14865088937534 0.862702702702703
19483.9693722046 0.176776695296637 0.860540540540541
19483.9693722046 0.210224103813429 0.859459459459459
19483.9693722046 0.25 0.864864864864865
19483.9693722046 0.29730177875068 0.863783783783784
23170.4750059208 0.0525560259533572 0.861621621621622
23170.4750059208 0.0625 0.860540540540541
23170.4750059208 0.0743254446876701 0.860540540540541
23170.4750059208 0.0883883476483184 0.855135135135135
23170.4750059208 0.105112051906714 0.856216216216216
23170.4750059208 0.125 0.869189189189189
23170.4750059208 0.14865088937534 0.856216216216216
23170.4750059208 0.176776695296637 0.867027027027027
23170.4750059208 0.210224103813429 0.869189189189189
23170.4750059208 0.25 0.871351351351351
23170.4750059208 0.29730177875068 0.871351351351351
27554.4937350337 0.0525560259533572 0.865945945945946
27554.4937350337 0.0625 0.864864864864865
27554.4937350337 0.0743254446876701 0.860540540540541
27554.4937350337 0.0883883476483184 0.861621621621622
27554.4937350337 0.105112051906714 0.861621621621622
27554.4937350337 0.125 0.852972972972973
27554.4937350337 0.14865088937534 0.858378378378378
27554.4937350337 0.176776695296637 0.867027027027027
27554.4937350337 0.210224103813429 0.87027027027027
27554.4937350337 0.25 0.852972972972973
27554.4937350337 0.29730177875068 0.863783783783784
38967.9387444092 0.0525560259533572 0.857297297297297
38967.9387444092 0.0625 0.855135135135135
38967.9387444092 0.0743254446876701 0.865945945945946
38967.9387444092 0.0883883476483184 0.872432432432432
38967.9387444092 0.105112051906714 0.857297297297297
38967.9387444092 0.125 0.869189189189189
38967.9387444092 0.14865088937534 0.862702702702703
38967.9387444092 0.176776695296637 0.867027027027027
38967.9387444092 0.210224103813429 0.865945945945946
38967.9387444092 0.25 0.854054054054054
38967.9387444092 0.29730177875068 0.860540540540541
46340.9500118416 0.0525560259533572 0.863783783783784
46340.9500118416 0.0625 0.869189189189189
46340.9500118416 0.0743254446876701 0.84972972972973
46340.9500118416 0.0883883476483184 0.854054054054054
46340.9500118416 0.105112051906714 0.852972972972973
46340.9500118416 0.125 0.863783783783784
46340.9500118416 0.14865088937534 0.857297297297297
46340.9500118416 0.176776695296637 0.868108108108108
46340.9500118416 0.210224103813429 0.868108108108108
46340.9500118416 0.25 0.859459459459459
46340.9500118416 0.29730177875068 0.861621621621622
55108.9874700674 0.0525560259533572 0.871351351351351
55108.9874700674 0.0625 0.868108108108108
55108.9874700674 0.0743254446876701 0.860540540540541
55108.9874700674 0.0883883476483184 0.863783783783784
55108.9874700674 0.105112051906714 0.863783783783784
55108.9874700674 0.125 0.881081081081081
55108.9874700674 0.14865088937534 0.87027027027027
55108.9874700674 0.176776695296637 0.871351351351351
55108.9874700674 0.210224103813429 0.868108108108108
55108.9874700674 0.25 0.862702702702703
55108.9874700674 0.29730177875068 0.852972972972973
65536 0.0525560259533572 0.857297297297297
65536 0.0625 0.856216216216216
65536 0.0743254446876701 0.864864864864865
65536 0.0883883476483184 0.861621621621622
65536 0.105112051906714 0.871351351351351
65536 0.125 0.861621621621622
65536 0.14865088937534 0.873513513513513
65536 0.176776695296637 0.862702702702703
65536 0.210224103813429 0.867027027027027
65536 0.25 0.869189189189189
65536 0.29730177875068 0.867027027027027
77935.8774888183 0.0525560259533572 0.854054054054054
77935.8774888183 0.0625 0.861621621621622
77935.8774888183 0.0743254446876701 0.861621621621622
77935.8774888183 0.0883883476483184 0.863783783783784
77935.8774888183 0.105112051906714 0.857297297297297
77935.8774888183 0.125 0.865945945945946
77935.8774888183 0.14865088937534 0.867027027027027
77935.8774888183 0.176776695296637 0.868108108108108
77935.8774888183 0.210224103813429 0.860540540540541
77935.8774888183 0.25 0.859459459459459
77935.8774888183 0.29730177875068 0.850810810810811
