0.03125 3.0517578125E-05 0.506507592190889
0.03125 0.0001220703125 0.506507592190889
0.03125 0.00048828125 0.506507592190889
0.03125 0.001953125 0.506507592190889
0.03125 0.0078125 0.506507592190889
0.03125 0.03125 0.506507592190889
0.03125 0.125 0.506507592190889
0.03125 0.5 0.506507592190889
0.03125 2 0.506507592190889
0.03125 8 0.506507592190889
0.125 3.0517578125E-05 0.506507592190889
0.125 0.0001220703125 0.506507592190889
0.125 0.00048828125 0.506507592190889
0.125 0.001953125 0.506507592190889
0.125 0.0078125 0.506507592190889
0.125 0.03125 0.506507592190889
0.125 0.125 0.506507592190889
0.125 0.5 0.506507592190889
0.125 2 0.568329718004338
0.125 8 0.584598698481562
0.5 3.0517578125E-05 0.506507592190889
0.5 0.0001220703125 0.506507592190889
0.5 0.00048828125 0.506507592190889
0.5 0.001953125 0.506507592190889
0.5 0.0078125 0.506507592190889
0.5 0.03125 0.506507592190889
0.5 0.125 0.506507592190889
0.5 0.5 0.599783080260304
0.5 2 0.63882863340564
0.5 8 0.709327548806941
2 3.0517578125E-05 0.506507592190889
2 0.0001220703125 0.506507592190889
2 0.00048828125 0.506507592190889
2 0.001953125 0.506507592190889
2 0.0078125 0.506507592190889
2 0.03125 0.506507592190889
2 0.125 0.588937093275488
2 0.5 0.67353579175705
2 2 0.748373101952278
2 8 0.789587852494577
8 3.0517578125E-05 0.506507592190889
8 0.0001220703125 0.506507592190889
8 0.00048828125 0.506507592190889
8 0.001953125 0.506507592190889
8 0.0078125 0.506507592190889
8 0.03125 0.581344902386117
8 0.125 0.702819956616052
8 0.5 0.774403470715835
8 2 0.786334056399132
8 8 0.816702819956616
32 3.0517578125E-05 0.506507592190889
32 0.0001220703125 0.506507592190889
32 0.00048828125 0.506507592190889
32 0.001953125 0.506507592190889
32 0.0078125 0.571583514099783
32 0.03125 0.70824295010846
32 0.125 0.76355748373102
32 0.5 0.790672451193059
32 2 0.815618221258134
32 8 0.809110629067245
128 3.0517578125E-05 0.506507592190889
128 0.0001220703125 0.506507592190889
128 0.00048828125 0.506507592190889
128 0.001953125 0.575921908893709
128 0.0078125 0.702819956616052
128 0.03125 0.77114967462039
128 0.125 0.795010845986985
128 0.5 0.81236442516269
128 2 0.815618221258134
128 8 0.801518438177874
512 3.0517578125E-05 0.506507592190889
512 0.0001220703125 0.506507592190889
512 0.00048828125 0.580260303687636
512 0.001953125 0.704989154013015
512 0.0078125 0.767895878524946
512 0.03125 0.797180043383948
512 0.125 0.801518438177874
512 0.5 0.793926247288503
512 2 0.830802603036876
512 8 0.808026030368764
2048 3.0517578125E-05 0.506507592190889
2048 0.0001220703125 0.575921908893709
2048 0.00048828125 0.704989154013015
2048 0.001953125 0.773318872017354
2048 0.0078125 0.793926247288503
2048 0.03125 0.800433839479393
2048 0.125 0.801518438177874
2048 0.5 0.817787418655098
2048 2 0.814533622559653
2048 8 0.762472885032538
8192 3.0517578125E-05 0.573752711496746
8192 0.0001220703125 0.702819956616052
8192 0.00048828125 0.77114967462039
8192 0.001953125 0.79175704989154
8192 0.0078125 0.796095444685466
8192 0.03125 0.797180043383948
8192 0.125 0.81236442516269
8192 0.5 0.811279826464208
8192 2 0.802603036876356
8192 8 0.752711496746204
32768 3.0517578125E-05 0.703904555314534
32768 0.0001220703125 0.772234273318872
32768 0.00048828125 0.796095444685466
32768 0.001953125 0.789587852494577
32768 0.0078125 0.806941431670282
32768 0.03125 0.804772234273319
32768 0.125 0.801518438177874
32768 0.5 0.806941431670282
32768 2 0.77765726681128
32768 8 0.750542299349241
215.269482304951 0.840896415253715 0.818872017353579
215.269482304951 1 0.818872017353579
215.269482304951 1.18920711500272 0.824295010845987
215.269482304951 1.4142135623731 0.824295010845987
215.269482304951 1.68179283050743 0.835140997830803
215.269482304951 2 0.835140997830803
215.269482304951 2.37841423000544 0.825379609544469
215.269482304951 2.82842712474619 0.82646420824295
215.269482304951 3.36358566101486 0.821041214750542
215.269482304951 4 0.824295010845987
215.269482304951 4.75682846001088 0.821041214750542
256 0.840896415253715 0.817787418655098
256 1 0.813449023861171
256 1.18920711500272 0.824295010845987
256 1.4142135623731 0.819956616052061
256 1.68179283050743 0.827548806941432
256 2 0.825379609544469
256 2.37841423000544 0.825379609544469
256 2.82842712474619 0.817787418655098
256 3.36358566101486 0.810195227765727
256 4 0.822125813449024
256 4.75682846001088 0.8058568329718
304.437021440697 0.840896415253715 0.813449023861171
304.437021440697 1 0.831887201735358
304.437021440697 1.18920711500272 0.818872017353579
304.437021440697 1.4142135623731 0.825379609544469
304.437021440697 1.68179283050743 0.802603036876356
304.437021440697 2 0.818872017353579
304.437021440697 2.37841423000544 0.814533622559653
304.437021440697 2.82842712474619 0.825379609544469
304.437021440697 3.36358566101486 0.790672451193059
304.437021440697 4 0.809110629067245
304.437021440697 4.75682846001088 0.810195227765727
362.038671967512 0.840896415253715 0.802603036876356
362.038671967512 1 0.813449023861171
362.038671967512 1.18920711500272 0.821041214750542
362.038671967512 1.4142135623731 0.81236442516269
362.038671967512 1.68179283050743 0.825379609544469
362.038671967512 2 0.825379609544469
362.038671967512 2.37841423000544 0.823210412147505
362.038671967512 2.82842712474619 0.831887201735358
362.038671967512 3.36358566101486 0.819956616052061
362.038671967512 4 0.811279826464208
362.038671967512 4.75682846001088 0.803687635574837
430.538964609902 0.840896415253715 0.816702819956616
430.538964609902 1 0.819956616052061
430.538964609902 1.18920711500272 0.824295010845987
430.538964609902 1.4142135623731 0.830802603036876
430.538964609902 1.68179283050743 0.814533622559653
430.538964609902 2 0.821041214750542
430.538964609902 2.37841423000544 0.824295010845987
430.538964609902 2.82842712474619 0.836225596529284
430.538964609902 3.36358566101486 0.816702819956616
430.538964609902 4 0.797180043383948
430.538964609902 4.75682846001088 0.806941431670282
608.874042881393 0.840896415253715 0.829718004338395
608.874042881393 1 0.819956616052061
608.874042881393 1.18920711500272 0.825379609544469
608.874042881393 1.4142135623731 0.831887201735358
608.874042881393 1.68179283050743 0.817787418655098
608.874042881393 2 0.822125813449024
608.874042881393 2.37841423000544 0.827548806941432
608.874042881393 2.82842712474619 0.815618221258134
608.874042881393 3.36358566101486 0.8058568329718
608.874042881393 4 0.803687635574837
608.874042881393 4.75682846001088 0.788503253796095
724.077343935025 0.840896415253715 0.823210412147505
724.077343935025 1 0.822125813449024
724.077343935025 1.18920711500272 0.817787418655098
724.077343935025 1.4142135623731 0.825379609544469
724.077343935025 1.68179283050743 0.823210412147505
724.077343935025 2 0.842733188720174
724.077343935025 2.37841423000544 0.823210412147505
724.077343935025 2.82842712474619 0.818872017353579
724.077343935025 3.36358566101486 0.806941431670282
724.077343935025 4 0.79175704989154
724.077343935025 4.75682846001088 0.788503253796095
861.077929219804 0.840896415253715 0.811279826464208
861.077929219804 1 0.821041214750542
861.077929219804 1.18920711500272 0.817787418655098
861.077929219804 1.4142135623731 0.817787418655098
861.077929219804 1.68179283050743 0.818872017353579
861.077929219804 2 0.823210412147505
861.077929219804 2.37841423000544 0.823210412147505
861.077929219804 2.82842712474619 0.804772234273319
861.077929219804 3.36358566101486 0.797180043383948
861.077929219804 4 0.784164859002169
861.077929219804 4.75682846001088 0.781995661605206
1024 0.840896415253715 0.832971800433839
1024 1 0.825379609544469
1024 1.18920711500272 0.824295010845987
1024 1.4142135623731 0.821041214750542
1024 1.68179283050743 0.82646420824295
1024 2 0.818872017353579
1024 2.37841423000544 0.804772234273319
1024 2.82842712474619 0.811279826464208
1024 3.36358566101486 0.778741865509761
1024 4 0.788503253796095
1024 4.75682846001088 0.77765726681128
1217.74808576279 0.840896415253715 0.819956616052061
1217.74808576279 1 0.837310195227766
1217.74808576279 1.18920711500272 0.81236442516269
1217.74808576279 1.4142135623731 0.823210412147505
1217.74808576279 1.68179283050743 0.813449023861171
1217.74808576279 2 0.819956616052061
1217.74808576279 2.37841423000544 0.800433839479393
1217.74808576279 2.82842712474619 0.8058568329718
1217.74808576279 3.36358566101486 0.787418655097614
1217.74808576279 4 0.788503253796095
1217.74808576279 4.75682846001088 0.808026030368764
