0.03125 3.0517578125E-05 0.516393442622951
0.03125 0.0001220703125 0.516393442622951
0.03125 0.00048828125 0.516393442622951
0.03125 0.001953125 0.516393442622951
0.03125 0.0078125 0.516393442622951
0.03125 0.03125 0.516393442622951
0.03125 0.125 0.516393442622951
0.03125 0.5 0.516393442622951
0.03125 2 0.516393442622951
0.03125 8 0.516393442622951
0.125 3.0517578125E-05 0.516393442622951
0.125 0.0001220703125 0.516393442622951
0.125 0.00048828125 0.516393442622951
0.125 0.001953125 0.516393442622951
0.125 0.0078125 0.516393442622951
0.125 0.03125 0.516393442622951
0.125 0.125 0.516393442622951
0.125 0.5 0.516393442622951
0.125 2 0.516393442622951
0.125 8 0.522540983606557
0.5 3.0517578125E-05 0.516393442622951
0.5 0.0001220703125 0.516393442622951
0.5 0.00048828125 0.516393442622951
0.5 0.001953125 0.516393442622951
0.5 0.0078125 0.516393442622951
0.5 0.03125 0.516393442622951
0.5 0.125 0.516393442622951
0.5 0.5 0.528688524590164
0.5 2 0.602459016393443
0.5 8 0.631147540983607
2 3.0517578125E-05 0.516393442622951
2 0.0001220703125 0.516393442622951
2 0.00048828125 0.516393442622951
2 0.001953125 0.516393442622951
2 0.0078125 0.516393442622951
2 0.03125 0.516393442622951
2 0.125 0.532786885245902
2 0.5 0.635245901639344
2 2 0.702868852459016
2 8 0.743852459016393
8 3.0517578125E-05 0.516393442622951
8 0.0001220703125 0.516393442622951
8 0.00048828125 0.516393442622951
8 0.001953125 0.516393442622951
8 0.0078125 0.516393442622951
8 0.03125 0.534836065573771
8 0.125 0.631147540983607
8 0.5 0.735655737704918
8 2 0.80327868852459
8 8 0.819672131147541
32 3.0517578125E-05 0.516393442622951
32 0.0001220703125 0.516393442622951
32 0.00048828125 0.516393442622951
32 0.001953125 0.516393442622951
32 0.0078125 0.538934426229508
32 0.03125 0.631147540983607
32 0.125 0.756147540983607
32 0.5 0.819672131147541
32 2 0.825819672131147
32 8 0.842213114754098
128 3.0517578125E-05 0.516393442622951
128 0.0001220703125 0.516393442622951
128 0.00048828125 0.516393442622951
128 0.001953125 0.540983606557377
128 0.0078125 0.627049180327869
128 0.03125 0.737704918032787
128 0.125 0.809426229508197
128 0.5 0.854508196721312
128 2 0.854508196721312
128 8 0.829918032786885
512 3.0517578125E-05 0.516393442622951
512 0.0001220703125 0.516393442622951
512 0.00048828125 0.532786885245902
512 0.001953125 0.633196721311475
512 0.0078125 0.735655737704918
512 0.03125 0.829918032786885
512 0.125 0.858606557377049
512 0.5 0.860655737704918
512 2 0.854508196721312
512 8 0.809426229508197
2048 3.0517578125E-05 0.516393442622951
2048 0.0001220703125 0.536885245901639
2048 0.00048828125 0.631147540983607
2048 0.001953125 0.75
2048 0.0078125 0.807377049180328
2048 0.03125 0.842213114754098
2048 0.125 0.85655737704918
2048 0.5 0.85655737704918
2048 2 0.819672131147541
2048 8 0.80327868852459
8192 3.0517578125E-05 0.534836065573771
8192 0.0001220703125 0.633196721311475
8192 0.00048828125 0.73155737704918
8192 0.001953125 0.813524590163934
8192 0.0078125 0.846311475409836
8192 0.03125 0.842213114754098
8192 0.125 0.862704918032787
8192 0.5 0.862704918032787
8192 2 0.823770491803279
8192 8 0.80327868852459
32768 3.0517578125E-05 0.631147540983607
32768 0.0001220703125 0.737704918032787
32768 0.00048828125 0.813524590163934
32768 0.001953125 0.846311475409836
32768 0.0078125 0.85655737704918
32768 0.03125 0.860655737704918
32768 0.125 0.870901639344262
32768 0.5 0.838114754098361
32768 2 0.815573770491803
32768 8 0.760245901639344
13777.2468675169 0.0525560259533572 0.862704918032787
13777.2468675169 0.0625 0.868852459016393
13777.2468675169 0.0743254446876701 0.877049180327869
13777.2468675169 0.0883883476483184 0.852459016393443
13777.2468675169 0.105112051906714 0.866803278688525
13777.2468675169 0.125 0.858606557377049
13777.2468675169 0.14865088937534 0.848360655737705
13777.2468675169 0.176776695296637 0.875
13777.2468675169 0.210224103813429 0.852459016393443
13777.2468675169 0.25 0.844262295081967
13777.2468675169 0.29730177875068 0.850409836065574
16384 0.0525560259533572 0.868852459016393
16384 0.0625 0.864754098360656
16384 0.0743254446876701 0.858606557377049
16384 0.0883883476483184 0.866803278688525
16384 0.105112051906714 0.875
16384 0.125 0.868852459016393
16384 0.14865088937534 0.852459016393443
16384 0.176776695296637 0.862704918032787
16384 0.210224103813429 0.852459016393443
16384 0.25 0.85655737704918
16384 0.29730177875068 0.864754098360656
19483.9693722046 0.0525560259533572 0.872950819672131
19483.9693722046 0.0625 0.870901639344262
19483.9693722046 0.0743254446876701 0.866803278688525
19483.9693722046 0.0883883476483184 0.868852459016393
19483.9693722046 0.105112051906714 0.872950819672131
19483.9693722046 0.125 0.852459016393443
19483.9693722046 0.14865088937534 0.858606557377049
19483.9693722046 0.176776695296637 0.85655737704918
19483.9693722046 0.210224103813429 0.852459016393443
19483.9693722046 0.25 0.866803278688525
19483.9693722046 0.29730177875068 0.834016393442623
23170.4750059208 0.0525560259533572 0.862704918032787
23170.4750059208 0.0625 0.866803278688525
23170.4750059208 0.0743254446876701 0.858606557377049
23170.4750059208 0.0883883476483184 0.868852459016393
23170.4750059208 0.105112051906714 0.872950819672131
23170.4750059208 0.125 0.868852459016393
23170.4750059208 0.14865088937534 0.868852459016393
23170.4750059208 0.176776695296637 0.846311475409836
23170.4750059208 0.210224103813429 0.868852459016393
23170.4750059208 0.25 0.858606557377049
23170.4750059208 0.29730177875068 0.846311475409836
27554.4937350337 0.0525560259533572 0.877049180327869
27554.4937350337 0.0625 0.866803278688525
27554.4937350337 0.0743254446876701 0.848360655737705
27554.4937350337 0.0883883476483184 0.85655737704918
27554.4937350337 0.105112051906714 0.868852459016393
27554.4937350337 0.125 0.84016393442623
27554.4937350337 0.14865088937534 0.858606557377049
27554.4937350337 0.176776695296637 0.866803278688525
27554.4937350337 0.210224103813429 0.866803278688525
27554.4937350337 0.25 0.862704918032787
27554.4937350337 0.29730177875068 0.848360655737705
38967.9387444092 0.0525560259533572 0.868852459016393
38967.9387444092 0.0625 0.860655737704918
38967.9387444092 0.0743254446876701 0.879098360655738
38967.9387444092 0.0883883476483184 0.870901639344262
38967.9387444092 0.105112051906714 0.872950819672131
38967.9387444092 0.125 0.85655737704918
38967.9387444092 0.14865088937534 0.860655737704918
38967.9387444092 0.176776695296637 0.842213114754098
38967.9387444092 0.210224103813429 0.848360655737705
38967.9387444092 0.25 0.848360655737705
38967.9387444092 0.29730177875068 0.844262295081967
46340.9500118416 0.0525560259533572 0.868852459016393
46340.9500118416 0.0625 0.864754098360656
46340.9500118416 0.0743254446876701 0.864754098360656
46340.9500118416 0.0883883476483184 0.870901639344262
46340.9500118416 0.105112051906714 0.848360655737705
46340.9500118416 0.125 0.864754098360656
46340.9500118416 0.14865088937534 0.844262295081967
46340.9500118416 0.176776695296637 0.85655737704918
46340.9500118416 0.210224103813429 0.854508196721312
46340.9500118416 0.25 0.836065573770492
46340.9500118416 0.29730177875068 0.858606557377049
55108.9874700674 0.0525560259533572 0.866803278688525
55108.9874700674 0.0625 0.870901639344262
55108.9874700674 0.0743254446876701 0.868852459016393
55108.9874700674 0.0883883476483184 0.864754098360656
55108.9874700674 0.105112051906714 0.850409836065574
55108.9874700674 0.125 0.838114754098361
55108.9874700674 0.14865088937534 0.858606557377049
55108.9874700674 0.176776695296637 0.854508196721312
55108.9874700674 0.210224103813429 0.854508196721312
55108.9874700674 0.25 0.838114754098361
55108.9874700674 0.29730177875068 0.848360655737705
65536 0.0525560259533572 0.854508196721312
65536 0.0625 0.860655737704918
65536 0.0743254446876701 0.866803278688525
65536 0.0883883476483184 0.875
65536 0.105112051906714 0.852459016393443
65536 0.125 0.850409836065574
65536 0.14865088937534 0.850409836065574
65536 0.176776695296637 0.85655737704918
65536 0.210224103813429 0.860655737704918
65536 0.25 0.836065573770492
65536 0.29730177875068 0.85655737704918
77935.8774888183 0.0525560259533572 0.860655737704918
77935.8774888183 0.0625 0.858606557377049
77935.8774888183 0.0743254446876701 0.852459016393443
77935.8774888183 0.0883883476483184 0.860655737704918
77935.8774888183 0.105112051906714 0.860655737704918
77935.8774888183 0.125 0.866803278688525
77935.8774888183 0.14865088937534 0.860655737704918
77935.8774888183 0.176776695296637 0.858606557377049
77935.8774888183 0.210224103813429 0.854508196721312
77935.8774888183 0.25 0.842213114754098
77935.8774888183 0.29730177875068 0.834016393442623
