0.03125 3.0517578125E-05 0.480861244019139
0.03125 0.0001220703125 0.480861244019139
0.03125 0.00048828125 0.480861244019139
0.03125 0.001953125 0.480861244019139
0.03125 0.0078125 0.480861244019139
0.03125 0.03125 0.480861244019139
0.03125 0.125 0.480861244019139
0.03125 0.5 0.480861244019139
0.03125 2 0.545454545454545
0.03125 8 0.516746411483254
0.125 3.0517578125E-05 0.480861244019139
0.125 0.0001220703125 0.480861244019139
0.125 0.00048828125 0.480861244019139
0.125 0.001953125 0.480861244019139
0.125 0.0078125 0.480861244019139
0.125 0.03125 0.480861244019139
0.125 0.125 0.480861244019139
0.125 0.5 0.602870813397129
0.125 2 0.61244019138756
0.125 8 0.672248803827751
0.5 3.0517578125E-05 0.480861244019139
0.5 0.0001220703125 0.480861244019139
0.5 0.00048828125 0.480861244019139
0.5 0.001953125 0.480861244019139
0.5 0.0078125 0.480861244019139
0.5 0.03125 0.480861244019139
0.5 0.125 0.607655502392344
0.5 0.5 0.636363636363636
0.5 2 0.696172248803828
0.5 8 0.679425837320574
2 3.0517578125E-05 0.480861244019139
2 0.0001220703125 0.480861244019139
2 0.00048828125 0.480861244019139
2 0.001953125 0.480861244019139
2 0.0078125 0.480861244019139
2 0.03125 0.605263157894737
2 0.125 0.650717703349282
2 0.5 0.686602870813397
2 2 0.703349282296651
2 8 0.69377990430622
8 3.0517578125E-05 0.480861244019139
8 0.0001220703125 0.480861244019139
8 0.00048828125 0.480861244019139
8 0.001953125 0.480861244019139
8 0.0078125 0.607655502392344
8 0.03125 0.650717703349282
8 0.125 0.681818181818182
8 0.5 0.708133971291866
8 2 0.741626794258373
8 8 0.744019138755981
32 3.0517578125E-05 0.480861244019139
32 0.0001220703125 0.480861244019139
32 0.00048828125 0.480861244019139
32 0.001953125 0.607655502392344
32 0.0078125 0.638755980861244
32 0.03125 0.667464114832536
32 0.125 0.741626794258373
32 0.5 0.763157894736842
32 2 0.77511961722488
32 8 0.76555023923445
128 3.0517578125E-05 0.480861244019139
128 0.0001220703125 0.480861244019139
128 0.00048828125 0.598086124401914
128 0.001953125 0.650717703349282
128 0.0078125 0.655502392344498
128 0.03125 0.717703349282297
128 0.125 0.755980861244019
128 0.5 0.791866028708134
128 2 0.770334928229665
128 8 0.801435406698565
512 3.0517578125E-05 0.480861244019139
512 0.0001220703125 0.610047846889952
512 0.00048828125 0.648325358851675
512 0.001953125 0.655502392344498
512 0.0078125 0.696172248803828
512 0.03125 0.753588516746411
512 0.125 0.77511961722488
512 0.5 0.811004784688995
512 2 0.825358851674641
512 8 0.767942583732057
2048 3.0517578125E-05 0.602870813397129
2048 0.0001220703125 0.643540669856459
2048 0.00048828125 0.657894736842105
2048 0.001953125 0.688995215311005
2048 0.0078125 0.751196172248804
2048 0.03125 0.770334928229665
2048 0.125 0.794258373205742
2048 0.5 0.827751196172249
2048 2 0.827751196172249
2048 8 0.796650717703349
8192 3.0517578125E-05 0.648325358851675
8192 0.0001220703125 0.655502392344498
8192 0.00048828125 0.691387559808612
8192 0.001953125 0.732057416267943
8192 0.0078125 0.76555023923445
8192 0.03125 0.777511961722488
8192 0.125 0.811004784688995
8192 0.5 0.825358851674641
8192 2 0.808612440191388
8192 8 0.763157894736842
32768 3.0517578125E-05 0.655502392344498
32768 0.0001220703125 0.696172248803828
32768 0.00048828125 0.739234449760766
32768 0.001953125 0.753588516746411
32768 0.0078125 0.767942583732057
32768 0.03125 0.789473684210526
32768 0.125 0.815789473684211
32768 0.5 0.84688995215311
32768 2 0.837320574162679
32768 8 0.779904306220096
13777.2468675169 0.210224103813429 0.84688995215311
13777.2468675169 0.25 0.813397129186603
13777.2468675169 0.29730177875068 0.830143540669856
13777.2468675169 0.353553390593274 0.834928229665072
13777.2468675169 0.420448207626857 0.851674641148325
13777.2468675169 0.5 0.811004784688995
13777.2468675169 0.594603557501361 0.815789473684211
13777.2468675169 0.707106781186548 0.84688995215311
13777.2468675169 0.840896415253715 0.830143540669856
13777.2468675169 1 0.837320574162679
13777.2468675169 1.18920711500272 0.834928229665072
16384 0.210224103813429 0.837320574162679
16384 0.25 0.832535885167464
16384 0.29730177875068 0.827751196172249
16384 0.353553390593274 0.844497607655502
16384 0.420448207626857 0.818181818181818
16384 0.5 0.832535885167464
16384 0.594603557501361 0.822966507177033
16384 0.707106781186548 0.808612440191388
16384 0.840896415253715 0.844497607655502
16384 1 0.827751196172249
16384 1.18920711500272 0.820574162679426
19483.9693722046 0.210224103813429 0.834928229665072
19483.9693722046 0.25 0.799043062200957
19483.9693722046 0.29730177875068 0.815789473684211
19483.9693722046 0.353553390593274 0.832535885167464
19483.9693722046 0.420448207626857 0.839712918660287
19483.9693722046 0.5 0.837320574162679
19483.9693722046 0.594603557501361 0.84688995215311
19483.9693722046 0.707106781186548 0.839712918660287
19483.9693722046 0.840896415253715 0.827751196172249
19483.9693722046 1 0.827751196172249
19483.9693722046 1.18920711500272 0.837320574162679
23170.4750059208 0.210224103813429 0.832535885167464
23170.4750059208 0.25 0.820574162679426
23170.4750059208 0.29730177875068 0.839712918660287
23170.4750059208 0.353553390593274 0.842105263157895
23170.4750059208 0.420448207626857 0.830143540669856
23170.4750059208 0.5 0.834928229665072
23170.4750059208 0.594603557501361 0.837320574162679
23170.4750059208 0.707106781186548 0.84688995215311
23170.4750059208 0.840896415253715 0.844497607655502
23170.4750059208 1 0.834928229665072
23170.4750059208 1.18920711500272 0.832535885167464
27554.4937350337 0.210224103813429 0.834928229665072
27554.4937350337 0.25 0.839712918660287
27554.4937350337 0.29730177875068 0.858851674641148
27554.4937350337 0.353553390593274 0.837320574162679
27554.4937350337 0.420448207626857 0.849282296650718
27554.4937350337 0.5 0.825358851674641
27554.4937350337 0.594603557501361 0.830143540669856
27554.4937350337 0.707106781186548 0.825358851674641
27554.4937350337 0.840896415253715 0.844497607655502
27554.4937350337 1 0.837320574162679
27554.4937350337 1.18920711500272 0.830143540669856
38967.9387444092 0.210224103813429 0.820574162679426
38967.9387444092 0.25 0.827751196172249
38967.9387444092 0.29730177875068 0.834928229665072
38967.9387444092 0.353553390593274 0.837320574162679
38967.9387444092 0.420448207626857 0.834928229665072
38967.9387444092 0.5 0.861244019138756
38967.9387444092 0.594603557501361 0.827751196172249
38967.9387444092 0.707106781186548 0.820574162679426
38967.9387444092 0.840896415253715 0.839712918660287
38967.9387444092 1 0.837320574162679
38967.9387444092 1.18920711500272 0.858851674641148
46340.9500118416 0.210224103813429 0.820574162679426
46340.9500118416 0.25 0.839712918660287
46340.9500118416 0.29730177875068 0.830143540669856
46340.9500118416 0.353553390593274 0.815789473684211
46340.9500118416 0.420448207626857 0.832535885167464
46340.9500118416 0.5 0.825358851674641
46340.9500118416 0.594603557501361 0.818181818181818
46340.9500118416 0.707106781186548 0.837320574162679
46340.9500118416 0.840896415253715 0.820574162679426
46340.9500118416 1 0.851674641148325
46340.9500118416 1.18920711500272 0.827751196172249
55108.9874700674 0.210224103813429 0.84688995215311
55108.9874700674 0.25 0.837320574162679
55108.9874700674 0.29730177875068 0.839712918660287
55108.9874700674 0.353553390593274 0.830143540669856
55108.9874700674 0.420448207626857 0.854066985645933
55108.9874700674 0.5 0.844497607655502
55108.9874700674 0.594603557501361 0.832535885167464
55108.9874700674 0.707106781186548 0.839712918660287
55108.9874700674 0.840896415253715 0.832535885167464
55108.9874700674 1 0.830143540669856
55108.9874700674 1.18920711500272 0.822966507177033
65536 0.210224103813429 0.825358851674641
65536 0.25 0.844497607655502
65536 0.29730177875068 0.854066985645933
65536 0.353553390593274 0.830143540669856
65536 0.420448207626857 0.837320574162679
65536 0.5 0.808612440191388
65536 0.594603557501361 0.830143540669856
65536 0.707106781186548 0.834928229665072
65536 0.840896415253715 0.825358851674641
65536 1 0.815789473684211
65536 1.18920711500272 0.834928229665072
77935.8774888183 0.210224103813429 0.844497607655502
77935.8774888183 0.25 0.825358851674641
77935.8774888183 0.29730177875068 0.856459330143541
77935.8774888183 0.353553390593274 0.856459330143541
77935.8774888183 0.420448207626857 0.854066985645933
77935.8774888183 0.5 0.830143540669856
77935.8774888183 0.594603557501361 0.842105263157895
77935.8774888183 0.707106781186548 0.851674641148325
77935.8774888183 0.840896415253715 0.822966507177033
77935.8774888183 1 0.815789473684211
77935.8774888183 1.18920711500272 0.825358851674641
