0.03125 3.0517578125E-05 0.535620052770449
0.03125 0.0001220703125 0.535620052770449
0.03125 0.00048828125 0.535620052770449
0.03125 0.001953125 0.535620052770449
0.03125 0.0078125 0.535620052770449
0.03125 0.03125 0.535620052770449
0.03125 0.125 0.535620052770449
0.03125 0.5 0.535620052770449
0.03125 2 0.535620052770449
0.03125 8 0.535620052770449
0.125 3.0517578125E-05 0.535620052770449
0.125 0.0001220703125 0.535620052770449
0.125 0.00048828125 0.535620052770449
0.125 0.001953125 0.535620052770449
0.125 0.0078125 0.535620052770449
0.125 0.03125 0.535620052770449
0.125 0.125 0.535620052770449
0.125 0.5 0.535620052770449
0.125 2 0.54089709762533
0.125 8 0.62532981530343
0.5 3.0517578125E-05 0.535620052770449
0.5 0.0001220703125 0.535620052770449
0.5 0.00048828125 0.535620052770449
0.5 0.001953125 0.535620052770449
0.5 0.0078125 0.535620052770449
0.5 0.03125 0.535620052770449
0.5 0.125 0.535620052770449
0.5 0.5 0.567282321899736
0.5 2 0.683377308707124
0.5 8 0.683377308707124
2 3.0517578125E-05 0.535620052770449
2 0.0001220703125 0.535620052770449
2 0.00048828125 0.535620052770449
2 0.001953125 0.535620052770449
2 0.0078125 0.535620052770449
2 0.03125 0.535620052770449
2 0.125 0.580474934036939
2 0.5 0.701846965699208
2 2 0.715039577836412
2 8 0.746701846965699
8 3.0517578125E-05 0.535620052770449
8 0.0001220703125 0.535620052770449
8 0.00048828125 0.535620052770449
8 0.001953125 0.535620052770449
8 0.0078125 0.535620052770449
8 0.03125 0.577836411609499
8 0.125 0.70976253298153
8 0.5 0.74934036939314
8 2 0.746701846965699
8 8 0.775725593667546
32 3.0517578125E-05 0.535620052770449
32 0.0001220703125 0.535620052770449
32 0.00048828125 0.535620052770449
32 0.001953125 0.535620052770449
32 0.0078125 0.580474934036939
32 0.03125 0.701846965699208
32 0.125 0.736147757255937
32 0.5 0.754617414248021
32 2 0.810026385224274
32 8 0.825857519788918
128 3.0517578125E-05 0.535620052770449
128 0.0001220703125 0.535620052770449
128 0.00048828125 0.535620052770449
128 0.001953125 0.58311345646438
128 0.0078125 0.70712401055409
128 0.03125 0.75197889182058
128 0.125 0.781002638522427
128 0.5 0.796833773087071
128 2 0.810026385224274
128 8 0.794195250659631
512 3.0517578125E-05 0.535620052770449
512 0.0001220703125 0.535620052770449
512 0.00048828125 0.577836411609499
512 0.001953125 0.701846965699208
512 0.0078125 0.75197889182058
512 0.03125 0.762532981530343
512 0.125 0.79155672823219
512 0.5 0.841688654353562
512 2 0.812664907651715
512 8 0.773087071240106
2048 3.0517578125E-05 0.535620052770449
2048 0.0001220703125 0.575197889182058
2048 0.00048828125 0.704485488126649
2048 0.001953125 0.74934036939314
2048 0.0078125 0.757255936675462
2048 0.03125 0.788918205804749
2048 0.125 0.841688654353562
2048 0.5 0.828496042216359
2048 2 0.796833773087071
2048 8 0.754617414248021
8192 3.0517578125E-05 0.580474934036939
8192 0.0001220703125 0.704485488126649
8192 0.00048828125 0.738786279683377
8192 0.001953125 0.75197889182058
8192 0.0078125 0.778364116094987
8192 0.03125 0.831134564643799
8192 0.125 0.846965699208443
8192 0.5 0.820580474934037
8192 2 0.773087071240106
8192 8 0.770448548812665
32768 3.0517578125E-05 0.704485488126649
32768 0.0001220703125 0.741424802110818
32768 0.00048828125 0.744063324538259
32768 0.001953125 0.770448548812665
32768 0.0078125 0.839050131926121
32768 0.03125 0.846965699208443
32768 0.125 0.815303430079156
32768 0.5 0.812664907651715
32768 2 0.788918205804749
32768 8 0.762532981530343
3444.31171687921 0.0525560259533572 0.825857519788918
3444.31171687921 0.0625 0.83377308707124
3444.31171687921 0.0743254446876701 0.820580474934037
3444.31171687921 0.0883883476483184 0.839050131926121
3444.31171687921 0.105112051906714 0.831134564643799
3444.31171687921 0.125 0.831134564643799
3444.31171687921 0.14865088937534 0.823218997361478
3444.31171687921 0.176776695296637 0.846965699208443
3444.31171687921 0.210224103813429 0.860158311345646
3444.31171687921 0.25 0.836411609498681
3444.31171687921 0.29730177875068 0.841688654353562
4096 0.0525560259533572 0.828496042216359
4096 0.0625 0.825857519788918
4096 0.0743254446876701 0.844327176781003
4096 0.0883883476483184 0.828496042216359
4096 0.105112051906714 0.828496042216359
4096 0.125 0.852242744063325
4096 0.14865088937534 0.844327176781003
4096 0.176776695296637 0.836411609498681
4096 0.210224103813429 0.831134564643799
4096 0.25 0.825857519788918
4096 0.29730177875068 0.83377308707124
4870.99234305115 0.0525560259533572 0.83377308707124
4870.99234305115 0.0625 0.823218997361478
4870.99234305115 0.0743254446876701 0.846965699208443
4870.99234305115 0.0883883476483184 0.839050131926121
4870.99234305115 0.105112051906714 0.844327176781003
4870.99234305115 0.125 0.825857519788918
4870.99234305115 0.14865088937534 0.844327176781003
4870.99234305115 0.176776695296637 0.839050131926121
4870.99234305115 0.210224103813429 0.860158311345646
4870.99234305115 0.25 0.841688654353562
4870.99234305115 0.29730177875068 0.854881266490765
5792.6187514802 0.0525560259533572 0.846965699208443
5792.6187514802 0.0625 0.841688654353562
5792.6187514802 0.0743254446876701 0.846965699208443
5792.6187514802 0.0883883476483184 0.846965699208443
5792.6187514802 0.105112051906714 0.825857519788918
5792.6187514802 0.125 0.828496042216359
5792.6187514802 0.14865088937534 0.862796833773087
5792.6187514802 0.176776695296637 0.862796833773087
5792.6187514802 0.210224103813429 0.83377308707124
5792.6187514802 0.25 0.836411609498681
5792.6187514802 0.29730177875068 0.836411609498681
6888.62343375843 0.0525560259533572 0.844327176781003
6888.62343375843 0.0625 0.841688654353562
6888.62343375843 0.0743254446876701 0.844327176781003
6888.62343375843 0.0883883476483184 0.844327176781003
6888.62343375843 0.105112051906714 0.841688654353562
6888.62343375843 0.125 0.831134564643799
6888.62343375843 0.14865088937534 0.846965699208443
6888.62343375843 0.176776695296637 0.841688654353562
6888.62343375843 0.210224103813429 0.849604221635884
6888.62343375843 0.25 0.812664907651715
6888.62343375843 0.29730177875068 0.844327176781003
9741.98468610229 0.0525560259533572 0.841688654353562
9741.98468610229 0.0625 0.844327176781003
9741.98468610229 0.0743254446876701 0.844327176781003
9741.98468610229 0.0883883476483184 0.839050131926121
9741.98468610229 0.105112051906714 0.831134564643799
9741.98468610229 0.125 0.857519788918206
9741.98468610229 0.14865088937534 0.839050131926121
9741.98468610229 0.176776695296637 0.83377308707124
9741.98468610229 0.210224103813429 0.820580474934037
9741.98468610229 0.25 0.83377308707124
9741.98468610229 0.29730177875068 0.83377308707124
11585.2375029604 0.0525560259533572 0.841688654353562
11585.2375029604 0.0625 0.844327176781003
11585.2375029604 0.0743254446876701 0.854881266490765
11585.2375029604 0.0883883476483184 0.839050131926121
11585.2375029604 0.105112051906714 0.844327176781003
11585.2375029604 0.125 0.817941952506596
11585.2375029604 0.14865088937534 0.815303430079156
11585.2375029604 0.176776695296637 0.844327176781003
11585.2375029604 0.210224103813429 0.836411609498681
11585.2375029604 0.25 0.820580474934037
11585.2375029604 0.29730177875068 0.841688654353562
13777.2468675169 0.0525560259533572 0.831134564643799
13777.2468675169 0.0625 0.852242744063325
13777.2468675169 0.0743254446876701 0.846965699208443
13777.2468675169 0.0883883476483184 0.83377308707124
13777.2468675169 0.105112051906714 0.839050131926121
13777.2468675169 0.125 0.849604221635884
13777.2468675169 0.14865088937534 0.828496042216359
13777.2468675169 0.176776695296637 0.844327176781003
13777.2468675169 0.210224103813429 0.849604221635884
13777.2468675169 0.25 0.831134564643799
13777.2468675169 0.29730177875068 0.823218997361478
16384 0.0525560259533572 0.846965699208443
16384 0.0625 0.849604221635884
16384 0.0743254446876701 0.844327176781003
16384 0.0883883476483184 0.854881266490765
16384 0.105112051906714 0.852242744063325
16384 0.125 0.849604221635884
16384 0.14865088937534 0.841688654353562
16384 0.176776695296637 0.815303430079156
16384 0.210224103813429 0.831134564643799
16384 0.25 0.815303430079156
16384 0.29730177875068 0.812664907651715
19483.9693722046 0.0525560259533572 0.844327176781003
19483.9693722046 0.0625 0.839050131926121
19483.9693722046 0.0743254446876701 0.849604221635884
19483.9693722046 0.0883883476483184 0.83377308707124
19483.9693722046 0.105112051906714 0.852242744063325
19483.9693722046 0.125 0.83377308707124
19483.9693722046 0.14865088937534 0.844327176781003
19483.9693722046 0.176776695296637 0.83377308707124
19483.9693722046 0.210224103813429 0.83377308707124
19483.9693722046 0.25 0.825857519788918
19483.9693722046 0.29730177875068 0.823218997361478
