0.03125 3.0517578125E-05 0.565420560747664
0.03125 0.0001220703125 0.565420560747664
0.03125 0.00048828125 0.565420560747664
0.03125 0.001953125 0.565420560747664
0.03125 0.0078125 0.565420560747664
0.03125 0.03125 0.565420560747664
0.03125 0.125 0.565420560747664
0.03125 0.5 0.565420560747664
0.03125 2 0.565420560747664
0.03125 8 0.565420560747664
0.125 3.0517578125E-05 0.565420560747664
0.125 0.0001220703125 0.565420560747664
0.125 0.00048828125 0.565420560747664
0.125 0.001953125 0.565420560747664
0.125 0.0078125 0.565420560747664
0.125 0.03125 0.565420560747664
0.125 0.125 0.565420560747664
0.125 0.5 0.565420560747664
0.125 2 0.565420560747664
0.125 8 0.581775700934579
0.5 3.0517578125E-05 0.565420560747664
0.5 0.0001220703125 0.565420560747664
0.5 0.00048828125 0.565420560747664
0.5 0.001953125 0.565420560747664
0.5 0.0078125 0.565420560747664
0.5 0.03125 0.565420560747664
0.5 0.125 0.565420560747664
0.5 0.5 0.581775700934579
0.5 2 0.651869158878505
0.5 8 0.675233644859813
2 3.0517578125E-05 0.565420560747664
2 0.0001220703125 0.565420560747664
2 0.00048828125 0.565420560747664
2 0.001953125 0.565420560747664
2 0.0078125 0.565420560747664
2 0.03125 0.565420560747664
2 0.125 0.586448598130841
2 0.5 0.656542056074766
2 2 0.689252336448598
2 8 0.726635514018692
8 3.0517578125E-05 0.565420560747664
8 0.0001220703125 0.565420560747664
8 0.00048828125 0.565420560747664
8 0.001953125 0.565420560747664
8 0.0078125 0.565420560747664
8 0.03125 0.588785046728972
8 0.125 0.661214953271028
8 0.5 0.703271028037383
8 2 0.728971962616822
8 8 0.752336448598131
32 3.0517578125E-05 0.565420560747664
32 0.0001220703125 0.565420560747664
32 0.00048828125 0.565420560747664
32 0.001953125 0.565420560747664
32 0.0078125 0.595794392523365
32 0.03125 0.656542056074766
32 0.125 0.712616822429907
32 0.5 0.745327102803738
32 2 0.752336448598131
32 8 0.775700934579439
128 3.0517578125E-05 0.565420560747664
128 0.0001220703125 0.565420560747664
128 0.00048828125 0.565420560747664
128 0.001953125 0.595794392523365
128 0.0078125 0.654205607476635
128 0.03125 0.714953271028037
128 0.125 0.75
128 0.5 0.794392523364486
128 2 0.827102803738318
128 8 0.810747663551402
512 3.0517578125E-05 0.565420560747664
512 0.0001220703125 0.565420560747664
512 0.00048828125 0.595794392523365
512 0.001953125 0.656542056074766
512 0.0078125 0.717289719626168
512 0.03125 0.728971962616822
512 0.125 0.785046728971963
512 0.5 0.827102803738318
512 2 0.820093457943925
512 8 0.829439252336449
2048 3.0517578125E-05 0.565420560747664
2048 0.0001220703125 0.595794392523365
2048 0.00048828125 0.658878504672897
2048 0.001953125 0.712616822429907
2048 0.0078125 0.738317757009346
2048 0.03125 0.801401869158878
2048 0.125 0.838785046728972
2048 0.5 0.855140186915888
2048 2 0.841121495327103
2048 8 0.815420560747664
8192 3.0517578125E-05 0.593457943925234
8192 0.0001220703125 0.658878504672897
8192 0.00048828125 0.714953271028037
8192 0.001953125 0.726635514018692
8192 0.0078125 0.792056074766355
8192 0.03125 0.820093457943925
8192 0.125 0.841121495327103
8192 0.5 0.841121495327103
8192 2 0.83411214953271
8192 8 0.824766355140187
32768 3.0517578125E-05 0.658878504672897
32768 0.0001220703125 0.714953271028037
32768 0.00048828125 0.745327102803738
32768 0.001953125 0.773364485981308
32768 0.0078125 0.815420560747664
32768 0.03125 0.836448598130841
32768 0.125 0.864485981308411
32768 0.5 0.850467289719626
32768 2 0.845794392523365
32768 8 0.810747663551402
13777.2468675169 0.0525560259533572 0.857476635514019
13777.2468675169 0.0625 0.838785046728972
13777.2468675169 0.0743254446876701 0.843457943925234
13777.2468675169 0.0883883476483184 0.85981308411215
13777.2468675169 0.105112051906714 0.841121495327103
13777.2468675169 0.125 0.857476635514019
13777.2468675169 0.14865088937534 0.852803738317757
13777.2468675169 0.176776695296637 0.85981308411215
13777.2468675169 0.210224103813429 0.855140186915888
13777.2468675169 0.25 0.857476635514019
13777.2468675169 0.29730177875068 0.866822429906542
16384 0.0525560259533572 0.86214953271028
16384 0.0625 0.852803738317757
16384 0.0743254446876701 0.848130841121495
16384 0.0883883476483184 0.845794392523365
16384 0.105112051906714 0.850467289719626
16384 0.125 0.86214953271028
16384 0.14865088937534 0.855140186915888
16384 0.176776695296637 0.871495327102804
16384 0.210224103813429 0.866822429906542
16384 0.25 0.866822429906542
16384 0.29730177875068 0.866822429906542
19483.9693722046 0.0525560259533572 0.855140186915888
19483.9693722046 0.0625 0.848130841121495
19483.9693722046 0.0743254446876701 0.855140186915888
19483.9693722046 0.0883883476483184 0.848130841121495
19483.9693722046 0.105112051906714 0.850467289719626
19483.9693722046 0.125 0.871495327102804
19483.9693722046 0.14865088937534 0.86214953271028
19483.9693722046 0.176776695296637 0.871495327102804
19483.9693722046 0.210224103813429 0.869158878504673
19483.9693722046 0.25 0.871495327102804
19483.9693722046 0.29730177875068 0.864485981308411
23170.4750059208 0.0525560259533572 0.845794392523365
23170.4750059208 0.0625 0.831775700934579
23170.4750059208 0.0743254446876701 0.848130841121495
23170.4750059208 0.0883883476483184 0.864485981308411
23170.4750059208 0.105112051906714 0.848130841121495
23170.4750059208 0.125 0.855140186915888
23170.4750059208 0.14865088937534 0.869158878504673
23170.4750059208 0.176776695296637 0.873831775700935
23170.4750059208 0.210224103813429 0.864485981308411
23170.4750059208 0.25 0.848130841121495
23170.4750059208 0.29730177875068 0.873831775700935
27554.4937350337 0.0525560259533572 0.852803738317757
27554.4937350337 0.0625 0.852803738317757
27554.4937350337 0.0743254446876701 0.85981308411215
27554.4937350337 0.0883883476483184 0.843457943925234
27554.4937350337 0.105112051906714 0.85981308411215
27554.4937350337 0.125 0.883177570093458
27554.4937350337 0.14865088937534 0.876168224299065
27554.4937350337 0.176776695296637 0.857476635514019
27554.4937350337 0.210224103813429 0.876168224299065
27554.4937350337 0.25 0.869158878504673
27554.4937350337 0.29730177875068 0.871495327102804
38967.9387444092 0.0525560259533572 0.866822429906542
38967.9387444092 0.0625 0.873831775700935
38967.9387444092 0.0743254446876701 0.869158878504673
38967.9387444092 0.0883883476483184 0.86214953271028
38967.9387444092 0.105112051906714 0.869158878504673
38967.9387444092 0.125 0.873831775700935
38967.9387444092 0.14865088937534 0.871495327102804
38967.9387444092 0.176776695296637 0.866822429906542
38967.9387444092 0.210224103813429 0.880841121495327
38967.9387444092 0.25 0.873831775700935
38967.9387444092 0.29730177875068 0.848130841121495
46340.9500118416 0.0525560259533572 0.848130841121495
46340.9500118416 0.0625 0.843457943925234
46340.9500118416 0.0743254446876701 0.878504672897196
46340.9500118416 0.0883883476483184 0.883177570093458
46340.9500118416 0.105112051906714 0.873831775700935
46340.9500118416 0.125 0.878504672897196
46340.9500118416 0.14865088937534 0.871495327102804
46340.9500118416 0.176776695296637 0.864485981308411
46340.9500118416 0.210224103813429 0.864485981308411
46340.9500118416 0.25 0.857476635514019
46340.9500118416 0.29730177875068 0.869158878504673
55108.9874700674 0.0525560259533572 0.852803738317757
55108.9874700674 0.0625 0.873831775700935
55108.9874700674 0.0743254446876701 0.876168224299065
55108.9874700674 0.0883883476483184 0.869158878504673
55108.9874700674 0.105112051906714 0.86214953271028
55108.9874700674 0.125 0.871495327102804
55108.9874700674 0.14865088937534 0.86214953271028
55108.9874700674 0.176776695296637 0.86214953271028
55108.9874700674 0.210224103813429 0.880841121495327
55108.9874700674 0.25 0.864485981308411
55108.9874700674 0.29730177875068 0.869158878504673
65536 0.0525560259533572 0.864485981308411
65536 0.0625 0.871495327102804
65536 0.0743254446876701 0.876168224299065
65536 0.0883883476483184 0.873831775700935
65536 0.105112051906714 0.885514018691589
65536 0.125 0.873831775700935
65536 0.14865088937534 0.866822429906542
65536 0.176776695296637 0.869158878504673
65536 0.210224103813429 0.871495327102804
65536 0.25 0.845794392523365
65536 0.29730177875068 0.857476635514019
77935.8774888183 0.0525560259533572 0.866822429906542
77935.8774888183 0.0625 0.85981308411215
77935.8774888183 0.0743254446876701 0.871495327102804
77935.8774888183 0.0883883476483184 0.866822429906542
77935.8774888183 0.105112051906714 0.873831775700935
77935.8774888183 0.125 0.85981308411215
77935.8774888183 0.14865088937534 0.86214953271028
77935.8774888183 0.176776695296637 0.873831775700935
77935.8774888183 0.210224103813429 0.871495327102804
77935.8774888183 0.25 0.86214953271028
77935.8774888183 0.29730177875068 0.843457943925234
