0.03125 3.0517578125E-05 0.748166259168704
0.03125 0.0001220703125 0.748166259168704
0.03125 0.00048828125 0.748166259168704
0.03125 0.001953125 0.748166259168704
0.03125 0.0078125 0.748166259168704
0.03125 0.03125 0.748166259168704
0.03125 0.125 0.748166259168704
0.03125 0.5 0.748166259168704
0.03125 2 0.748166259168704
0.03125 8 0.748166259168704
0.125 3.0517578125E-05 0.748166259168704
0.125 0.0001220703125 0.748166259168704
0.125 0.00048828125 0.748166259168704
0.125 0.001953125 0.748166259168704
0.125 0.0078125 0.748166259168704
0.125 0.03125 0.748166259168704
0.125 0.125 0.748166259168704
0.125 0.5 0.748166259168704
0.125 2 0.748166259168704
0.125 8 0.748166259168704
0.5 3.0517578125E-05 0.748166259168704
0.5 0.0001220703125 0.748166259168704
0.5 0.00048828125 0.748166259168704
0.5 0.001953125 0.748166259168704
0.5 0.0078125 0.748166259168704
0.5 0.03125 0.748166259168704
0.5 0.125 0.748166259168704
0.5 0.5 0.748166259168704
0.5 2 0.76039119804401
0.5 8 0.767726161369193
2 3.0517578125E-05 0.748166259168704
2 0.0001220703125 0.748166259168704
2 0.00048828125 0.748166259168704
2 0.001953125 0.748166259168704
2 0.0078125 0.748166259168704
2 0.03125 0.748166259168704
2 0.125 0.748166259168704
2 0.5 0.770171149144254
2 2 0.799511002444988
2 8 0.823960880195599
8 3.0517578125E-05 0.748166259168704
8 0.0001220703125 0.748166259168704
8 0.00048828125 0.748166259168704
8 0.001953125 0.748166259168704
8 0.0078125 0.748166259168704
8 0.03125 0.748166259168704
8 0.125 0.772616136919315
8 0.5 0.821515892420538
8 2 0.877750611246944
8 8 0.877750611246944
32 3.0517578125E-05 0.748166259168704
32 0.0001220703125 0.748166259168704
32 0.00048828125 0.748166259168704
32 0.001953125 0.748166259168704
32 0.0078125 0.748166259168704
32 0.03125 0.772616136919315
32 0.125 0.819070904645477
32 0.5 0.880195599022005
32 2 0.889975550122249
32 8 0.872860635696821
128 3.0517578125E-05 0.748166259168704
128 0.0001220703125 0.748166259168704
128 0.00048828125 0.748166259168704
128 0.001953125 0.748166259168704
128 0.0078125 0.775061124694376
128 0.03125 0.819070904645477
128 0.125 0.880195599022005
128 0.5 0.885085574572127
128 2 0.89242053789731
128 8 0.887530562347188
512 3.0517578125E-05 0.748166259168704
512 0.0001220703125 0.748166259168704
512 0.00048828125 0.748166259168704
512 0.001953125 0.772616136919315
512 0.0078125 0.814180929095355
512 0.03125 0.882640586797066
512 0.125 0.887530562347188
512 0.5 0.889975550122249
512 2 0.897310513447433
512 8 0.850855745721271
2048 3.0517578125E-05 0.748166259168704
2048 0.0001220703125 0.748166259168704
2048 0.00048828125 0.777506112469438
2048 0.001953125 0.809290953545232
2048 0.0078125 0.882640586797066
2048 0.03125 0.885085574572127
2048 0.125 0.894865525672372
2048 0.5 0.89242053789731
2048 2 0.867970660146699
2048 8 0.865525672371638
8192 3.0517578125E-05 0.748166259168704
8192 0.0001220703125 0.772616136919315
8192 0.00048828125 0.814180929095355
8192 0.001953125 0.877750611246944
8192 0.0078125 0.885085574572127
8192 0.03125 0.887530562347188
8192 0.125 0.885085574572127
8192 0.5 0.872860635696821
8192 2 0.872860635696821
8192 8 0.831295843520782
32768 3.0517578125E-05 0.777506112469438
32768 0.0001220703125 0.821515892420538
32768 0.00048828125 0.877750611246944
32768 0.001953125 0.882640586797066
32768 0.0078125 0.880195599022005
32768 0.03125 0.899755501222494
32768 0.125 0.885085574572127
32768 0.5 0.89242053789731
32768 2 0.858190709046455
32768 8 0.823960880195599
13777.2468675169 0.0131390064883393 0.887530562347188
13777.2468675169 0.015625 0.882640586797066
13777.2468675169 0.0185813611719175 0.882640586797066
13777.2468675169 0.0220970869120796 0.887530562347188
13777.2468675169 0.0262780129766786 0.89242053789731
13777.2468675169 0.03125 0.897310513447433
13777.2468675169 0.037162722343835 0.889975550122249
13777.2468675169 0.0441941738241592 0.885085574572127
13777.2468675169 0.0525560259533572 0.899755501222494
13777.2468675169 0.0625 0.887530562347188
13777.2468675169 0.0743254446876701 0.880195599022005
16384 0.0131390064883393 0.882640586797066
16384 0.015625 0.887530562347188
16384 0.0185813611719175 0.885085574572127
16384 0.0220970869120796 0.889975550122249
16384 0.0262780129766786 0.89242053789731
16384 0.03125 0.885085574572127
16384 0.037162722343835 0.885085574572127
16384 0.0441941738241592 0.887530562347188
16384 0.0525560259533572 0.894865525672372
16384 0.0625 0.887530562347188
16384 0.0743254446876701 0.885085574572127
19483.9693722046 0.0131390064883393 0.885085574572127
19483.9693722046 0.015625 0.889975550122249
19483.9693722046 0.0185813611719175 0.887530562347188
19483.9693722046 0.0220970869120796 0.882640586797066
19483.9693722046 0.0262780129766786 0.880195599022005
19483.9693722046 0.03125 0.887530562347188
19483.9693722046 0.037162722343835 0.889975550122249
19483.9693722046 0.0441941738241592 0.897310513447433
19483.9693722046 0.0525560259533572 0.880195599022005
19483.9693722046 0.0625 0.89242053789731
19483.9693722046 0.0743254446876701 0.889975550122249
23170.4750059208 0.0131390064883393 0.887530562347188
23170.4750059208 0.015625 0.889975550122249
23170.4750059208 0.0185813611719175 0.899755501222494
23170.4750059208 0.0220970869120796 0.894865525672372
23170.4750059208 0.0262780129766786 0.889975550122249
23170.4750059208 0.03125 0.894865525672372
23170.4750059208 0.037162722343835 0.894865525672372
23170.4750059208 0.0441941738241592 0.882640586797066
23170.4750059208 0.0525560259533572 0.894865525672372
23170.4750059208 0.0625 0.887530562347188
23170.4750059208 0.0743254446876701 0.89242053789731
27554.4937350337 0.0131390064883393 0.875305623471883
27554.4937350337 0.015625 0.887530562347188
27554.4937350337 0.0185813611719175 0.880195599022005
27554.4937350337 0.0220970869120796 0.89242053789731
27554.4937350337 0.0262780129766786 0.889975550122249
27554.4937350337 0.03125 0.882640586797066
27554.4937350337 0.037162722343835 0.885085574572127
27554.4937350337 0.0441941738241592 0.894865525672372
27554.4937350337 0.0525560259533572 0.89242053789731
27554.4937350337 0.0625 0.887530562347188
27554.4937350337 0.0743254446876701 0.887530562347188
38967.9387444092 0.0131390064883393 0.889975550122249
38967.9387444092 0.015625 0.887530562347188
38967.9387444092 0.0185813611719175 0.882640586797066
38967.9387444092 0.0220970869120796 0.877750611246944
38967.9387444092 0.0262780129766786 0.89242053789731
38967.9387444092 0.03125 0.89242053789731
38967.9387444092 0.037162722343835 0.89242053789731
38967.9387444092 0.0441941738241592 0.882640586797066
38967.9387444092 0.0525560259533572 0.885085574572127
38967.9387444092 0.0625 0.904645476772616
38967.9387444092 0.0743254446876701 0.889975550122249
46340.9500118416 0.0131390064883393 0.880195599022005
46340.9500118416 0.015625 0.89242053789731
46340.9500118416 0.0185813611719175 0.887530562347188
46340.9500118416 0.0220970869120796 0.889975550122249
46340.9500118416 0.0262780129766786 0.894865525672372
46340.9500118416 0.03125 0.889975550122249
46340.9500118416 0.037162722343835 0.894865525672372
46340.9500118416 0.0441941738241592 0.887530562347188
46340.9500118416 0.0525560259533572 0.894865525672372
46340.9500118416 0.0625 0.885085574572127
46340.9500118416 0.0743254446876701 0.894865525672372
55108.9874700674 0.0131390064883393 0.894865525672372
55108.9874700674 0.015625 0.897310513447433
55108.9874700674 0.0185813611719175 0.875305623471883
55108.9874700674 0.0220970869120796 0.89242053789731
55108.9874700674 0.0262780129766786 0.887530562347188
55108.9874700674 0.03125 0.877750611246944
55108.9874700674 0.037162722343835 0.897310513447433
55108.9874700674 0.0441941738241592 0.899755501222494
55108.9874700674 0.0525560259533572 0.887530562347188
55108.9874700674 0.0625 0.894865525672372
55108.9874700674 0.0743254446876701 0.889975550122249
65536 0.0131390064883393 0.887530562347188
65536 0.015625 0.899755501222494
65536 0.0185813611719175 0.89242053789731
65536 0.0220970869120796 0.89242053789731
65536 0.0262780129766786 0.897310513447433
65536 0.03125 0.894865525672372
65536 0.037162722343835 0.89242053789731
65536 0.0441941738241592 0.897310513447433
65536 0.0525560259533572 0.894865525672372
65536 0.0625 0.882640586797066
65536 0.0743254446876701 0.889975550122249
77935.8774888183 0.0131390064883393 0.887530562347188
77935.8774888183 0.015625 0.89242053789731
77935.8774888183 0.0185813611719175 0.885085574572127
77935.8774888183 0.0220970869120796 0.889975550122249
77935.8774888183 0.0262780129766786 0.894865525672372
77935.8774888183 0.03125 0.880195599022005
77935.8774888183 0.037162722343835 0.887530562347188
77935.8774888183 0.0441941738241592 0.880195599022005
77935.8774888183 0.0525560259533572 0.894865525672372
77935.8774888183 0.0625 0.902200488997555
77935.8774888183 0.0743254446876701 0.889975550122249
