0.03125 3.0517578125E-05 0.388888888888889
0.03125 0.0001220703125 0.388888888888889
0.03125 0.00048828125 0.388888888888889
0.03125 0.001953125 0.388888888888889
0.03125 0.0078125 0.388888888888889
0.03125 0.03125 0.388888888888889
0.03125 0.125 0.388888888888889
0.03125 0.5 0.388888888888889
0.03125 2 0.397222222222222
0.03125 8 0.388888888888889
0.125 3.0517578125E-05 0.388888888888889
0.125 0.0001220703125 0.388888888888889
0.125 0.00048828125 0.388888888888889
0.125 0.001953125 0.388888888888889
0.125 0.0078125 0.388888888888889
0.125 0.03125 0.388888888888889
0.125 0.125 0.388888888888889
0.125 0.5 0.513888888888889
0.125 2 0.6
0.125 8 0.622222222222222
0.5 3.0517578125E-05 0.388888888888889
0.5 0.0001220703125 0.388888888888889
0.5 0.00048828125 0.388888888888889
0.5 0.001953125 0.388888888888889
0.5 0.0078125 0.388888888888889
0.5 0.03125 0.388888888888889
0.5 0.125 0.502777777777778
0.5 0.5 0.622222222222222
0.5 2 0.65
0.5 8 0.688888888888889
2 3.0517578125E-05 0.388888888888889
2 0.0001220703125 0.388888888888889
2 0.00048828125 0.388888888888889
2 0.001953125 0.388888888888889
2 0.0078125 0.388888888888889
2 0.03125 0.511111111111111
2 0.125 0.591666666666667
2 0.5 0.691666666666667
2 2 0.752777777777778
2 8 0.738888888888889
8 3.0517578125E-05 0.388888888888889
8 0.0001220703125 0.388888888888889
8 0.00048828125 0.388888888888889
8 0.001953125 0.388888888888889
8 0.0078125 0.513888888888889
8 0.03125 0.569444444444444
8 0.125 0.761111111111111
8 0.5 0.8
8 2 0.827777777777778
8 8 0.836111111111111
32 3.0517578125E-05 0.388888888888889
32 0.0001220703125 0.388888888888889
32 0.00048828125 0.388888888888889
32 0.001953125 0.505555555555556
32 0.0078125 0.575
32 0.03125 0.761111111111111
32 0.125 0.813888888888889
32 0.5 0.875
32 2 0.875
32 8 0.833333333333333
128 3.0517578125E-05 0.388888888888889
128 0.0001220703125 0.388888888888889
128 0.00048828125 0.513888888888889
128 0.001953125 0.566666666666667
128 0.0078125 0.747222222222222
128 0.03125 0.825
128 0.125 0.886111111111111
128 0.5 0.866666666666667
128 2 0.888888888888889
128 8 0.869444444444444
512 3.0517578125E-05 0.388888888888889
512 0.0001220703125 0.513888888888889
512 0.00048828125 0.563888888888889
512 0.001953125 0.741666666666667
512 0.0078125 0.830555555555556
512 0.03125 0.888888888888889
512 0.125 0.888888888888889
512 0.5 0.888888888888889
512 2 0.866666666666667
512 8 0.858333333333333
2048 3.0517578125E-05 0.505555555555556
2048 0.0001220703125 0.588888888888889
2048 0.00048828125 0.769444444444444
2048 0.001953125 0.841666666666667
2048 0.0078125 0.888888888888889
2048 0.03125 0.897222222222222
2048 0.125 0.902777777777778
2048 0.5 0.897222222222222
2048 2 0.891666666666667
2048 8 0.855555555555556
8192 3.0517578125E-05 0.577777777777778
8192 0.0001220703125 0.741666666666667
8192 0.00048828125 0.822222222222222
8192 0.001953125 0.852777777777778
8192 0.0078125 0.883333333333333
8192 0.03125 0.911111111111111
8192 0.125 0.9
8192 0.5 0.902777777777778
8192 2 0.869444444444444
8192 8 0.855555555555556
32768 3.0517578125E-05 0.744444444444444
32768 0.0001220703125 0.838888888888889
32768 0.00048828125 0.880555555555556
32768 0.001953125 0.888888888888889
32768 0.0078125 0.902777777777778
32768 0.03125 0.911111111111111
32768 0.125 0.9
32768 0.5 0.872222222222222
32768 2 0.872222222222222
32768 8 0.827777777777778
3444.31171687921 0.0131390064883393 0.866666666666667
3444.31171687921 0.015625 0.894444444444444
3444.31171687921 0.0185813611719175 0.897222222222222
3444.31171687921 0.0220970869120796 0.902777777777778
3444.31171687921 0.0262780129766786 0.9
3444.31171687921 0.03125 0.891666666666667
3444.31171687921 0.037162722343835 0.897222222222222
3444.31171687921 0.0441941738241592 0.911111111111111
3444.31171687921 0.0525560259533572 0.897222222222222
3444.31171687921 0.0625 0.9
3444.31171687921 0.0743254446876701 0.902777777777778
4096 0.0131390064883393 0.866666666666667
4096 0.015625 0.888888888888889
4096 0.0185813611719175 0.891666666666667
4096 0.0220970869120796 0.897222222222222
4096 0.0262780129766786 0.894444444444444
4096 0.03125 0.894444444444444
4096 0.037162722343835 0.891666666666667
4096 0.0441941738241592 0.897222222222222
4096 0.0525560259533572 0.902777777777778
4096 0.0625 0.891666666666667
4096 0.0743254446876701 0.908333333333333
4870.99234305115 0.0131390064883393 0.880555555555556
4870.99234305115 0.015625 0.897222222222222
4870.99234305115 0.0185813611719175 0.9
4870.99234305115 0.0220970869120796 0.9
4870.99234305115 0.0262780129766786 0.894444444444444
4870.99234305115 0.03125 0.9
4870.99234305115 0.037162722343835 0.897222222222222
4870.99234305115 0.0441941738241592 0.894444444444444
4870.99234305115 0.0525560259533572 0.891666666666667
4870.99234305115 0.0625 0.9
4870.99234305115 0.0743254446876701 0.902777777777778
5792.6187514802 0.0131390064883393 0.888888888888889
5792.6187514802 0.015625 0.902777777777778
5792.6187514802 0.0185813611719175 0.9
5792.6187514802 0.0220970869120796 0.891666666666667
5792.6187514802 0.0262780129766786 0.894444444444444
5792.6187514802 0.03125 0.891666666666667
5792.6187514802 0.037162722343835 0.902777777777778
5792.6187514802 0.0441941738241592 0.897222222222222
5792.6187514802 0.0525560259533572 0.905555555555556
5792.6187514802 0.0625 0.9
5792.6187514802 0.0743254446876701 0.911111111111111
6888.62343375843 0.0131390064883393 0.886111111111111
6888.62343375843 0.015625 0.908333333333333
6888.62343375843 0.0185813611719175 0.897222222222222
6888.62343375843 0.0220970869120796 0.902777777777778
6888.62343375843 0.0262780129766786 0.888888888888889
6888.62343375843 0.03125 0.886111111111111
6888.62343375843 0.037162722343835 0.911111111111111
6888.62343375843 0.0441941738241592 0.908333333333333
6888.62343375843 0.0525560259533572 0.913888888888889
6888.62343375843 0.0625 0.894444444444444
6888.62343375843 0.0743254446876701 0.9
9741.98468610229 0.0131390064883393 0.902777777777778
9741.98468610229 0.015625 0.902777777777778
9741.98468610229 0.0185813611719175 0.902777777777778
9741.98468610229 0.0220970869120796 0.905555555555556
9741.98468610229 0.0262780129766786 0.886111111111111
9741.98468610229 0.03125 0.9
9741.98468610229 0.037162722343835 0.902777777777778
9741.98468610229 0.0441941738241592 0.902777777777778
9741.98468610229 0.0525560259533572 0.911111111111111
9741.98468610229 0.0625 0.880555555555556
9741.98468610229 0.0743254446876701 0.913888888888889
11585.2375029604 0.0131390064883393 0.905555555555556
11585.2375029604 0.015625 0.902777777777778
11585.2375029604 0.0185813611719175 0.902777777777778
11585.2375029604 0.0220970869120796 0.9
11585.2375029604 0.0262780129766786 0.905555555555556
11585.2375029604 0.03125 0.9
11585.2375029604 0.037162722343835 0.905555555555556
11585.2375029604 0.0441941738241592 0.894444444444444
11585.2375029604 0.0525560259533572 0.888888888888889
11585.2375029604 0.0625 0.897222222222222
11585.2375029604 0.0743254446876701 0.905555555555556
13777.2468675169 0.0131390064883393 0.908333333333333
13777.2468675169 0.015625 0.9
13777.2468675169 0.0185813611719175 0.891666666666667
13777.2468675169 0.0220970869120796 0.902777777777778
13777.2468675169 0.0262780129766786 0.9
13777.2468675169 0.03125 0.897222222222222
13777.2468675169 0.037162722343835 0.908333333333333
13777.2468675169 0.0441941738241592 0.886111111111111
13777.2468675169 0.0525560259533572 0.902777777777778
13777.2468675169 0.0625 0.888888888888889
13777.2468675169 0.0743254446876701 0.894444444444444
16384 0.0131390064883393 0.902777777777778
16384 0.015625 0.905555555555556
16384 0.0185813611719175 0.9
16384 0.0220970869120796 0.9
16384 0.0262780129766786 0.902777777777778
16384 0.03125 0.9
16384 0.037162722343835 0.902777777777778
16384 0.0441941738241592 0.902777777777778
16384 0.0525560259533572 0.897222222222222
16384 0.0625 0.897222222222222
16384 0.0743254446876701 0.894444444444444
19483.9693722046 0.0131390064883393 0.902777777777778
19483.9693722046 0.015625 0.891666666666667
19483.9693722046 0.0185813611719175 0.9
19483.9693722046 0.0220970869120796 0.9
19483.9693722046 0.0262780129766786 0.902777777777778
19483.9693722046 0.03125 0.888888888888889
19483.9693722046 0.037162722343835 0.902777777777778
19483.9693722046 0.0441941738241592 0.894444444444444
19483.9693722046 0.0525560259533572 0.886111111111111
19483.9693722046 0.0625 0.888888888888889
19483.9693722046 0.0743254446876701 0.888888888888889
