0.03125 3.0517578125E-05 0.417218543046358
0.03125 0.0001220703125 0.417218543046358
0.03125 0.00048828125 0.417218543046358
0.03125 0.001953125 0.417218543046358
0.03125 0.0078125 0.417218543046358
0.03125 0.03125 0.417218543046358
0.03125 0.125 0.417218543046358
0.03125 0.5 0.417218543046358
0.03125 2 0.463576158940397
0.03125 8 0.417218543046358
0.125 3.0517578125E-05 0.417218543046358
0.125 0.0001220703125 0.417218543046358
0.125 0.00048828125 0.417218543046358
0.125 0.001953125 0.417218543046358
0.125 0.0078125 0.417218543046358
0.125 0.03125 0.417218543046358
0.125 0.125 0.417218543046358
0.125 0.5 0.559602649006622
0.125 2 0.615894039735099
0.125 8 0.625827814569536
0.5 3.0517578125E-05 0.417218543046358
0.5 0.0001220703125 0.417218543046358
0.5 0.00048828125 0.417218543046358
0.5 0.001953125 0.417218543046358
0.5 0.0078125 0.417218543046358
0.5 0.03125 0.417218543046358
0.5 0.125 0.579470198675497
0.5 0.5 0.635761589403974
0.5 2 0.682119205298013
0.5 8 0.731788079470199
2 3.0517578125E-05 0.417218543046358
2 0.0001220703125 0.417218543046358
2 0.00048828125 0.417218543046358
2 0.001953125 0.417218543046358
2 0.0078125 0.420529801324503
2 0.03125 0.56953642384106
2 0.125 0.639072847682119
2 0.5 0.721854304635762
2 2 0.791390728476821
2 8 0.811258278145695
8 3.0517578125E-05 0.417218543046358
8 0.0001220703125 0.417218543046358
8 0.00048828125 0.417218543046358
8 0.001953125 0.417218543046358
8 0.0078125 0.572847682119205
8 0.03125 0.639072847682119
8 0.125 0.718543046357616
8 0.5 0.804635761589404
8 2 0.867549668874172
8 8 0.841059602649007
32 3.0517578125E-05 0.417218543046358
32 0.0001220703125 0.417218543046358
32 0.00048828125 0.417218543046358
32 0.001953125 0.572847682119205
32 0.0078125 0.662251655629139
32 0.03125 0.76158940397351
32 0.125 0.83112582781457
32 0.5 0.887417218543046
32 2 0.860927152317881
32 8 0.857615894039735
128 3.0517578125E-05 0.417218543046358
128 0.0001220703125 0.420529801324503
128 0.00048828125 0.572847682119205
128 0.001953125 0.658940397350993
128 0.0078125 0.728476821192053
128 0.03125 0.837748344370861
128 0.125 0.867549668874172
128 0.5 0.913907284768212
128 2 0.890728476821192
128 8 0.867549668874172
512 3.0517578125E-05 0.417218543046358
512 0.0001220703125 0.56953642384106
512 0.00048828125 0.658940397350993
512 0.001953125 0.725165562913907
512 0.0078125 0.841059602649007
512 0.03125 0.874172185430464
512 0.125 0.917218543046358
512 0.5 0.900662251655629
512 2 0.894039735099338
512 8 0.870860927152318
2048 3.0517578125E-05 0.562913907284768
2048 0.0001220703125 0.655629139072848
2048 0.00048828125 0.745033112582781
2048 0.001953125 0.83112582781457
2048 0.0078125 0.900662251655629
2048 0.03125 0.880794701986755
2048 0.125 0.907284768211921
2048 0.5 0.907284768211921
2048 2 0.907284768211921
2048 8 0.874172185430464
8192 3.0517578125E-05 0.652317880794702
8192 0.0001220703125 0.728476821192053
8192 0.00048828125 0.857615894039735
8192 0.001953125 0.894039735099338
8192 0.0078125 0.887417218543046
8192 0.03125 0.910596026490066
8192 0.125 0.897350993377483
8192 0.5 0.890728476821192
8192 2 0.880794701986755
8192 8 0.890728476821192
32768 3.0517578125E-05 0.735099337748344
32768 0.0001220703125 0.841059602649007
32768 0.00048828125 0.877483443708609
32768 0.001953125 0.890728476821192
32768 0.0078125 0.917218543046358
32768 0.03125 0.927152317880795
32768 0.125 0.920529801324503
32768 0.5 0.907284768211921
32768 2 0.864238410596026
32768 8 0.880794701986755
13777.2468675169 0.0131390064883393 0.897350993377483
13777.2468675169 0.015625 0.913907284768212
13777.2468675169 0.0185813611719175 0.910596026490066
13777.2468675169 0.0220970869120796 0.903973509933775
13777.2468675169 0.0262780129766786 0.917218543046358
13777.2468675169 0.03125 0.910596026490066
13777.2468675169 0.037162722343835 0.920529801324503
13777.2468675169 0.0441941738241592 0.910596026490066
13777.2468675169 0.0525560259533572 0.913907284768212
13777.2468675169 0.0625 0.907284768211921
13777.2468675169 0.0743254446876701 0.900662251655629
16384 0.0131390064883393 0.907284768211921
16384 0.015625 0.900662251655629
16384 0.0185813611719175 0.913907284768212
16384 0.0220970869120796 0.910596026490066
16384 0.0262780129766786 0.913907284768212
16384 0.03125 0.910596026490066
16384 0.037162722343835 0.910596026490066
16384 0.0441941738241592 0.907284768211921
16384 0.0525560259533572 0.927152317880795
16384 0.0625 0.917218543046358
16384 0.0743254446876701 0.920529801324503
19483.9693722046 0.0131390064883393 0.910596026490066
19483.9693722046 0.015625 0.910596026490066
19483.9693722046 0.0185813611719175 0.913907284768212
19483.9693722046 0.0220970869120796 0.917218543046358
19483.9693722046 0.0262780129766786 0.903973509933775
19483.9693722046 0.03125 0.920529801324503
19483.9693722046 0.037162722343835 0.877483443708609
19483.9693722046 0.0441941738241592 0.923841059602649
19483.9693722046 0.0525560259533572 0.923841059602649
19483.9693722046 0.0625 0.910596026490066
19483.9693722046 0.0743254446876701 0.903973509933775
23170.4750059208 0.0131390064883393 0.913907284768212
23170.4750059208 0.015625 0.913907284768212
23170.4750059208 0.0185813611719175 0.913907284768212
23170.4750059208 0.0220970869120796 0.913907284768212
23170.4750059208 0.0262780129766786 0.903973509933775
23170.4750059208 0.03125 0.903973509933775
23170.4750059208 0.037162722343835 0.903973509933775
23170.4750059208 0.0441941738241592 0.897350993377483
23170.4750059208 0.0525560259533572 0.927152317880795
23170.4750059208 0.0625 0.923841059602649
23170.4750059208 0.0743254446876701 0.907284768211921
27554.4937350337 0.0131390064883393 0.93046357615894
27554.4937350337 0.015625 0.903973509933775
27554.4937350337 0.0185813611719175 0.897350993377483
27554.4937350337 0.0220970869120796 0.897350993377483
27554.4937350337 0.0262780129766786 0.917218543046358
27554.4937350337 0.03125 0.897350993377483
27554.4937350337 0.037162722343835 0.923841059602649
27554.4937350337 0.0441941738241592 0.900662251655629
27554.4937350337 0.0525560259533572 0.923841059602649
27554.4937350337 0.0625 0.920529801324503
27554.4937350337 0.0743254446876701 0.900662251655629
38967.9387444092 0.0131390064883393 0.903973509933775
38967.9387444092 0.015625 0.903973509933775
38967.9387444092 0.0185813611719175 0.903973509933775
38967.9387444092 0.0220970869120796 0.903973509933775
38967.9387444092 0.0262780129766786 0.907284768211921
38967.9387444092 0.03125 0.913907284768212
38967.9387444092 0.037162722343835 0.913907284768212
38967.9387444092 0.0441941738241592 0.940397350993378
38967.9387444092 0.0525560259533572 0.913907284768212
38967.9387444092 0.0625 0.913907284768212
38967.9387444092 0.0743254446876701 0.923841059602649
46340.9500118416 0.0131390064883393 0.910596026490066
46340.9500118416 0.015625 0.897350993377483
46340.9500118416 0.0185813611719175 0.920529801324503
46340.9500118416 0.0220970869120796 0.910596026490066
46340.9500118416 0.0262780129766786 0.900662251655629
46340.9500118416 0.03125 0.913907284768212
46340.9500118416 0.037162722343835 0.910596026490066
46340.9500118416 0.0441941738241592 0.913907284768212
46340.9500118416 0.0525560259533572 0.920529801324503
46340.9500118416 0.0625 0.900662251655629
46340.9500118416 0.0743254446876701 0.923841059602649
55108.9874700674 0.0131390064883393 0.910596026490066
55108.9874700674 0.015625 0.903973509933775
55108.9874700674 0.0185813611719175 0.907284768211921
55108.9874700674 0.0220970869120796 0.910596026490066
55108.9874700674 0.0262780129766786 0.923841059602649
55108.9874700674 0.03125 0.907284768211921
55108.9874700674 0.037162722343835 0.890728476821192
55108.9874700674 0.0441941738241592 0.880794701986755
55108.9874700674 0.0525560259533572 0.907284768211921
55108.9874700674 0.0625 0.927152317880795
55108.9874700674 0.0743254446876701 0.910596026490066
65536 0.0131390064883393 0.913907284768212
65536 0.015625 0.907284768211921
65536 0.0185813611719175 0.917218543046358
65536 0.0220970869120796 0.897350993377483
65536 0.0262780129766786 0.917218543046358
65536 0.03125 0.903973509933775
65536 0.037162722343835 0.920529801324503
65536 0.0441941738241592 0.917218543046358
65536 0.0525560259533572 0.917218543046358
65536 0.0625 0.937086092715232
65536 0.0743254446876701 0.913907284768212
77935.8774888183 0.0131390064883393 0.910596026490066
77935.8774888183 0.015625 0.903973509933775
77935.8774888183 0.0185813611719175 0.927152317880795
77935.8774888183 0.0220970869120796 0.903973509933775
77935.8774888183 0.0262780129766786 0.913907284768212
77935.8774888183 0.03125 0.910596026490066
77935.8774888183 0.037162722343835 0.913907284768212
77935.8774888183 0.0441941738241592 0.927152317880795
77935.8774888183 0.0525560259533572 0.910596026490066
77935.8774888183 0.0625 0.923841059602649
77935.8774888183 0.0743254446876701 0.910596026490066
