0.03125 3.0517578125E-05 0.389408099688474
0.03125 0.0001220703125 0.389408099688474
0.03125 0.00048828125 0.389408099688474
0.03125 0.001953125 0.389408099688474
0.03125 0.0078125 0.389408099688474
0.03125 0.03125 0.389408099688474
0.03125 0.125 0.389408099688474
0.03125 0.5 0.389408099688474
0.03125 2 0.554517133956386
0.03125 8 0.423676012461059
0.125 3.0517578125E-05 0.389408099688474
0.125 0.0001220703125 0.389408099688474
0.125 0.00048828125 0.389408099688474
0.125 0.001953125 0.389408099688474
0.125 0.0078125 0.389408099688474
0.125 0.03125 0.389408099688474
0.125 0.125 0.451713395638629
0.125 0.5 0.570093457943925
0.125 2 0.626168224299065
0.125 8 0.638629283489097
0.5 3.0517578125E-05 0.389408099688474
0.5 0.0001220703125 0.389408099688474
0.5 0.00048828125 0.389408099688474
0.5 0.001953125 0.389408099688474
0.5 0.0078125 0.389408099688474
0.5 0.03125 0.479750778816199
0.5 0.125 0.582554517133956
0.5 0.5 0.651090342679128
0.5 2 0.657320872274143
0.5 8 0.713395638629283
2 3.0517578125E-05 0.389408099688474
2 0.0001220703125 0.389408099688474
2 0.00048828125 0.389408099688474
2 0.001953125 0.389408099688474
2 0.0078125 0.492211838006231
2 0.03125 0.570093457943925
2 0.125 0.644859813084112
2 0.5 0.697819314641745
2 2 0.78816199376947
2 8 0.797507788161994
8 3.0517578125E-05 0.389408099688474
8 0.0001220703125 0.389408099688474
8 0.00048828125 0.389408099688474
8 0.001953125 0.485981308411215
8 0.0078125 0.576323987538941
8 0.03125 0.657320872274143
8 0.125 0.7601246105919
8 0.5 0.803738317757009
8 2 0.847352024922118
8 8 0.841121495327103
32 3.0517578125E-05 0.389408099688474
32 0.0001220703125 0.389408099688474
32 0.00048828125 0.495327102803738
32 0.001953125 0.576323987538941
32 0.0078125 0.64797507788162
32 0.03125 0.766355140186916
32 0.125 0.831775700934579
32 0.5 0.85981308411215
32 2 0.878504672897196
32 8 0.850467289719626
128 3.0517578125E-05 0.389408099688474
128 0.0001220703125 0.495327102803738
128 0.00048828125 0.576323987538941
128 0.001953125 0.635514018691589
128 0.0078125 0.744548286604361
128 0.03125 0.841121495327103
128 0.125 0.88785046728972
128 0.5 0.890965732087227
128 2 0.894080996884735
128 8 0.862928348909657
512 3.0517578125E-05 0.482866043613707
512 0.0001220703125 0.576323987538941
512 0.00048828125 0.641744548286604
512 0.001953125 0.757009345794393
512 0.0078125 0.872274143302181
512 0.03125 0.894080996884735
512 0.125 0.881619937694704
512 0.5 0.903426791277259
512 2 0.894080996884735
512 8 0.85981308411215
2048 3.0517578125E-05 0.566978193146417
2048 0.0001220703125 0.641744548286604
2048 0.00048828125 0.772585669781931
2048 0.001953125 0.85981308411215
2048 0.0078125 0.900311526479751
2048 0.03125 0.88785046728972
2048 0.125 0.894080996884735
2048 0.5 0.906542056074766
2048 2 0.897196261682243
2048 8 0.850467289719626
8192 3.0517578125E-05 0.64797507788162
8192 0.0001220703125 0.757009345794393
8192 0.00048828125 0.844236760124611
8192 0.001953125 0.906542056074766
8192 0.0078125 0.900311526479751
8192 0.03125 0.919003115264798
8192 0.125 0.900311526479751
8192 0.5 0.906542056074766
8192 2 0.903426791277259
8192 8 0.856697819314642
32768 3.0517578125E-05 0.757009345794393
32768 0.0001220703125 0.844236760124611
32768 0.00048828125 0.900311526479751
32768 0.001953125 0.890965732087227
32768 0.0078125 0.903426791277259
32768 0.03125 0.906542056074766
32768 0.125 0.91588785046729
32768 0.5 0.906542056074766
32768 2 0.869158878504673
32768 8 0.853582554517134
3444.31171687921 0.0131390064883393 0.897196261682243
3444.31171687921 0.015625 0.890965732087227
3444.31171687921 0.0185813611719175 0.900311526479751
3444.31171687921 0.0220970869120796 0.890965732087227
3444.31171687921 0.0262780129766786 0.900311526479751
3444.31171687921 0.03125 0.906542056074766
3444.31171687921 0.037162722343835 0.890965732087227
3444.31171687921 0.0441941738241592 0.909657320872274
3444.31171687921 0.0525560259533572 0.903426791277259
3444.31171687921 0.0625 0.897196261682243
3444.31171687921 0.0743254446876701 0.900311526479751
4096 0.0131390064883393 0.884735202492212
4096 0.015625 0.890965732087227
4096 0.0185813611719175 0.903426791277259
4096 0.0220970869120796 0.897196261682243
4096 0.0262780129766786 0.903426791277259
4096 0.03125 0.906542056074766
4096 0.037162722343835 0.894080996884735
4096 0.0441941738241592 0.91588785046729
4096 0.0525560259533572 0.909657320872274
4096 0.0625 0.897196261682243
4096 0.0743254446876701 0.900311526479751
4870.99234305115 0.0131390064883393 0.875389408099688
4870.99234305115 0.015625 0.881619937694704
4870.99234305115 0.0185813611719175 0.890965732087227
4870.99234305115 0.0220970869120796 0.894080996884735
4870.99234305115 0.0262780129766786 0.900311526479751
4870.99234305115 0.03125 0.912772585669782
4870.99234305115 0.037162722343835 0.909657320872274
4870.99234305115 0.0441941738241592 0.900311526479751
4870.99234305115 0.0525560259533572 0.900311526479751
4870.99234305115 0.0625 0.900311526479751
4870.99234305115 0.0743254446876701 0.900311526479751
5792.6187514802 0.0131390064883393 0.88785046728972
5792.6187514802 0.015625 0.903426791277259
5792.6187514802 0.0185813611719175 0.890965732087227
5792.6187514802 0.0220970869120796 0.900311526479751
5792.6187514802 0.0262780129766786 0.909657320872274
5792.6187514802 0.03125 0.912772585669782
5792.6187514802 0.037162722343835 0.900311526479751
5792.6187514802 0.0441941738241592 0.922118380062305
5792.6187514802 0.0525560259533572 0.91588785046729
5792.6187514802 0.0625 0.903426791277259
5792.6187514802 0.0743254446876701 0.903426791277259
6888.62343375843 0.0131390064883393 0.894080996884735
6888.62343375843 0.015625 0.890965732087227
6888.62343375843 0.0185813611719175 0.909657320872274
6888.62343375843 0.0220970869120796 0.919003115264798
6888.62343375843 0.0262780129766786 0.897196261682243
6888.62343375843 0.03125 0.903426791277259
6888.62343375843 0.037162722343835 0.897196261682243
6888.62343375843 0.0441941738241592 0.900311526479751
6888.62343375843 0.0525560259533572 0.91588785046729
6888.62343375843 0.0625 0.88785046728972
6888.62343375843 0.0743254446876701 0.897196261682243
9741.98468610229 0.0131390064883393 0.900311526479751
9741.98468610229 0.015625 0.91588785046729
9741.98468610229 0.0185813611719175 0.909657320872274
9741.98468610229 0.0220970869120796 0.91588785046729
9741.98468610229 0.0262780129766786 0.912772585669782
9741.98468610229 0.03125 0.912772585669782
9741.98468610229 0.037162722343835 0.894080996884735
9741.98468610229 0.0441941738241592 0.912772585669782
9741.98468610229 0.0525560259533572 0.900311526479751
9741.98468610229 0.0625 0.890965732087227
9741.98468610229 0.0743254446876701 0.903426791277259
11585.2375029604 0.0131390064883393 0.903426791277259
11585.2375029604 0.015625 0.906542056074766
11585.2375029604 0.0185813611719175 0.906542056074766
11585.2375029604 0.0220970869120796 0.894080996884735
11585.2375029604 0.0262780129766786 0.897196261682243
11585.2375029604 0.03125 0.909657320872274
11585.2375029604 0.037162722343835 0.912772585669782
11585.2375029604 0.0441941738241592 0.909657320872274
11585.2375029604 0.0525560259533572 0.909657320872274
11585.2375029604 0.0625 0.900311526479751
11585.2375029604 0.0743254446876701 0.897196261682243
13777.2468675169 0.0131390064883393 0.894080996884735
13777.2468675169 0.015625 0.91588785046729
13777.2468675169 0.0185813611719175 0.906542056074766
13777.2468675169 0.0220970869120796 0.91588785046729
13777.2468675169 0.0262780129766786 0.925233644859813
13777.2468675169 0.03125 0.894080996884735
13777.2468675169 0.037162722343835 0.909657320872274
13777.2468675169 0.0441941738241592 0.906542056074766
13777.2468675169 0.0525560259533572 0.897196261682243
13777.2468675169 0.0625 0.900311526479751
13777.2468675169 0.0743254446876701 0.91588785046729
16384 0.0131390064883393 0.909657320872274
16384 0.015625 0.906542056074766
16384 0.0185813611719175 0.906542056074766
16384 0.0220970869120796 0.900311526479751
16384 0.0262780129766786 0.906542056074766
16384 0.03125 0.897196261682243
16384 0.037162722343835 0.906542056074766
16384 0.0441941738241592 0.900311526479751
16384 0.0525560259533572 0.897196261682243
16384 0.0625 0.903426791277259
16384 0.0743254446876701 0.906542056074766
19483.9693722046 0.0131390064883393 0.91588785046729
19483.9693722046 0.015625 0.900311526479751
19483.9693722046 0.0185813611719175 0.919003115264798
19483.9693722046 0.0220970869120796 0.903426791277259
19483.9693722046 0.0262780129766786 0.897196261682243
19483.9693722046 0.03125 0.909657320872274
19483.9693722046 0.037162722343835 0.903426791277259
19483.9693722046 0.0441941738241592 0.894080996884735
19483.9693722046 0.0525560259533572 0.894080996884735
19483.9693722046 0.0625 0.906542056074766
19483.9693722046 0.0743254446876701 0.909657320872274
