0.03125 3.0517578125E-05 0.49
0.03125 0.0001220703125 0.49
0.03125 0.00048828125 0.49
0.03125 0.001953125 0.49
0.03125 0.0078125 0.49
0.03125 0.03125 0.49
0.03125 0.125 0.49
0.03125 0.5 0.49
0.03125 2 0.49
0.03125 8 0.49
0.125 3.0517578125E-05 0.49
0.125 0.0001220703125 0.49
0.125 0.00048828125 0.49
0.125 0.001953125 0.49
0.125 0.0078125 0.49
0.125 0.03125 0.49
0.125 0.125 0.49
0.125 0.5 0.495
0.125 2 0.548333333333333
0.125 8 0.541666666666667
0.5 3.0517578125E-05 0.49
0.5 0.0001220703125 0.49
0.5 0.00048828125 0.49
0.5 0.001953125 0.49
0.5 0.0078125 0.49
0.5 0.03125 0.49
0.5 0.125 0.493333333333333
0.5 0.5 0.563333333333333
0.5 2 0.603333333333333
0.5 8 0.615
2 3.0517578125E-05 0.49
2 0.0001220703125 0.49
2 0.00048828125 0.49
2 0.001953125 0.49
2 0.0078125 0.49
2 0.03125 0.525
2 0.125 0.553333333333333
2 0.5 0.64
2 2 0.655
2 8 0.655
8 3.0517578125E-05 0.49
8 0.0001220703125 0.49
8 0.00048828125 0.49
8 0.001953125 0.49
8 0.0078125 0.538333333333333
8 0.03125 0.57
8 0.125 0.628333333333333
8 0.5 0.688333333333333
8 2 0.708333333333333
8 8 0.703333333333333
32 3.0517578125E-05 0.49
32 0.0001220703125 0.49
32 0.00048828125 0.49
32 0.001953125 0.513333333333333
32 0.0078125 0.565
32 0.03125 0.643333333333333
32 0.125 0.698333333333333
32 0.5 0.738333333333333
32 2 0.768333333333333
32 8 0.746666666666667
128 3.0517578125E-05 0.49
128 0.0001220703125 0.49
128 0.00048828125 0.505
128 0.001953125 0.575
128 0.0078125 0.66
128 0.03125 0.703333333333333
128 0.125 0.743333333333333
128 0.5 0.791666666666667
128 2 0.8
128 8 0.778333333333333
512 3.0517578125E-05 0.49
512 0.0001220703125 0.496666666666667
512 0.00048828125 0.576666666666667
512 0.001953125 0.636666666666667
512 0.0078125 0.703333333333333
512 0.03125 0.743333333333333
512 0.125 0.78
512 0.5 0.796666666666667
512 2 0.79
512 8 0.781666666666667
2048 3.0517578125E-05 0.521666666666667
2048 0.0001220703125 0.571666666666667
2048 0.00048828125 0.633333333333333
2048 0.001953125 0.705
2048 0.0078125 0.746666666666667
2048 0.03125 0.783333333333333
2048 0.125 0.808333333333333
2048 0.5 0.808333333333333
2048 2 0.788333333333333
2048 8 0.785
8192 3.0517578125E-05 0.576666666666667
8192 0.0001220703125 0.648333333333333
8192 0.00048828125 0.701666666666667
8192 0.001953125 0.743333333333333
8192 0.0078125 0.781666666666667
8192 0.03125 0.808333333333333
8192 0.125 0.811666666666667
8192 0.5 0.815
8192 2 0.801666666666667
8192 8 0.791666666666667
32768 3.0517578125E-05 0.628333333333333
32768 0.0001220703125 0.7
32768 0.00048828125 0.738333333333333
32768 0.001953125 0.775
32768 0.0078125 0.81
32768 0.03125 0.82
32768 0.125 0.811666666666667
32768 0.5 0.818333333333333
32768 2 0.793333333333333
32768 8 0.778333333333333
13777.2468675169 0.0131390064883393 0.798333333333333
13777.2468675169 0.015625 0.806666666666667
13777.2468675169 0.0185813611719175 0.801666666666667
13777.2468675169 0.0220970869120796 0.801666666666667
13777.2468675169 0.0262780129766786 0.803333333333333
13777.2468675169 0.03125 0.813333333333333
13777.2468675169 0.037162722343835 0.813333333333333
13777.2468675169 0.0441941738241592 0.811666666666667
13777.2468675169 0.0525560259533572 0.808333333333333
13777.2468675169 0.0625 0.816666666666667
13777.2468675169 0.0743254446876701 0.818333333333333
16384 0.0131390064883393 0.803333333333333
16384 0.015625 0.803333333333333
16384 0.0185813611719175 0.81
16384 0.0220970869120796 0.81
16384 0.0262780129766786 0.82
16384 0.03125 0.81
16384 0.037162722343835 0.82
16384 0.0441941738241592 0.823333333333333
16384 0.0525560259533572 0.82
16384 0.0625 0.823333333333333
16384 0.0743254446876701 0.823333333333333
19483.9693722046 0.0131390064883393 0.805
19483.9693722046 0.015625 0.81
19483.9693722046 0.0185813611719175 0.808333333333333
19483.9693722046 0.0220970869120796 0.815
19483.9693722046 0.0262780129766786 0.805
19483.9693722046 0.03125 0.818333333333333
19483.9693722046 0.037162722343835 0.815
19483.9693722046 0.0441941738241592 0.815
19483.9693722046 0.0525560259533572 0.823333333333333
19483.9693722046 0.0625 0.82
19483.9693722046 0.0743254446876701 0.808333333333333
23170.4750059208 0.0131390064883393 0.81
23170.4750059208 0.015625 0.811666666666667
23170.4750059208 0.0185813611719175 0.816666666666667
23170.4750059208 0.0220970869120796 0.818333333333333
23170.4750059208 0.0262780129766786 0.816666666666667
23170.4750059208 0.03125 0.811666666666667
23170.4750059208 0.037162722343835 0.82
23170.4750059208 0.0441941738241592 0.815
23170.4750059208 0.0525560259533572 0.816666666666667
23170.4750059208 0.0625 0.81
23170.4750059208 0.0743254446876701 0.823333333333333
27554.4937350337 0.0131390064883393 0.81
27554.4937350337 0.015625 0.811666666666667
27554.4937350337 0.0185813611719175 0.811666666666667
27554.4937350337 0.0220970869120796 0.82
27554.4937350337 0.0262780129766786 0.813333333333333
27554.4937350337 0.03125 0.831666666666667
27554.4937350337 0.037162722343835 0.811666666666667
27554.4937350337 0.0441941738241592 0.806666666666667
27554.4937350337 0.0525560259533572 0.821666666666667
27554.4937350337 0.0625 0.815
27554.4937350337 0.0743254446876701 0.806666666666667
38967.9387444092 0.0131390064883393 0.81
38967.9387444092 0.015625 0.801666666666667
38967.9387444092 0.0185813611719175 0.825
38967.9387444092 0.0220970869120796 0.816666666666667
38967.9387444092 0.0262780129766786 0.828333333333333
38967.9387444092 0.03125 0.831666666666667
38967.9387444092 0.037162722343835 0.831666666666667
38967.9387444092 0.0441941738241592 0.82
38967.9387444092 0.0525560259533572 0.821666666666667
38967.9387444092 0.0625 0.813333333333333
38967.9387444092 0.0743254446876701 0.801666666666667
46340.9500118416 0.0131390064883393 0.811666666666667
46340.9500118416 0.015625 0.811666666666667
46340.9500118416 0.0185813611719175 0.808333333333333
46340.9500118416 0.0220970869120796 0.815
46340.9500118416 0.0262780129766786 0.82
46340.9500118416 0.03125 0.826666666666667
46340.9500118416 0.037162722343835 0.828333333333333
46340.9500118416 0.0441941738241592 0.831666666666667
46340.9500118416 0.0525560259533572 0.818333333333333
46340.9500118416 0.0625 0.813333333333333
46340.9500118416 0.0743254446876701 0.825
55108.9874700674 0.0131390064883393 0.818333333333333
55108.9874700674 0.015625 0.818333333333333
55108.9874700674 0.0185813611719175 0.806666666666667
55108.9874700674 0.0220970869120796 0.818333333333333
55108.9874700674 0.0262780129766786 0.798333333333333
55108.9874700674 0.03125 0.821666666666667
55108.9874700674 0.037162722343835 0.801666666666667
55108.9874700674 0.0441941738241592 0.815
55108.9874700674 0.0525560259533572 0.806666666666667
55108.9874700674 0.0625 0.826666666666667
55108.9874700674 0.0743254446876701 0.808333333333333
65536 0.0131390064883393 0.816666666666667
65536 0.015625 0.82
65536 0.0185813611719175 0.811666666666667
65536 0.0220970869120796 0.821666666666667
65536 0.0262780129766786 0.823333333333333
65536 0.03125 0.816666666666667
65536 0.037162722343835 0.823333333333333
65536 0.0441941738241592 0.806666666666667
65536 0.0525560259533572 0.826666666666667
65536 0.0625 0.806666666666667
65536 0.0743254446876701 0.826666666666667
77935.8774888183 0.0131390064883393 0.818333333333333
77935.8774888183 0.015625 0.818333333333333
77935.8774888183 0.0185813611719175 0.83
77935.8774888183 0.0220970869120796 0.815
77935.8774888183 0.0262780129766786 0.818333333333333
77935.8774888183 0.03125 0.808333333333333
77935.8774888183 0.037162722343835 0.83
77935.8774888183 0.0441941738241592 0.816666666666667
77935.8774888183 0.0525560259533572 0.82
77935.8774888183 0.0625 0.811666666666667
77935.8774888183 0.0743254446876701 0.818333333333333
