0.03125 3.0517578125E-05 0.487309644670051
0.03125 0.0001220703125 0.487309644670051
0.03125 0.00048828125 0.487309644670051
0.03125 0.001953125 0.487309644670051
0.03125 0.0078125 0.487309644670051
0.03125 0.03125 0.487309644670051
0.03125 0.125 0.487309644670051
0.03125 0.5 0.487309644670051
0.03125 2 0.487309644670051
0.03125 8 0.487309644670051
0.125 3.0517578125E-05 0.487309644670051
0.125 0.0001220703125 0.487309644670051
0.125 0.00048828125 0.487309644670051
0.125 0.001953125 0.487309644670051
0.125 0.0078125 0.487309644670051
0.125 0.03125 0.487309644670051
0.125 0.125 0.487309644670051
0.125 0.5 0.487309644670051
0.125 2 0.512690355329949
0.125 8 0.522842639593909
0.5 3.0517578125E-05 0.487309644670051
0.5 0.0001220703125 0.487309644670051
0.5 0.00048828125 0.487309644670051
0.5 0.001953125 0.487309644670051
0.5 0.0078125 0.487309644670051
0.5 0.03125 0.487309644670051
0.5 0.125 0.487309644670051
0.5 0.5 0.604060913705584
0.5 2 0.629441624365482
0.5 8 0.685279187817259
2 3.0517578125E-05 0.487309644670051
2 0.0001220703125 0.487309644670051
2 0.00048828125 0.487309644670051
2 0.001953125 0.487309644670051
2 0.0078125 0.487309644670051
2 0.03125 0.487309644670051
2 0.125 0.624365482233503
2 0.5 0.6751269035533
2 2 0.725888324873096
2 8 0.756345177664975
8 3.0517578125E-05 0.487309644670051
8 0.0001220703125 0.487309644670051
8 0.00048828125 0.487309644670051
8 0.001953125 0.487309644670051
8 0.0078125 0.487309644670051
8 0.03125 0.609137055837564
8 0.125 0.67005076142132
8 0.5 0.766497461928934
8 2 0.812182741116751
8 8 0.812182741116751
32 3.0517578125E-05 0.487309644670051
32 0.0001220703125 0.487309644670051
32 0.00048828125 0.487309644670051
32 0.001953125 0.487309644670051
32 0.0078125 0.598984771573604
32 0.03125 0.685279187817259
32 0.125 0.771573604060914
32 0.5 0.82741116751269
32 2 0.796954314720812
32 8 0.83248730964467
128 3.0517578125E-05 0.487309644670051
128 0.0001220703125 0.487309644670051
128 0.00048828125 0.487309644670051
128 0.001953125 0.604060913705584
128 0.0078125 0.705583756345178
128 0.03125 0.761421319796954
128 0.125 0.83248730964467
128 0.5 0.83756345177665
128 2 0.83756345177665
128 8 0.822335025380711
512 3.0517578125E-05 0.487309644670051
512 0.0001220703125 0.487309644670051
512 0.00048828125 0.629441624365482
512 0.001953125 0.695431472081218
512 0.0078125 0.751269035532995
512 0.03125 0.796954314720812
512 0.125 0.812182741116751
512 0.5 0.847715736040609
512 2 0.83756345177665
512 8 0.83756345177665
2048 3.0517578125E-05 0.487309644670051
2048 0.0001220703125 0.604060913705584
2048 0.00048828125 0.680203045685279
2048 0.001953125 0.756345177664975
2048 0.0078125 0.817258883248731
2048 0.03125 0.842639593908629
2048 0.125 0.852791878172589
2048 0.5 0.868020304568528
2048 2 0.857868020304569
2048 8 0.83756345177665
8192 3.0517578125E-05 0.583756345177665
8192 0.0001220703125 0.700507614213198
8192 0.00048828125 0.776649746192893
8192 0.001953125 0.82741116751269
8192 0.0078125 0.852791878172589
8192 0.03125 0.868020304568528
8192 0.125 0.842639593908629
8192 0.5 0.862944162436548
8192 2 0.857868020304569
8192 8 0.83248730964467
32768 3.0517578125E-05 0.705583756345178
32768 0.0001220703125 0.756345177664975
32768 0.00048828125 0.83248730964467
32768 0.001953125 0.83248730964467
32768 0.0078125 0.83248730964467
32768 0.03125 0.847715736040609
32768 0.125 0.842639593908629
32768 0.5 0.852791878172589
32768 2 0.847715736040609
32768 8 0.852791878172589
861.077929219804 0.210224103813429 0.857868020304569
861.077929219804 0.25 0.868020304568528
861.077929219804 0.29730177875068 0.847715736040609
861.077929219804 0.353553390593274 0.842639593908629
861.077929219804 0.420448207626857 0.868020304568528
861.077929219804 0.5 0.857868020304569
861.077929219804 0.594603557501361 0.857868020304569
861.077929219804 0.707106781186548 0.83756345177665
861.077929219804 0.840896415253715 0.873096446700508
861.077929219804 1 0.868020304568528
861.077929219804 1.18920711500272 0.852791878172589
1024 0.210224103813429 0.857868020304569
1024 0.25 0.852791878172589
1024 0.29730177875068 0.83248730964467
1024 0.353553390593274 0.893401015228426
1024 0.420448207626857 0.862944162436548
1024 0.5 0.822335025380711
1024 0.594603557501361 0.83756345177665
1024 0.707106781186548 0.873096446700508
1024 0.840896415253715 0.852791878172589
1024 1 0.842639593908629
1024 1.18920711500272 0.862944162436548
1217.74808576279 0.210224103813429 0.857868020304569
1217.74808576279 0.25 0.852791878172589
1217.74808576279 0.29730177875068 0.83756345177665
1217.74808576279 0.353553390593274 0.862944162436548
1217.74808576279 0.420448207626857 0.862944162436548
1217.74808576279 0.5 0.852791878172589
1217.74808576279 0.594603557501361 0.868020304568528
1217.74808576279 0.707106781186548 0.82741116751269
1217.74808576279 0.840896415253715 0.852791878172589
1217.74808576279 1 0.852791878172589
1217.74808576279 1.18920711500272 0.83248730964467
1448.15468787005 0.210224103813429 0.852791878172589
1448.15468787005 0.25 0.847715736040609
1448.15468787005 0.29730177875068 0.857868020304569
1448.15468787005 0.353553390593274 0.842639593908629
1448.15468787005 0.420448207626857 0.847715736040609
1448.15468787005 0.5 0.82741116751269
1448.15468787005 0.594603557501361 0.883248730964467
1448.15468787005 0.707106781186548 0.862944162436548
1448.15468787005 0.840896415253715 0.852791878172589
1448.15468787005 1 0.878172588832487
1448.15468787005 1.18920711500272 0.847715736040609
1722.15585843961 0.210224103813429 0.847715736040609
1722.15585843961 0.25 0.868020304568528
1722.15585843961 0.29730177875068 0.868020304568528
1722.15585843961 0.353553390593274 0.893401015228426
1722.15585843961 0.420448207626857 0.857868020304569
1722.15585843961 0.5 0.878172588832487
1722.15585843961 0.594603557501361 0.847715736040609
1722.15585843961 0.707106781186548 0.883248730964467
1722.15585843961 0.840896415253715 0.857868020304569
1722.15585843961 1 0.873096446700508
1722.15585843961 1.18920711500272 0.857868020304569
2435.49617152557 0.210224103813429 0.82741116751269
2435.49617152557 0.25 0.817258883248731
2435.49617152557 0.29730177875068 0.852791878172589
2435.49617152557 0.353553390593274 0.868020304568528
2435.49617152557 0.420448207626857 0.847715736040609
2435.49617152557 0.5 0.852791878172589
2435.49617152557 0.594603557501361 0.847715736040609
2435.49617152557 0.707106781186548 0.83248730964467
2435.49617152557 0.840896415253715 0.878172588832487
2435.49617152557 1 0.868020304568528
2435.49617152557 1.18920711500272 0.868020304568528
2896.3093757401 0.210224103813429 0.873096446700508
2896.3093757401 0.25 0.883248730964467
2896.3093757401 0.29730177875068 0.862944162436548
2896.3093757401 0.353553390593274 0.888324873096447
2896.3093757401 0.420448207626857 0.862944162436548
2896.3093757401 0.5 0.888324873096447
2896.3093757401 0.594603557501361 0.862944162436548
2896.3093757401 0.707106781186548 0.878172588832487
2896.3093757401 0.840896415253715 0.878172588832487
2896.3093757401 1 0.898477157360406
2896.3093757401 1.18920711500272 0.873096446700508
3444.31171687921 0.210224103813429 0.83756345177665
3444.31171687921 0.25 0.82741116751269
3444.31171687921 0.29730177875068 0.862944162436548
3444.31171687921 0.353553390593274 0.873096446700508
3444.31171687921 0.420448207626857 0.852791878172589
3444.31171687921 0.5 0.817258883248731
3444.31171687921 0.594603557501361 0.847715736040609
3444.31171687921 0.707106781186548 0.857868020304569
3444.31171687921 0.840896415253715 0.852791878172589
3444.31171687921 1 0.862944162436548
3444.31171687921 1.18920711500272 0.883248730964467
4096 0.210224103813429 0.842639593908629
4096 0.25 0.878172588832487
4096 0.29730177875068 0.817258883248731
4096 0.353553390593274 0.862944162436548
4096 0.420448207626857 0.862944162436548
4096 0.5 0.878172588832487
4096 0.594603557501361 0.847715736040609
4096 0.707106781186548 0.883248730964467
4096 0.840896415253715 0.883248730964467
4096 1 0.868020304568528
4096 1.18920711500272 0.852791878172589
4870.99234305115 0.210224103813429 0.847715736040609
4870.99234305115 0.25 0.847715736040609
4870.99234305115 0.29730177875068 0.883248730964467
4870.99234305115 0.353553390593274 0.873096446700508
4870.99234305115 0.420448207626857 0.842639593908629
4870.99234305115 0.5 0.847715736040609
4870.99234305115 0.594603557501361 0.873096446700508
4870.99234305115 0.707106781186548 0.878172588832487
4870.99234305115 0.840896415253715 0.868020304568528
4870.99234305115 1 0.857868020304569
4870.99234305115 1.18920711500272 0.83248730964467
