0.03125 3.0517578125E-05 0.549342105263158
0.03125 0.0001220703125 0.549342105263158
0.03125 0.00048828125 0.549342105263158
0.03125 0.001953125 0.549342105263158
0.03125 0.0078125 0.549342105263158
0.03125 0.03125 0.549342105263158
0.03125 0.125 0.549342105263158
0.03125 0.5 0.549342105263158
0.03125 2 0.549342105263158
0.03125 8 0.549342105263158
0.125 3.0517578125E-05 0.549342105263158
0.125 0.0001220703125 0.549342105263158
0.125 0.00048828125 0.549342105263158
0.125 0.001953125 0.549342105263158
0.125 0.0078125 0.549342105263158
0.125 0.03125 0.549342105263158
0.125 0.125 0.549342105263158
0.125 0.5 0.549342105263158
0.125 2 0.532894736842105
0.125 8 0.625
0.5 3.0517578125E-05 0.549342105263158
0.5 0.0001220703125 0.549342105263158
0.5 0.00048828125 0.549342105263158
0.5 0.001953125 0.549342105263158
0.5 0.0078125 0.549342105263158
0.5 0.03125 0.549342105263158
0.5 0.125 0.549342105263158
0.5 0.5 0.582236842105263
0.5 2 0.664473684210526
0.5 8 0.723684210526316
2 3.0517578125E-05 0.549342105263158
2 0.0001220703125 0.549342105263158
2 0.00048828125 0.549342105263158
2 0.001953125 0.549342105263158
2 0.0078125 0.549342105263158
2 0.03125 0.549342105263158
2 0.125 0.588815789473684
2 0.5 0.736842105263158
2 2 0.8125
2 8 0.865131578947368
8 3.0517578125E-05 0.549342105263158
8 0.0001220703125 0.549342105263158
8 0.00048828125 0.549342105263158
8 0.001953125 0.549342105263158
8 0.0078125 0.549342105263158
8 0.03125 0.588815789473684
8 0.125 0.746710526315789
8 0.5 0.855263157894737
8 2 0.894736842105263
8 8 0.891447368421053
32 3.0517578125E-05 0.549342105263158
32 0.0001220703125 0.549342105263158
32 0.00048828125 0.549342105263158
32 0.001953125 0.549342105263158
32 0.0078125 0.592105263157895
32 0.03125 0.743421052631579
32 0.125 0.845394736842105
32 0.5 0.891447368421053
32 2 0.904605263157895
32 8 0.875
128 3.0517578125E-05 0.549342105263158
128 0.0001220703125 0.549342105263158
128 0.00048828125 0.549342105263158
128 0.001953125 0.585526315789474
128 0.0078125 0.766447368421053
128 0.03125 0.861842105263158
128 0.125 0.884868421052632
128 0.5 0.911184210526316
128 2 0.907894736842105
128 8 0.858552631578947
512 3.0517578125E-05 0.549342105263158
512 0.0001220703125 0.549342105263158
512 0.00048828125 0.588815789473684
512 0.001953125 0.769736842105263
512 0.0078125 0.858552631578947
512 0.03125 0.888157894736842
512 0.125 0.904605263157895
512 0.5 0.914473684210526
512 2 0.894736842105263
512 8 0.832236842105263
2048 3.0517578125E-05 0.549342105263158
2048 0.0001220703125 0.608552631578947
2048 0.00048828125 0.740131578947368
2048 0.001953125 0.868421052631579
2048 0.0078125 0.888157894736842
2048 0.03125 0.907894736842105
2048 0.125 0.921052631578947
2048 0.5 0.891447368421053
2048 2 0.868421052631579
2048 8 0.851973684210526
8192 3.0517578125E-05 0.595394736842105
8192 0.0001220703125 0.756578947368421
8192 0.00048828125 0.858552631578947
8192 0.001953125 0.878289473684211
8192 0.0078125 0.921052631578947
8192 0.03125 0.894736842105263
8192 0.125 0.888157894736842
8192 0.5 0.914473684210526
8192 2 0.865131578947368
8192 8 0.851973684210526
32768 3.0517578125E-05 0.766447368421053
32768 0.0001220703125 0.848684210526316
32768 0.00048828125 0.875
32768 0.001953125 0.917763157894737
32768 0.0078125 0.904605263157895
32768 0.03125 0.898026315789474
32768 0.125 0.898026315789474
32768 0.5 0.868421052631579
32768 2 0.832236842105263
32768 8 0.825657894736842
861.077929219804 0.0525560259533572 0.914473684210526
861.077929219804 0.0625 0.917763157894737
861.077929219804 0.0743254446876701 0.911184210526316
861.077929219804 0.0883883476483184 0.904605263157895
861.077929219804 0.105112051906714 0.914473684210526
861.077929219804 0.125 0.911184210526316
861.077929219804 0.14865088937534 0.914473684210526
861.077929219804 0.176776695296637 0.911184210526316
861.077929219804 0.210224103813429 0.911184210526316
861.077929219804 0.25 0.898026315789474
861.077929219804 0.29730177875068 0.891447368421053
1024 0.0525560259533572 0.907894736842105
1024 0.0625 0.914473684210526
1024 0.0743254446876701 0.917763157894737
1024 0.0883883476483184 0.917763157894737
1024 0.105112051906714 0.907894736842105
1024 0.125 0.907894736842105
1024 0.14865088937534 0.921052631578947
1024 0.176776695296637 0.904605263157895
1024 0.210224103813429 0.911184210526316
1024 0.25 0.901315789473684
1024 0.29730177875068 0.907894736842105
1217.74808576279 0.0525560259533572 0.911184210526316
1217.74808576279 0.0625 0.924342105263158
1217.74808576279 0.0743254446876701 0.904605263157895
1217.74808576279 0.0883883476483184 0.914473684210526
1217.74808576279 0.105112051906714 0.904605263157895
1217.74808576279 0.125 0.917763157894737
1217.74808576279 0.14865088937534 0.927631578947368
1217.74808576279 0.176776695296637 0.907894736842105
1217.74808576279 0.210224103813429 0.904605263157895
1217.74808576279 0.25 0.904605263157895
1217.74808576279 0.29730177875068 0.898026315789474
1448.15468787005 0.0525560259533572 0.914473684210526
1448.15468787005 0.0625 0.904605263157895
1448.15468787005 0.0743254446876701 0.917763157894737
1448.15468787005 0.0883883476483184 0.917763157894737
1448.15468787005 0.105112051906714 0.907894736842105
1448.15468787005 0.125 0.894736842105263
1448.15468787005 0.14865088937534 0.904605263157895
1448.15468787005 0.176776695296637 0.904605263157895
1448.15468787005 0.210224103813429 0.904605263157895
1448.15468787005 0.25 0.911184210526316
1448.15468787005 0.29730177875068 0.901315789473684
1722.15585843961 0.0525560259533572 0.914473684210526
1722.15585843961 0.0625 0.914473684210526
1722.15585843961 0.0743254446876701 0.917763157894737
1722.15585843961 0.0883883476483184 0.917763157894737
1722.15585843961 0.105112051906714 0.914473684210526
1722.15585843961 0.125 0.917763157894737
1722.15585843961 0.14865088937534 0.901315789473684
1722.15585843961 0.176776695296637 0.907894736842105
1722.15585843961 0.210224103813429 0.901315789473684
1722.15585843961 0.25 0.911184210526316
1722.15585843961 0.29730177875068 0.914473684210526
2435.49617152557 0.0525560259533572 0.904605263157895
2435.49617152557 0.0625 0.930921052631579
2435.49617152557 0.0743254446876701 0.911184210526316
2435.49617152557 0.0883883476483184 0.914473684210526
2435.49617152557 0.105112051906714 0.894736842105263
2435.49617152557 0.125 0.911184210526316
2435.49617152557 0.14865088937534 0.901315789473684
2435.49617152557 0.176776695296637 0.907894736842105
2435.49617152557 0.210224103813429 0.904605263157895
2435.49617152557 0.25 0.901315789473684
2435.49617152557 0.29730177875068 0.888157894736842
2896.3093757401 0.0525560259533572 0.907894736842105
2896.3093757401 0.0625 0.904605263157895
2896.3093757401 0.0743254446876701 0.921052631578947
2896.3093757401 0.0883883476483184 0.914473684210526
2896.3093757401 0.105112051906714 0.898026315789474
2896.3093757401 0.125 0.904605263157895
2896.3093757401 0.14865088937534 0.904605263157895
2896.3093757401 0.176776695296637 0.917763157894737
2896.3093757401 0.210224103813429 0.894736842105263
2896.3093757401 0.25 0.907894736842105
2896.3093757401 0.29730177875068 0.901315789473684
3444.31171687921 0.0525560259533572 0.907894736842105
3444.31171687921 0.0625 0.907894736842105
3444.31171687921 0.0743254446876701 0.911184210526316
3444.31171687921 0.0883883476483184 0.901315789473684
3444.31171687921 0.105112051906714 0.894736842105263
3444.31171687921 0.125 0.904605263157895
3444.31171687921 0.14865088937534 0.917763157894737
3444.31171687921 0.176776695296637 0.904605263157895
3444.31171687921 0.210224103813429 0.901315789473684
3444.31171687921 0.25 0.894736842105263
3444.31171687921 0.29730177875068 0.891447368421053
4096 0.0525560259533572 0.888157894736842
4096 0.0625 0.930921052631579
4096 0.0743254446876701 0.904605263157895
4096 0.0883883476483184 0.898026315789474
4096 0.105112051906714 0.891447368421053
4096 0.125 0.891447368421053
4096 0.14865088937534 0.888157894736842
4096 0.176776695296637 0.884868421052632
4096 0.210224103813429 0.884868421052632
4096 0.25 0.891447368421053
4096 0.29730177875068 0.901315789473684
4870.99234305115 0.0525560259533572 0.914473684210526
4870.99234305115 0.0625 0.901315789473684
4870.99234305115 0.0743254446876701 0.911184210526316
4870.99234305115 0.0883883476483184 0.917763157894737
4870.99234305115 0.105112051906714 0.901315789473684
4870.99234305115 0.125 0.904605263157895
4870.99234305115 0.14865088937534 0.901315789473684
4870.99234305115 0.176776695296637 0.894736842105263
4870.99234305115 0.210224103813429 0.907894736842105
4870.99234305115 0.25 0.898026315789474
4870.99234305115 0.29730177875068 0.888157894736842
