0.03125 3.0517578125E-05 0.551136363636364
0.03125 0.0001220703125 0.551136363636364
0.03125 0.00048828125 0.551136363636364
0.03125 0.001953125 0.551136363636364
0.03125 0.0078125 0.551136363636364
0.03125 0.03125 0.551136363636364
0.03125 0.125 0.551136363636364
0.03125 0.5 0.551136363636364
0.03125 2 0.551136363636364
0.03125 8 0.551136363636364
0.125 3.0517578125E-05 0.551136363636364
0.125 0.0001220703125 0.551136363636364
0.125 0.00048828125 0.551136363636364
0.125 0.001953125 0.551136363636364
0.125 0.0078125 0.551136363636364
0.125 0.03125 0.551136363636364
0.125 0.125 0.551136363636364
0.125 0.5 0.551136363636364
0.125 2 0.551136363636364
0.125 8 0.551136363636364
0.5 3.0517578125E-05 0.551136363636364
0.5 0.0001220703125 0.551136363636364
0.5 0.00048828125 0.551136363636364
0.5 0.001953125 0.551136363636364
0.5 0.0078125 0.551136363636364
0.5 0.03125 0.551136363636364
0.5 0.125 0.551136363636364
0.5 0.5 0.551136363636364
0.5 2 0.551136363636364
0.5 8 0.551136363636364
2 3.0517578125E-05 0.551136363636364
2 0.0001220703125 0.551136363636364
2 0.00048828125 0.551136363636364
2 0.001953125 0.551136363636364
2 0.0078125 0.551136363636364
2 0.03125 0.551136363636364
2 0.125 0.551136363636364
2 0.5 0.551136363636364
2 2 0.596590909090909
2 8 0.647727272727273
8 3.0517578125E-05 0.551136363636364
8 0.0001220703125 0.551136363636364
8 0.00048828125 0.551136363636364
8 0.001953125 0.551136363636364
8 0.0078125 0.551136363636364
8 0.03125 0.551136363636364
8 0.125 0.551136363636364
8 0.5 0.602272727272727
8 2 0.732954545454545
8 8 0.732954545454545
32 3.0517578125E-05 0.551136363636364
32 0.0001220703125 0.551136363636364
32 0.00048828125 0.551136363636364
32 0.001953125 0.551136363636364
32 0.0078125 0.551136363636364
32 0.03125 0.551136363636364
32 0.125 0.619318181818182
32 0.5 0.721590909090909
32 2 0.784090909090909
32 8 0.755681818181818
128 3.0517578125E-05 0.551136363636364
128 0.0001220703125 0.551136363636364
128 0.00048828125 0.551136363636364
128 0.001953125 0.551136363636364
128 0.0078125 0.551136363636364
128 0.03125 0.642045454545455
128 0.125 0.767045454545455
128 0.5 0.818181818181818
128 2 0.755681818181818
128 8 0.767045454545455
512 3.0517578125E-05 0.551136363636364
512 0.0001220703125 0.551136363636364
512 0.00048828125 0.551136363636364
512 0.001953125 0.551136363636364
512 0.0078125 0.613636363636364
512 0.03125 0.75
512 0.125 0.806818181818182
512 0.5 0.789772727272727
512 2 0.784090909090909
512 8 0.767045454545455
2048 3.0517578125E-05 0.551136363636364
2048 0.0001220703125 0.551136363636364
2048 0.00048828125 0.551136363636364
2048 0.001953125 0.619318181818182
2048 0.0078125 0.744318181818182
2048 0.03125 0.778409090909091
2048 0.125 0.761363636363636
2048 0.5 0.727272727272727
2048 2 0.801136363636364
2048 8 0.704545454545455
8192 3.0517578125E-05 0.551136363636364
8192 0.0001220703125 0.551136363636364
8192 0.00048828125 0.625
8192 0.001953125 0.75
8192 0.0078125 0.806818181818182
8192 0.03125 0.761363636363636
8192 0.125 0.767045454545455
8192 0.5 0.744318181818182
8192 2 0.767045454545455
8192 8 0.715909090909091
32768 3.0517578125E-05 0.551136363636364
32768 0.0001220703125 0.619318181818182
32768 0.00048828125 0.755681818181818
32768 0.001953125 0.8125
32768 0.0078125 0.789772727272727
32768 0.03125 0.801136363636364
32768 0.125 0.761363636363636
32768 0.5 0.744318181818182
32768 2 0.767045454545455
32768 8 0.738636363636364
53.8173705762377 0.210224103813429 0.715909090909091
53.8173705762377 0.25 0.6875
53.8173705762377 0.29730177875068 0.727272727272727
53.8173705762377 0.353553390593274 0.744318181818182
53.8173705762377 0.420448207626857 0.738636363636364
53.8173705762377 0.5 0.75
53.8173705762377 0.594603557501361 0.784090909090909
53.8173705762377 0.707106781186548 0.767045454545455
53.8173705762377 0.840896415253715 0.789772727272727
53.8173705762377 1 0.789772727272727
53.8173705762377 1.18920711500272 0.761363636363636
64 0.210224103813429 0.744318181818182
64 0.25 0.75
64 0.29730177875068 0.767045454545455
64 0.353553390593274 0.75
64 0.420448207626857 0.761363636363636
64 0.5 0.761363636363636
64 0.594603557501361 0.784090909090909
64 0.707106781186548 0.806818181818182
64 0.840896415253715 0.784090909090909
64 1 0.789772727272727
64 1.18920711500272 0.761363636363636
76.1092553601741 0.210224103813429 0.727272727272727
76.1092553601741 0.25 0.732954545454545
76.1092553601741 0.29730177875068 0.75
76.1092553601741 0.353553390593274 0.75
76.1092553601741 0.420448207626857 0.761363636363636
76.1092553601741 0.5 0.767045454545455
76.1092553601741 0.594603557501361 0.784090909090909
76.1092553601741 0.707106781186548 0.761363636363636
76.1092553601741 0.840896415253715 0.784090909090909
76.1092553601741 1 0.806818181818182
76.1092553601741 1.18920711500272 0.767045454545455
90.5096679918781 0.210224103813429 0.761363636363636
90.5096679918781 0.25 0.75
90.5096679918781 0.29730177875068 0.767045454545455
90.5096679918781 0.353553390593274 0.75
90.5096679918781 0.420448207626857 0.738636363636364
90.5096679918781 0.5 0.772727272727273
90.5096679918781 0.594603557501361 0.806818181818182
90.5096679918781 0.707106781186548 0.806818181818182
90.5096679918781 0.840896415253715 0.784090909090909
90.5096679918781 1 0.772727272727273
90.5096679918781 1.18920711500272 0.801136363636364
107.634741152475 0.210224103813429 0.75
107.634741152475 0.25 0.784090909090909
107.634741152475 0.29730177875068 0.761363636363636
107.634741152475 0.353553390593274 0.789772727272727
107.634741152475 0.420448207626857 0.823863636363636
107.634741152475 0.5 0.801136363636364
107.634741152475 0.594603557501361 0.772727272727273
107.634741152475 0.707106781186548 0.806818181818182
107.634741152475 0.840896415253715 0.772727272727273
107.634741152475 1 0.761363636363636
107.634741152475 1.18920711500272 0.789772727272727
152.218510720348 0.210224103813429 0.801136363636364
152.218510720348 0.25 0.75
152.218510720348 0.29730177875068 0.818181818181818
152.218510720348 0.353553390593274 0.806818181818182
152.218510720348 0.420448207626857 0.778409090909091
152.218510720348 0.5 0.801136363636364
152.218510720348 0.594603557501361 0.801136363636364
152.218510720348 0.707106781186548 0.778409090909091
152.218510720348 0.840896415253715 0.784090909090909
152.218510720348 1 0.789772727272727
152.218510720348 1.18920711500272 0.818181818181818
181.019335983756 0.210224103813429 0.801136363636364
181.019335983756 0.25 0.778409090909091
181.019335983756 0.29730177875068 0.784090909090909
181.019335983756 0.353553390593274 0.801136363636364
181.019335983756 0.420448207626857 0.801136363636364
181.019335983756 0.5 0.8125
181.019335983756 0.594603557501361 0.818181818181818
181.019335983756 0.707106781186548 0.801136363636364
181.019335983756 0.840896415253715 0.801136363636364
181.019335983756 1 0.778409090909091
181.019335983756 1.18920711500272 0.801136363636364
215.269482304951 0.210224103813429 0.767045454545455
215.269482304951 0.25 0.755681818181818
215.269482304951 0.29730177875068 0.806818181818182
215.269482304951 0.353553390593274 0.778409090909091
215.269482304951 0.420448207626857 0.818181818181818
215.269482304951 0.5 0.75
215.269482304951 0.594603557501361 0.772727272727273
215.269482304951 0.707106781186548 0.8125
215.269482304951 0.840896415253715 0.818181818181818
215.269482304951 1 0.801136363636364
215.269482304951 1.18920711500272 0.778409090909091
256 0.210224103813429 0.772727272727273
256 0.25 0.795454545454545
256 0.29730177875068 0.767045454545455
256 0.353553390593274 0.795454545454545
256 0.420448207626857 0.806818181818182
256 0.5 0.778409090909091
256 0.594603557501361 0.818181818181818
256 0.707106781186548 0.806818181818182
256 0.840896415253715 0.795454545454545
256 1 0.778409090909091
256 1.18920711500272 0.8125
304.437021440697 0.210224103813429 0.75
304.437021440697 0.25 0.75
304.437021440697 0.29730177875068 0.818181818181818
304.437021440697 0.353553390593274 0.8125
304.437021440697 0.420448207626857 0.806818181818182
304.437021440697 0.5 0.767045454545455
304.437021440697 0.594603557501361 0.744318181818182
304.437021440697 0.707106781186548 0.784090909090909
304.437021440697 0.840896415253715 0.801136363636364
304.437021440697 1 0.8125
304.437021440697 1.18920711500272 0.75
