0.03125 3.0517578125E-05 0.487179487179487
0.03125 0.0001220703125 0.487179487179487
0.03125 0.00048828125 0.487179487179487
0.03125 0.001953125 0.487179487179487
0.03125 0.0078125 0.487179487179487
0.03125 0.03125 0.487179487179487
0.03125 0.125 0.487179487179487
0.03125 0.5 0.487179487179487
0.03125 2 0.487179487179487
0.03125 8 0.487179487179487
0.125 3.0517578125E-05 0.487179487179487
0.125 0.0001220703125 0.487179487179487
0.125 0.00048828125 0.487179487179487
0.125 0.001953125 0.487179487179487
0.125 0.0078125 0.487179487179487
0.125 0.03125 0.487179487179487
0.125 0.125 0.487179487179487
0.125 0.5 0.487179487179487
0.125 2 0.487179487179487
0.125 8 0.487179487179487
0.5 3.0517578125E-05 0.487179487179487
0.5 0.0001220703125 0.487179487179487
0.5 0.00048828125 0.487179487179487
0.5 0.001953125 0.487179487179487
0.5 0.0078125 0.487179487179487
0.5 0.03125 0.487179487179487
0.5 0.125 0.487179487179487
0.5 0.5 0.487179487179487
0.5 2 0.471153846153846
0.5 8 0.474358974358974
2 3.0517578125E-05 0.487179487179487
2 0.0001220703125 0.487179487179487
2 0.00048828125 0.487179487179487
2 0.001953125 0.487179487179487
2 0.0078125 0.487179487179487
2 0.03125 0.487179487179487
2 0.125 0.467948717948718
2 0.5 0.467948717948718
2 2 0.496794871794872
2 8 0.538461538461538
8 3.0517578125E-05 0.487179487179487
8 0.0001220703125 0.487179487179487
8 0.00048828125 0.487179487179487
8 0.001953125 0.487179487179487
8 0.0078125 0.487179487179487
8 0.03125 0.487179487179487
8 0.125 0.483974358974359
8 0.5 0.512820512820513
8 2 0.612179487179487
8 8 0.631410256410256
32 3.0517578125E-05 0.487179487179487
32 0.0001220703125 0.487179487179487
32 0.00048828125 0.487179487179487
32 0.001953125 0.487179487179487
32 0.0078125 0.487179487179487
32 0.03125 0.480769230769231
32 0.125 0.483974358974359
32 0.5 0.621794871794872
32 2 0.730769230769231
32 8 0.733974358974359
128 3.0517578125E-05 0.487179487179487
128 0.0001220703125 0.487179487179487
128 0.00048828125 0.487179487179487
128 0.001953125 0.490384615384615
128 0.0078125 0.474358974358974
128 0.03125 0.55448717948718
128 0.125 0.663461538461538
128 0.5 0.737179487179487
128 2 0.766025641025641
128 8 0.753205128205128
512 3.0517578125E-05 0.487179487179487
512 0.0001220703125 0.487179487179487
512 0.00048828125 0.487179487179487
512 0.001953125 0.487179487179487
512 0.0078125 0.567307692307692
512 0.03125 0.67948717948718
512 0.125 0.766025641025641
512 0.5 0.798076923076923
512 2 0.80448717948718
512 8 0.788461538461538
2048 3.0517578125E-05 0.487179487179487
2048 0.0001220703125 0.483974358974359
2048 0.00048828125 0.493589743589744
2048 0.001953125 0.487179487179487
2048 0.0078125 0.682692307692308
2048 0.03125 0.782051282051282
2048 0.125 0.826923076923077
2048 0.5 0.823717948717949
2048 2 0.78525641025641
2048 8 0.759615384615385
8192 3.0517578125E-05 0.487179487179487
8192 0.0001220703125 0.474358974358974
8192 0.00048828125 0.538461538461538
8192 0.001953125 0.66025641025641
8192 0.0078125 0.778846153846154
8192 0.03125 0.82051282051282
8192 0.125 0.826923076923077
8192 0.5 0.83974358974359
8192 2 0.798076923076923
8192 8 0.762820512820513
32768 3.0517578125E-05 0.483974358974359
32768 0.0001220703125 0.522435897435897
32768 0.00048828125 0.653846153846154
32768 0.001953125 0.782051282051282
32768 0.0078125 0.833333333333333
32768 0.03125 0.833333333333333
32768 0.125 0.80448717948718
32768 0.5 0.807692307692308
32768 2 0.78525641025641
32768 8 0.753205128205128
3444.31171687921 0.210224103813429 0.810897435897436
3444.31171687921 0.25 0.807692307692308
3444.31171687921 0.29730177875068 0.823717948717949
3444.31171687921 0.353553390593274 0.82051282051282
3444.31171687921 0.420448207626857 0.801282051282051
3444.31171687921 0.5 0.794871794871795
3444.31171687921 0.594603557501361 0.823717948717949
3444.31171687921 0.707106781186548 0.836538461538462
3444.31171687921 0.840896415253715 0.823717948717949
3444.31171687921 1 0.80448717948718
3444.31171687921 1.18920711500272 0.807692307692308
4096 0.210224103813429 0.833333333333333
4096 0.25 0.826923076923077
4096 0.29730177875068 0.826923076923077
4096 0.353553390593274 0.798076923076923
4096 0.420448207626857 0.826923076923077
4096 0.5 0.823717948717949
4096 0.594603557501361 0.817307692307692
4096 0.707106781186548 0.82051282051282
4096 0.840896415253715 0.810897435897436
4096 1 0.814102564102564
4096 1.18920711500272 0.830128205128205
4870.99234305115 0.210224103813429 0.82051282051282
4870.99234305115 0.25 0.814102564102564
4870.99234305115 0.29730177875068 0.807692307692308
4870.99234305115 0.353553390593274 0.82051282051282
4870.99234305115 0.420448207626857 0.817307692307692
4870.99234305115 0.5 0.823717948717949
4870.99234305115 0.594603557501361 0.830128205128205
4870.99234305115 0.707106781186548 0.826923076923077
4870.99234305115 0.840896415253715 0.82051282051282
4870.99234305115 1 0.794871794871795
4870.99234305115 1.18920711500272 0.823717948717949
5792.6187514802 0.210224103813429 0.830128205128205
5792.6187514802 0.25 0.826923076923077
5792.6187514802 0.29730177875068 0.823717948717949
5792.6187514802 0.353553390593274 0.826923076923077
5792.6187514802 0.420448207626857 0.814102564102564
5792.6187514802 0.5 0.826923076923077
5792.6187514802 0.594603557501361 0.791666666666667
5792.6187514802 0.707106781186548 0.80448717948718
5792.6187514802 0.840896415253715 0.810897435897436
5792.6187514802 1 0.826923076923077
5792.6187514802 1.18920711500272 0.830128205128205
6888.62343375843 0.210224103813429 0.817307692307692
6888.62343375843 0.25 0.82051282051282
6888.62343375843 0.29730177875068 0.83974358974359
6888.62343375843 0.353553390593274 0.807692307692308
6888.62343375843 0.420448207626857 0.810897435897436
6888.62343375843 0.5 0.823717948717949
6888.62343375843 0.594603557501361 0.807692307692308
6888.62343375843 0.707106781186548 0.801282051282051
6888.62343375843 0.840896415253715 0.810897435897436
6888.62343375843 1 0.810897435897436
6888.62343375843 1.18920711500272 0.80448717948718
9741.98468610229 0.210224103813429 0.823717948717949
9741.98468610229 0.25 0.826923076923077
9741.98468610229 0.29730177875068 0.833333333333333
9741.98468610229 0.353553390593274 0.807692307692308
9741.98468610229 0.420448207626857 0.814102564102564
9741.98468610229 0.5 0.826923076923077
9741.98468610229 0.594603557501361 0.836538461538462
9741.98468610229 0.707106781186548 0.801282051282051
9741.98468610229 0.840896415253715 0.817307692307692
9741.98468610229 1 0.826923076923077
9741.98468610229 1.18920711500272 0.807692307692308
11585.2375029604 0.210224103813429 0.82051282051282
11585.2375029604 0.25 0.817307692307692
11585.2375029604 0.29730177875068 0.836538461538462
11585.2375029604 0.353553390593274 0.836538461538462
11585.2375029604 0.420448207626857 0.82051282051282
11585.2375029604 0.5 0.814102564102564
11585.2375029604 0.594603557501361 0.830128205128205
11585.2375029604 0.707106781186548 0.82051282051282
11585.2375029604 0.840896415253715 0.817307692307692
11585.2375029604 1 0.82051282051282
11585.2375029604 1.18920711500272 0.78525641025641
13777.2468675169 0.210224103813429 0.82051282051282
13777.2468675169 0.25 0.826923076923077
13777.2468675169 0.29730177875068 0.823717948717949
13777.2468675169 0.353553390593274 0.82051282051282
13777.2468675169 0.420448207626857 0.807692307692308
13777.2468675169 0.5 0.817307692307692
13777.2468675169 0.594603557501361 0.794871794871795
13777.2468675169 0.707106781186548 0.833333333333333
13777.2468675169 0.840896415253715 0.82051282051282
13777.2468675169 1 0.836538461538462
13777.2468675169 1.18920711500272 0.826923076923077
16384 0.210224103813429 0.810897435897436
16384 0.25 0.814102564102564
16384 0.29730177875068 0.823717948717949
16384 0.353553390593274 0.836538461538462
16384 0.420448207626857 0.823717948717949
16384 0.5 0.810897435897436
16384 0.594603557501361 0.78525641025641
16384 0.707106781186548 0.80448717948718
16384 0.840896415253715 0.817307692307692
16384 1 0.823717948717949
16384 1.18920711500272 0.794871794871795
19483.9693722046 0.210224103813429 0.830128205128205
19483.9693722046 0.25 0.830128205128205
19483.9693722046 0.29730177875068 0.82051282051282
19483.9693722046 0.353553390593274 0.823717948717949
19483.9693722046 0.420448207626857 0.82051282051282
19483.9693722046 0.5 0.810897435897436
19483.9693722046 0.594603557501361 0.814102564102564
19483.9693722046 0.707106781186548 0.826923076923077
19483.9693722046 0.840896415253715 0.826923076923077
19483.9693722046 1 0.80448717948718
19483.9693722046 1.18920711500272 0.817307692307692
