0.03125 3.0517578125E-05 0.436708860759494
0.03125 0.0001220703125 0.411392405063291
0.03125 0.00048828125 0.373417721518987
0.03125 0.001953125 0.373417721518987
0.03125 0.0078125 0.436708860759494
0.03125 0.03125 0.462025316455696
0.03125 0.125 0.430379746835443
0.03125 0.5 0.411392405063291
0.03125 2 0.417721518987342
0.03125 8 0.424050632911392
0.125 3.0517578125E-05 0.424050632911392
0.125 0.0001220703125 0.436708860759494
0.125 0.00048828125 0.436708860759494
0.125 0.001953125 0.411392405063291
0.125 0.0078125 0.436708860759494
0.125 0.03125 0.373417721518987
0.125 0.125 0.417721518987342
0.125 0.5 0.39873417721519
0.125 2 0.39873417721519
0.125 8 0.417721518987342
0.5 3.0517578125E-05 0.392405063291139
0.5 0.0001220703125 0.424050632911392
0.5 0.00048828125 0.424050632911392
0.5 0.001953125 0.373417721518987
0.5 0.0078125 0.436708860759494
0.5 0.03125 0.417721518987342
0.5 0.125 0.417721518987342
0.5 0.5 0.417721518987342
0.5 2 0.360759493670886
0.5 8 0.39873417721519
2 3.0517578125E-05 0.417721518987342
2 0.0001220703125 0.417721518987342
2 0.00048828125 0.449367088607595
2 0.001953125 0.411392405063291
2 0.0078125 0.430379746835443
2 0.03125 0.405063291139241
2 0.125 0.405063291139241
2 0.5 0.39873417721519
2 2 0.436708860759494
2 8 0.449367088607595
8 3.0517578125E-05 0.424050632911392
8 0.0001220703125 0.455696202531646
8 0.00048828125 0.455696202531646
8 0.001953125 0.424050632911392
8 0.0078125 0.424050632911392
8 0.03125 0.462025316455696
8 0.125 0.411392405063291
8 0.5 0.493670886075949
8 2 0.481012658227848
8 8 0.537974683544304
32 3.0517578125E-05 0.411392405063291
32 0.0001220703125 0.436708860759494
32 0.00048828125 0.411392405063291
32 0.001953125 0.430379746835443
32 0.0078125 0.424050632911392
32 0.03125 0.411392405063291
32 0.125 0.5
32 0.5 0.481012658227848
32 2 0.645569620253165
32 8 0.683544303797468
128 3.0517578125E-05 0.386075949367089
128 0.0001220703125 0.405063291139241
128 0.00048828125 0.462025316455696
128 0.001953125 0.405063291139241
128 0.0078125 0.443037974683544
128 0.03125 0.5
128 0.125 0.525316455696203
128 0.5 0.658227848101266
128 2 0.727848101265823
128 8 0.791139240506329
512 3.0517578125E-05 0.443037974683544
512 0.0001220703125 0.430379746835443
512 0.00048828125 0.405063291139241
512 0.001953125 0.417721518987342
512 0.0078125 0.506329113924051
512 0.03125 0.487341772151899
512 0.125 0.689873417721519
512 0.5 0.791139240506329
512 2 0.784810126582278
512 8 0.778481012658228
2048 3.0517578125E-05 0.436708860759494
2048 0.0001220703125 0.436708860759494
2048 0.00048828125 0.443037974683544
2048 0.001953125 0.506329113924051
2048 0.0078125 0.493670886075949
2048 0.03125 0.721518987341772
2048 0.125 0.778481012658228
2048 0.5 0.778481012658228
2048 2 0.791139240506329
2048 8 0.715189873417722
8192 3.0517578125E-05 0.417721518987342
8192 0.0001220703125 0.424050632911392
8192 0.00048828125 0.455696202531646
8192 0.001953125 0.531645569620253
8192 0.0078125 0.683544303797468
8192 0.03125 0.791139240506329
8192 0.125 0.80379746835443
8192 0.5 0.835443037974684
8192 2 0.778481012658228
8192 8 0.753164556962025
32768 3.0517578125E-05 0.449367088607595
32768 0.0001220703125 0.449367088607595
32768 0.00048828125 0.569620253164557
32768 0.001953125 0.727848101265823
32768 0.0078125 0.759493670886076
32768 0.03125 0.816455696202532
32768 0.125 0.79746835443038
32768 0.5 0.759493670886076
32768 2 0.765822784810127
32768 8 0.784810126582278
3444.31171687921 0.210224103813429 0.816455696202532
3444.31171687921 0.25 0.810126582278481
3444.31171687921 0.29730177875068 0.80379746835443
3444.31171687921 0.353553390593274 0.79746835443038
3444.31171687921 0.420448207626857 0.784810126582278
3444.31171687921 0.5 0.822784810126582
3444.31171687921 0.594603557501361 0.80379746835443
3444.31171687921 0.707106781186548 0.822784810126582
3444.31171687921 0.840896415253715 0.784810126582278
3444.31171687921 1 0.784810126582278
3444.31171687921 1.18920711500272 0.80379746835443
4096 0.210224103813429 0.80379746835443
4096 0.25 0.79746835443038
4096 0.29730177875068 0.791139240506329
4096 0.353553390593274 0.810126582278481
4096 0.420448207626857 0.772151898734177
4096 0.5 0.79746835443038
4096 0.594603557501361 0.810126582278481
4096 0.707106781186548 0.80379746835443
4096 0.840896415253715 0.822784810126582
4096 1 0.810126582278481
4096 1.18920711500272 0.778481012658228
4870.99234305115 0.210224103813429 0.829113924050633
4870.99234305115 0.25 0.778481012658228
4870.99234305115 0.29730177875068 0.810126582278481
4870.99234305115 0.353553390593274 0.810126582278481
4870.99234305115 0.420448207626857 0.80379746835443
4870.99234305115 0.5 0.816455696202532
4870.99234305115 0.594603557501361 0.80379746835443
4870.99234305115 0.707106781186548 0.778481012658228
4870.99234305115 0.840896415253715 0.829113924050633
4870.99234305115 1 0.79746835443038
4870.99234305115 1.18920711500272 0.79746835443038
5792.6187514802 0.210224103813429 0.835443037974684
5792.6187514802 0.25 0.778481012658228
5792.6187514802 0.29730177875068 0.829113924050633
5792.6187514802 0.353553390593274 0.80379746835443
5792.6187514802 0.420448207626857 0.822784810126582
5792.6187514802 0.5 0.772151898734177
5792.6187514802 0.594603557501361 0.80379746835443
5792.6187514802 0.707106781186548 0.80379746835443
5792.6187514802 0.840896415253715 0.791139240506329
5792.6187514802 1 0.772151898734177
5792.6187514802 1.18920711500272 0.79746835443038
6888.62343375843 0.210224103813429 0.79746835443038
6888.62343375843 0.25 0.79746835443038
6888.62343375843 0.29730177875068 0.829113924050633
6888.62343375843 0.353553390593274 0.79746835443038
6888.62343375843 0.420448207626857 0.829113924050633
6888.62343375843 0.5 0.79746835443038
6888.62343375843 0.594603557501361 0.79746835443038
6888.62343375843 0.707106781186548 0.79746835443038
6888.62343375843 0.840896415253715 0.772151898734177
6888.62343375843 1 0.784810126582278
6888.62343375843 1.18920711500272 0.753164556962025
9741.98468610229 0.210224103813429 0.79746835443038
9741.98468610229 0.25 0.810126582278481
9741.98468610229 0.29730177875068 0.79746835443038
9741.98468610229 0.353553390593274 0.778481012658228
9741.98468610229 0.420448207626857 0.829113924050633
9741.98468610229 0.5 0.791139240506329
9741.98468610229 0.594603557501361 0.772151898734177
9741.98468610229 0.707106781186548 0.778481012658228
9741.98468610229 0.840896415253715 0.791139240506329
9741.98468610229 1 0.753164556962025
9741.98468610229 1.18920711500272 0.778481012658228
11585.2375029604 0.210224103813429 0.79746835443038
11585.2375029604 0.25 0.79746835443038
11585.2375029604 0.29730177875068 0.80379746835443
11585.2375029604 0.353553390593274 0.810126582278481
11585.2375029604 0.420448207626857 0.80379746835443
11585.2375029604 0.5 0.816455696202532
11585.2375029604 0.594603557501361 0.79746835443038
11585.2375029604 0.707106781186548 0.80379746835443
11585.2375029604 0.840896415253715 0.778481012658228
11585.2375029604 1 0.746835443037975
11585.2375029604 1.18920711500272 0.772151898734177
13777.2468675169 0.210224103813429 0.80379746835443
13777.2468675169 0.25 0.784810126582278
13777.2468675169 0.29730177875068 0.778481012658228
13777.2468675169 0.353553390593274 0.841772151898734
13777.2468675169 0.420448207626857 0.80379746835443
13777.2468675169 0.5 0.784810126582278
13777.2468675169 0.594603557501361 0.79746835443038
13777.2468675169 0.707106781186548 0.765822784810127
13777.2468675169 0.840896415253715 0.778481012658228
13777.2468675169 1 0.772151898734177
13777.2468675169 1.18920711500272 0.740506329113924
16384 0.210224103813429 0.79746835443038
16384 0.25 0.816455696202532
16384 0.29730177875068 0.791139240506329
16384 0.353553390593274 0.772151898734177
16384 0.420448207626857 0.810126582278481
16384 0.5 0.79746835443038
16384 0.594603557501361 0.80379746835443
16384 0.707106781186548 0.772151898734177
16384 0.840896415253715 0.79746835443038
16384 1 0.778481012658228
16384 1.18920711500272 0.753164556962025
19483.9693722046 0.210224103813429 0.829113924050633
19483.9693722046 0.25 0.79746835443038
19483.9693722046 0.29730177875068 0.80379746835443
19483.9693722046 0.353553390593274 0.784810126582278
19483.9693722046 0.420448207626857 0.765822784810127
19483.9693722046 0.5 0.765822784810127
19483.9693722046 0.594603557501361 0.784810126582278
19483.9693722046 0.707106781186548 0.79746835443038
19483.9693722046 0.840896415253715 0.759493670886076
19483.9693722046 1 0.759493670886076
19483.9693722046 1.18920711500272 0.765822784810127
