0.03125 3.0517578125E-05 0.548983364140481
0.03125 0.0001220703125 0.548983364140481
0.03125 0.00048828125 0.548983364140481
0.03125 0.001953125 0.548983364140481
0.03125 0.0078125 0.548983364140481
0.03125 0.03125 0.548983364140481
0.03125 0.125 0.548983364140481
0.03125 0.5 0.548983364140481
0.03125 2 0.548983364140481
0.03125 8 0.548983364140481
0.125 3.0517578125E-05 0.548983364140481
0.125 0.0001220703125 0.548983364140481
0.125 0.00048828125 0.548983364140481
0.125 0.001953125 0.548983364140481
0.125 0.0078125 0.548983364140481
0.125 0.03125 0.548983364140481
0.125 0.125 0.548983364140481
0.125 0.5 0.548983364140481
0.125 2 0.548983364140481
0.125 8 0.548983364140481
0.5 3.0517578125E-05 0.548983364140481
0.5 0.0001220703125 0.548983364140481
0.5 0.00048828125 0.548983364140481
0.5 0.001953125 0.548983364140481
0.5 0.0078125 0.548983364140481
0.5 0.03125 0.548983364140481
0.5 0.125 0.548983364140481
0.5 0.5 0.548983364140481
0.5 2 0.571164510166359
0.5 8 0.622920517560074
2 3.0517578125E-05 0.548983364140481
2 0.0001220703125 0.548983364140481
2 0.00048828125 0.548983364140481
2 0.001953125 0.548983364140481
2 0.0078125 0.548983364140481
2 0.03125 0.548983364140481
2 0.125 0.548983364140481
2 0.5 0.585951940850277
2 2 0.66543438077634
2 8 0.695009242144177
8 3.0517578125E-05 0.548983364140481
8 0.0001220703125 0.548983364140481
8 0.00048828125 0.548983364140481
8 0.001953125 0.548983364140481
8 0.0078125 0.548983364140481
8 0.03125 0.548983364140481
8 0.125 0.589648798521257
8 0.5 0.67097966728281
8 2 0.713493530499076
8 8 0.731977818853974
32 3.0517578125E-05 0.548983364140481
32 0.0001220703125 0.548983364140481
32 0.00048828125 0.548983364140481
32 0.001953125 0.548983364140481
32 0.0078125 0.548983364140481
32 0.03125 0.593345656192237
32 0.125 0.682070240295749
32 0.5 0.724584103512015
32 2 0.756007393715342
32 8 0.7818853974122
128 3.0517578125E-05 0.548983364140481
128 0.0001220703125 0.548983364140481
128 0.00048828125 0.548983364140481
128 0.001953125 0.548983364140481
128 0.0078125 0.595194085027726
128 0.03125 0.685767097966728
128 0.125 0.719038817005545
128 0.5 0.77449168207024
128 2 0.791127541589649
128 8 0.805914972273567
512 3.0517578125E-05 0.548983364140481
512 0.0001220703125 0.548983364140481
512 0.00048828125 0.548983364140481
512 0.001953125 0.593345656192237
512 0.0078125 0.678373382624769
512 0.03125 0.715341959334566
512 0.125 0.77449168207024
512 0.5 0.792975970425139
512 2 0.820702402957486
512 8 0.841035120147874
2048 3.0517578125E-05 0.548983364140481
2048 0.0001220703125 0.548983364140481
2048 0.00048828125 0.593345656192237
2048 0.001953125 0.680221811460259
2048 0.0078125 0.719038817005545
2048 0.03125 0.767097966728281
2048 0.125 0.789279112754159
2048 0.5 0.826247689463956
2048 2 0.826247689463956
2048 8 0.826247689463956
8192 3.0517578125E-05 0.548983364140481
8192 0.0001220703125 0.593345656192237
8192 0.00048828125 0.689463955637708
8192 0.001953125 0.719038817005545
8192 0.0078125 0.763401109057301
8192 0.03125 0.796672828096118
8192 0.125 0.809611829944547
8192 0.5 0.820702402957486
8192 2 0.844731977818854
8192 8 0.792975970425139
32768 3.0517578125E-05 0.595194085027726
32768 0.0001220703125 0.687615526802218
32768 0.00048828125 0.726432532347505
32768 0.001953125 0.761552680221811
32768 0.0078125 0.77818853974122
32768 0.03125 0.798521256931608
32768 0.125 0.842883548983364
32768 0.5 0.842883548983364
32768 2 0.813308687615527
32768 8 0.792975970425139
3444.31171687921 0.840896415253715 0.831792975970425
3444.31171687921 1 0.822550831792976
3444.31171687921 1.18920711500272 0.831792975970425
3444.31171687921 1.4142135623731 0.837338262476895
3444.31171687921 1.68179283050743 0.837338262476895
3444.31171687921 2 0.826247689463956
3444.31171687921 2.37841423000544 0.846580406654344
3444.31171687921 2.82842712474619 0.841035120147874
3444.31171687921 3.36358566101486 0.822550831792976
3444.31171687921 4 0.829944547134935
3444.31171687921 4.75682846001088 0.804066543438078
4096 0.840896415253715 0.833641404805915
4096 1 0.848428835489834
4096 1.18920711500272 0.844731977818854
4096 1.4142135623731 0.829944547134935
4096 1.68179283050743 0.833641404805915
4096 2 0.831792975970425
4096 2.37841423000544 0.802218114602588
4096 2.82842712474619 0.839186691312384
4096 3.36358566101486 0.820702402957486
4096 4 0.815157116451017
4096 4.75682846001088 0.807763401109057
4870.99234305115 0.840896415253715 0.842883548983364
4870.99234305115 1 0.841035120147874
4870.99234305115 1.18920711500272 0.848428835489834
4870.99234305115 1.4142135623731 0.857670979667283
4870.99234305115 1.68179283050743 0.844731977818854
4870.99234305115 2 0.837338262476895
4870.99234305115 2.37841423000544 0.844731977818854
4870.99234305115 2.82842712474619 0.835489833641405
4870.99234305115 3.36358566101486 0.829944547134935
4870.99234305115 4 0.818853974121996
4870.99234305115 4.75682846001088 0.828096118299446
5792.6187514802 0.840896415253715 0.848428835489834
5792.6187514802 1 0.848428835489834
5792.6187514802 1.18920711500272 0.848428835489834
5792.6187514802 1.4142135623731 0.857670979667283
5792.6187514802 1.68179283050743 0.846580406654344
5792.6187514802 2 0.833641404805915
5792.6187514802 2.37841423000544 0.826247689463956
5792.6187514802 2.82842712474619 0.831792975970425
5792.6187514802 3.36358566101486 0.820702402957486
5792.6187514802 4 0.804066543438078
5792.6187514802 4.75682846001088 0.809611829944547
6888.62343375843 0.840896415253715 0.846580406654344
6888.62343375843 1 0.828096118299446
6888.62343375843 1.18920711500272 0.846580406654344
6888.62343375843 1.4142135623731 0.850277264325323
6888.62343375843 1.68179283050743 0.841035120147874
6888.62343375843 2 0.835489833641405
6888.62343375843 2.37841423000544 0.842883548983364
6888.62343375843 2.82842712474619 0.815157116451017
6888.62343375843 3.36358566101486 0.822550831792976
6888.62343375843 4 0.813308687615527
6888.62343375843 4.75682846001088 0.822550831792976
9741.98468610229 0.840896415253715 0.835489833641405
9741.98468610229 1 0.820702402957486
9741.98468610229 1.18920711500272 0.859519408502773
9741.98468610229 1.4142135623731 0.833641404805915
9741.98468610229 1.68179283050743 0.839186691312384
9741.98468610229 2 0.837338262476895
9741.98468610229 2.37841423000544 0.826247689463956
9741.98468610229 2.82842712474619 0.809611829944547
9741.98468610229 3.36358566101486 0.809611829944547
9741.98468610229 4 0.805914972273567
9741.98468610229 4.75682846001088 0.804066543438078
11585.2375029604 0.840896415253715 0.835489833641405
11585.2375029604 1 0.835489833641405
11585.2375029604 1.18920711500272 0.855822550831793
11585.2375029604 1.4142135623731 0.833641404805915
11585.2375029604 1.68179283050743 0.841035120147874
11585.2375029604 2 0.828096118299446
11585.2375029604 2.37841423000544 0.844731977818854
11585.2375029604 2.82842712474619 0.820702402957486
11585.2375029604 3.36358566101486 0.813308687615527
11585.2375029604 4 0.813308687615527
11585.2375029604 4.75682846001088 0.820702402957486
13777.2468675169 0.840896415253715 0.842883548983364
13777.2468675169 1 0.841035120147874
13777.2468675169 1.18920711500272 0.850277264325323
13777.2468675169 1.4142135623731 0.841035120147874
13777.2468675169 1.68179283050743 0.835489833641405
13777.2468675169 2 0.835489833641405
13777.2468675169 2.37841423000544 0.824399260628466
13777.2468675169 2.82842712474619 0.802218114602588
13777.2468675169 3.36358566101486 0.811460258780037
13777.2468675169 4 0.807763401109057
13777.2468675169 4.75682846001088 0.813308687615527
16384 0.840896415253715 0.829944547134935
16384 1 0.846580406654344
16384 1.18920711500272 0.844731977818854
16384 1.4142135623731 0.831792975970425
16384 1.68179283050743 0.831792975970425
16384 2 0.850277264325323
16384 2.37841423000544 0.833641404805915
16384 2.82842712474619 0.826247689463956
16384 3.36358566101486 0.802218114602588
16384 4 0.794824399260628
16384 4.75682846001088 0.792975970425139
19483.9693722046 0.840896415253715 0.859519408502773
19483.9693722046 1 0.848428835489834
19483.9693722046 1.18920711500272 0.848428835489834
19483.9693722046 1.4142135623731 0.852125693160813
19483.9693722046 1.68179283050743 0.826247689463956
19483.9693722046 2 0.822550831792976
19483.9693722046 2.37841423000544 0.833641404805915
19483.9693722046 2.82842712474619 0.811460258780037
19483.9693722046 3.36358566101486 0.820702402957486
19483.9693722046 4 0.818853974121996
19483.9693722046 4.75682846001088 0.785582255083179
