labels 1 0 -1
-1 -1 0.000236866037129051 0.0228701645355642 0.976892969427307 
-1 -1 3.67889521860495E-06 0.00269639404523998 0.997299927059541 
-1 -1 3.42325392384256E-06 0.00260486086775106 0.997391715878325 
-1 -1 3.38356140247205E-05 0.00826085988808653 0.991705304497889 
-1 -1 4.79032320621958E-05 0.00994209764506722 0.990009999122871 
-1 -1 3.21375111473316E-05 0.00813073480916128 0.991837127679691 
-1 -1 0.00028830892175915 0.0254704207924505 0.97424127028579 
-1 -1 9.70225037968686E-05 0.0927789424455512 0.907124035050652 
0 0 0.00374911841973244 0.992713208397768 0.00353767318249916 
0 0 0.00420381707393775 0.919856027915319 0.0759401550107435 
-1 -1 0.00104128711778757 0.137621129476066 0.861337583406147 
-1 -1 0.00231960736945185 0.43996364979668 0.557716742833869 
-1 -1 0.00144637078096775 0.463376848264345 0.535176780954687 
-1 -1 0.000950381906142866 0.124952944836023 0.874096673257835 
-1 0 0.00304677713120372 0.902752533483513 0.0942006893852835 
-1 -1 0.00171088339660382 0.272674185190025 0.725614931413372 
-1 -1 0.00216977581022536 0.390255202723436 0.607575021466339 
-1 -1 0.00237139462642293 0.47340192549907 0.524226679874507 
-1 -1 0.00228730430028747 0.488905021158151 0.508807674541562 
-1 0 0.00239885734971021 0.559689319090745 0.437911823559545 
-1 0 0.00278729201687799 0.71460552782631 0.282607180156811 
-1 0 0.00311975557618125 0.817445296209564 0.179434948214255 
-1 0 0.00285011538949377 0.839448301775551 0.157701582834955 
-1 0 0.00260765173438448 0.872620306376721 0.124772041888895 
-1 0 0.00247201885504623 0.907417739595704 0.0901102415492498 
-1 0 0.00238307724005393 0.937572243921098 0.0600446788388482 
-1 0 0.00222608972615837 0.957594547979735 0.0401793622941069 
-1 0 0.0022728699707771 0.975409651705469 0.0223174783237543 
-1 0 0.00230505893672301 0.986245483890575 0.0114494571727025 
-1 0 0.00232078518407625 0.992289817707387 0.00538939710853634 
-1 0 0.00235928911024468 0.995261669177007 0.00237904171274805 
-1 0 0.00230010390672855 0.996528229738331 0.00117166635494023 
-1 0 0.00218815503895045 0.997398833583555 0.000413011377494435 
-1 0 0.00207562871620039 0.997760487492832 0.000163883790967635 
-1 0 0.00194995309077021 0.997981342326204 6.87045830262335E-05 
-1 0 0.00180850518039268 0.99816016994878 3.13248708273091E-05 
-1 0 6.30716697990098E-07 0.999989867440391 9.50184291080643E-06 
-1 0 1.07668167103682E-07 0.9999944976504 5.39468143251212E-06 
-1 0 1.33516831409165E-07 0.999985874198729 1.39922844400524E-05 
-1 0 0.00183539758211737 0.99815704412994 7.55828794311091E-06 
-1 0 0.00161410834934307 0.998380294999428 5.5966512292711E-06 
-1 0 0.00141665783786251 0.998579144873468 4.19728866944826E-06 
-1 0 0.00125060771691781 0.998746168056151 3.22422693151968E-06 
-1 0 0.00111029729374572 0.99888713986167 2.5628445842753E-06 
-1 0 0.000991576519938948 0.999006358942583 2.06453747794298E-06 
-1 0 0.000888682477545344 0.999109639387652 1.67813480242275E-06 
-1 0 2.14603289462407E-06 0.999995187744314 2.6662227917919E-06 
-1 0 1.29098731850228E-07 0.999999616116211 2.54785057529706E-07 
-1 0 2.74811394097421E-08 0.99999983955461 1.32964250742402E-07 
-1 0 4.10689567046575E-08 0.99999980967235 1.49258693499079E-07 
-1 0 3.37240161300436E-07 0.999999158634785 5.04125054216227E-07 
-1 0 2.28985228450673E-06 0.999994872262318 2.83788539759764E-06 
-1 0 1.16317319377518E-07 0.999999644216011 2.39466670116874E-07 
-1 0 3.53407931230814E-08 0.99999982226938 1.42389826456233E-07 
-1 0 3.08672768168561E-08 0.999999832107604 1.37025119281151E-07 
-1 0 1.51013492123605E-08 0.999999866782439 1.18116211581587E-07 
-1 0 1.72441133053234E-07 0.999999520835655 3.06723212100022E-07 
-1 0 1.29920616946801E-07 0.999999614309352 2.55770030997433E-07 
0 0 6.60914723804794E-08 0.999999754647895 1.79260632655899E-07 
0 0 1.39200037803331E-07 0.999999593909494 2.66890468339971E-07 
0 0 0.00136035673683156 0.998635425624554 4.21763861404982E-06 
0 0 0.00268458844430403 0.997300655108148 1.47564475474913E-05 
-1 0 0.00223239001225383 0.997757371874152 1.02381135948055E-05 
-1 0 0.0018935440962143 0.998099065164408 7.39073937783026E-06 
-1 0 0.00162066735557437 0.998373892258464 5.44038596154026E-06 
-1 0 0.00139634366660938 0.998599591692758 4.06464063276313E-06 
-1 0 5.82906427769338E-07 0.999998618893299 7.98200273289541E-07 
-1 0 2.21917016956755E-07 0.999999412087088 3.65995894997874E-07 
1 0 0.0204405123716424 0.977407267747775 0.00215221988058265 
1 0 0.00661060062206572 0.993217473661282 0.000171925716652635 
1 0 0.0187632000853527 0.979724811451019 0.00151198846362763 
1 1 0.859022460812688 0.140387155115636 0.000590384071676015 
1 1 0.654921735631378 0.342133360986997 0.00294490338162469 
1 1 0.557955714582723 0.438620998480442 0.00342328693683522 
0 0 0.307996903541594 0.680236420434648 0.0117666760237585 
0 0 0.183845401043635 0.795889930438137 0.0202646685182284 
0 0 0.0944190990066267 0.884871290731487 0.0207096102618862 
1 0 0.0555835399236312 0.934102353968728 0.0103141061076407 
0 0 0.0718767920936563 0.921355111970666 0.00676809593567771 
0 0 0.0959044309874473 0.889545736206772 0.0145498328057802 
0 0 0.0355326352913395 0.956657995409241 0.00780936929941904 
0 0 0.0258045712818768 0.968633499531503 0.00556192918662025 
0 0 0.0493343625731039 0.94172504273223 0.00894059469466632 
0 0 0.0351437896856644 0.95876276818778 0.00609344212655577 
0 0 0.013255173162399 0.986117057479861 0.000627769357740205 
0 0 0.00976129975535761 0.989937831842073 0.000300868402569892 
0 0 0.0097728002267048 0.989619311115069 0.000607888658226022 
0 0 0.0149901692864184 0.984350361780891 0.000659468932690378 
0 0 0.0103612489959475 0.989406599311826 0.000232151692226612 
0 0 0.00817775080979095 0.991684601145439 0.000137648044770273 
0 0 0.00721388639653121 0.992678462578094 0.000107651025375171 
0 0 0.0046971143549195 0.995256591008161 4.62946369197049E-05 
0 0 0.0041061163781708 0.99585953874161 3.43448802196045E-05 
0 0 0.00182320237981957 0.998169992493541 6.80512663941809E-06 
0 0 1.54395422376634E-07 0.999999225742476 6.19862101526532E-07 
0 0 0.00298438233093474 0.99699760439583 1.8013273235041E-05 
0 0 0.00165830085961415 0.998336097471269 5.60166911713538E-06 
0 0 0.00455430407054024 0.995404230116074 4.14658133861774E-05 
0 0 0.00410962850251965 0.995856580827484 3.37906699963187E-05 
0 0 0.00138556051021156 0.998610483161461 3.9563283272597E-06 
0 0 0.00204981568265821 0.997941692875676 8.49144166613767E-06 
0 0 0.00181539500213629 0.998177922498122 6.68249974151336E-06 
0 0 1.00262380039713E-06 0.999997697110578 1.30026562127459E-06 
0 0 1.00515133800634E-06 0.999997691695854 1.30315280852065E-06 
0 0 0.00348616003645672 0.996488943599378 2.48963641648893E-05 
0 0 0.00246195934375828 0.997525707140452 1.23335157894207E-05 
0 0 0.00328799783358445 0.996684901125479 2.71010409361469E-05 
0 0 0.00753209367269115 0.992350804055805 0.000117102271503884 
0 0 0.00356563023430098 0.996408677763571 2.56920021282995E-05 
0 0 0.004385242993215 0.995576156904548 3.86001022369557E-05 
0 0 0.00303755722050402 0.996943865660446 1.8577119050022E-05 
-1 0 0.00213358732112329 0.997857198074394 9.21460448278679E-06 
-1 0 1.06261738253144E-06 0.999997565389978 1.3719926390469E-06 
-1 0 0.00206846591828915 0.997922868003965 8.66607774614662E-06 
-1 0 0.00171543224599972 0.998278580505164 5.9872488363981E-06 
-1 0 3.34190502060005E-07 0.999999165337948 5.0047155013641E-07 
-1 0 5.88978727754747E-07 0.999998605549477 8.05471795713489E-07 
-1 0 0.00298581245760183 0.996996284649648 1.79028927507106E-05 
-1 0 0.00114605550890197 0.998851202095965 2.7423951330648E-06 
-1 0 1.578294667304E-06 0.999996433443426 1.98826190638311E-06 
-1 0 3.2083271887987E-07 0.99999919469073 4.8447655082481E-07 
0 0 1.97493905761224E-07 0.999999465777934 3.36728160289529E-07 
0 0 1.88353691808752E-06 0.999995763699125 2.3527639567955E-06 
0 0 0.00089225064668097 0.999105810285066 1.93906825237047E-06 
0 0 0.00338413035054123 0.996592051710666 2.38179387932371E-05 
0 0 0.000994915766971257 0.999002850596234 2.23363679477447E-06 
0 0 8.28303568128229E-07 0.999998079969963 1.09172646850658E-06 
0 0 1.72252160979589E-06 0.999996117186572 2.16029181785503E-06 
