0.03125 3.0517578125E-05 0.533834586466165
0.03125 0.0001220703125 0.533834586466165
0.03125 0.00048828125 0.533834586466165
0.03125 0.001953125 0.533834586466165
0.03125 0.0078125 0.533834586466165
0.03125 0.03125 0.533834586466165
0.03125 0.125 0.533834586466165
0.03125 0.5 0.533834586466165
0.03125 2 0.533834586466165
0.03125 8 0.533834586466165
0.125 3.0517578125E-05 0.533834586466165
0.125 0.0001220703125 0.533834586466165
0.125 0.00048828125 0.533834586466165
0.125 0.001953125 0.533834586466165
0.125 0.0078125 0.533834586466165
0.125 0.03125 0.533834586466165
0.125 0.125 0.533834586466165
0.125 0.5 0.533834586466165
0.125 2 0.533834586466165
0.125 8 0.533834586466165
0.5 3.0517578125E-05 0.533834586466165
0.5 0.0001220703125 0.533834586466165
0.5 0.00048828125 0.533834586466165
0.5 0.001953125 0.533834586466165
0.5 0.0078125 0.533834586466165
0.5 0.03125 0.533834586466165
0.5 0.125 0.533834586466165
0.5 0.5 0.533834586466165
0.5 2 0.545112781954887
0.5 8 0.62406015037594
2 3.0517578125E-05 0.533834586466165
2 0.0001220703125 0.533834586466165
2 0.00048828125 0.533834586466165
2 0.001953125 0.533834586466165
2 0.0078125 0.533834586466165
2 0.03125 0.533834586466165
2 0.125 0.533834586466165
2 0.5 0.56015037593985
2 2 0.642857142857143
2 8 0.661654135338346
8 3.0517578125E-05 0.533834586466165
8 0.0001220703125 0.533834586466165
8 0.00048828125 0.533834586466165
8 0.001953125 0.533834586466165
8 0.0078125 0.533834586466165
8 0.03125 0.533834586466165
8 0.125 0.56015037593985
8 0.5 0.639097744360902
8 2 0.691729323308271
8 8 0.721804511278195
32 3.0517578125E-05 0.533834586466165
32 0.0001220703125 0.533834586466165
32 0.00048828125 0.533834586466165
32 0.001953125 0.533834586466165
32 0.0078125 0.533834586466165
32 0.03125 0.56015037593985
32 0.125 0.661654135338346
32 0.5 0.676691729323308
32 2 0.721804511278195
32 8 0.770676691729323
128 3.0517578125E-05 0.533834586466165
128 0.0001220703125 0.533834586466165
128 0.00048828125 0.533834586466165
128 0.001953125 0.533834586466165
128 0.0078125 0.56015037593985
128 0.03125 0.661654135338346
128 0.125 0.695488721804511
128 0.5 0.740601503759398
128 2 0.759398496240602
128 8 0.781954887218045
512 3.0517578125E-05 0.533834586466165
512 0.0001220703125 0.533834586466165
512 0.00048828125 0.533834586466165
512 0.001953125 0.56015037593985
512 0.0078125 0.665413533834586
512 0.03125 0.703007518796993
512 0.125 0.729323308270677
512 0.5 0.778195488721805
512 2 0.785714285714286
512 8 0.785714285714286
2048 3.0517578125E-05 0.533834586466165
2048 0.0001220703125 0.533834586466165
2048 0.00048828125 0.56390977443609
2048 0.001953125 0.657894736842105
2048 0.0078125 0.706766917293233
2048 0.03125 0.74812030075188
2048 0.125 0.766917293233083
2048 0.5 0.759398496240602
2048 2 0.815789473684211
2048 8 0.781954887218045
8192 3.0517578125E-05 0.533834586466165
8192 0.0001220703125 0.56390977443609
8192 0.00048828125 0.665413533834586
8192 0.001953125 0.714285714285714
8192 0.0078125 0.75187969924812
8192 0.03125 0.74812030075188
8192 0.125 0.778195488721805
8192 0.5 0.834586466165414
8192 2 0.81203007518797
8192 8 0.815789473684211
32768 3.0517578125E-05 0.56015037593985
32768 0.0001220703125 0.654135338345865
32768 0.00048828125 0.721804511278195
32768 0.001953125 0.740601503759398
32768 0.0078125 0.763157894736842
32768 0.03125 0.774436090225564
32768 0.125 0.785714285714286
32768 0.5 0.800751879699248
32768 2 0.800751879699248
32768 8 0.774436090225564
3444.31171687921 0.210224103813429 0.774436090225564
3444.31171687921 0.25 0.793233082706767
3444.31171687921 0.29730177875068 0.770676691729323
3444.31171687921 0.353553390593274 0.781954887218045
3444.31171687921 0.420448207626857 0.774436090225564
3444.31171687921 0.5 0.778195488721805
3444.31171687921 0.594603557501361 0.770676691729323
3444.31171687921 0.707106781186548 0.785714285714286
3444.31171687921 0.840896415253715 0.793233082706767
3444.31171687921 1 0.808270676691729
3444.31171687921 1.18920711500272 0.81203007518797
4096 0.210224103813429 0.793233082706767
4096 0.25 0.778195488721805
4096 0.29730177875068 0.774436090225564
4096 0.353553390593274 0.796992481203007
4096 0.420448207626857 0.774436090225564
4096 0.5 0.785714285714286
4096 0.594603557501361 0.815789473684211
4096 0.707106781186548 0.804511278195489
4096 0.840896415253715 0.81203007518797
4096 1 0.819548872180451
4096 1.18920711500272 0.789473684210526
4870.99234305115 0.210224103813429 0.789473684210526
4870.99234305115 0.25 0.789473684210526
4870.99234305115 0.29730177875068 0.770676691729323
4870.99234305115 0.353553390593274 0.774436090225564
4870.99234305115 0.420448207626857 0.774436090225564
4870.99234305115 0.5 0.804511278195489
4870.99234305115 0.594603557501361 0.785714285714286
4870.99234305115 0.707106781186548 0.81203007518797
4870.99234305115 0.840896415253715 0.819548872180451
4870.99234305115 1 0.81203007518797
4870.99234305115 1.18920711500272 0.804511278195489
5792.6187514802 0.210224103813429 0.759398496240602
5792.6187514802 0.25 0.796992481203007
5792.6187514802 0.29730177875068 0.793233082706767
5792.6187514802 0.353553390593274 0.793233082706767
5792.6187514802 0.420448207626857 0.793233082706767
5792.6187514802 0.5 0.781954887218045
5792.6187514802 0.594603557501361 0.781954887218045
5792.6187514802 0.707106781186548 0.808270676691729
5792.6187514802 0.840896415253715 0.81203007518797
5792.6187514802 1 0.804511278195489
5792.6187514802 1.18920711500272 0.819548872180451
6888.62343375843 0.210224103813429 0.774436090225564
6888.62343375843 0.25 0.793233082706767
6888.62343375843 0.29730177875068 0.789473684210526
6888.62343375843 0.353553390593274 0.770676691729323
6888.62343375843 0.420448207626857 0.793233082706767
6888.62343375843 0.5 0.793233082706767
6888.62343375843 0.594603557501361 0.785714285714286
6888.62343375843 0.707106781186548 0.808270676691729
6888.62343375843 0.840896415253715 0.796992481203007
6888.62343375843 1 0.808270676691729
6888.62343375843 1.18920711500272 0.830827067669173
9741.98468610229 0.210224103813429 0.75187969924812
9741.98468610229 0.25 0.778195488721805
9741.98468610229 0.29730177875068 0.759398496240602
9741.98468610229 0.353553390593274 0.789473684210526
9741.98468610229 0.420448207626857 0.793233082706767
9741.98468610229 0.5 0.800751879699248
9741.98468610229 0.594603557501361 0.830827067669173
9741.98468610229 0.707106781186548 0.781954887218045
9741.98468610229 0.840896415253715 0.819548872180451
9741.98468610229 1 0.834586466165414
9741.98468610229 1.18920711500272 0.804511278195489
11585.2375029604 0.210224103813429 0.778195488721805
11585.2375029604 0.25 0.81203007518797
11585.2375029604 0.29730177875068 0.793233082706767
11585.2375029604 0.353553390593274 0.763157894736842
11585.2375029604 0.420448207626857 0.815789473684211
11585.2375029604 0.5 0.81203007518797
11585.2375029604 0.594603557501361 0.827067669172932
11585.2375029604 0.707106781186548 0.804511278195489
11585.2375029604 0.840896415253715 0.796992481203007
11585.2375029604 1 0.789473684210526
11585.2375029604 1.18920711500272 0.804511278195489
13777.2468675169 0.210224103813429 0.759398496240602
13777.2468675169 0.25 0.778195488721805
13777.2468675169 0.29730177875068 0.793233082706767
13777.2468675169 0.353553390593274 0.789473684210526
13777.2468675169 0.420448207626857 0.819548872180451
13777.2468675169 0.5 0.823308270676692
13777.2468675169 0.594603557501361 0.823308270676692
13777.2468675169 0.707106781186548 0.81203007518797
13777.2468675169 0.840896415253715 0.815789473684211
13777.2468675169 1 0.808270676691729
13777.2468675169 1.18920711500272 0.830827067669173
16384 0.210224103813429 0.785714285714286
16384 0.25 0.808270676691729
16384 0.29730177875068 0.796992481203007
16384 0.353553390593274 0.800751879699248
16384 0.420448207626857 0.800751879699248
16384 0.5 0.778195488721805
16384 0.594603557501361 0.81203007518797
16384 0.707106781186548 0.819548872180451
16384 0.840896415253715 0.819548872180451
16384 1 0.827067669172932
16384 1.18920711500272 0.793233082706767
19483.9693722046 0.210224103813429 0.800751879699248
19483.9693722046 0.25 0.789473684210526
19483.9693722046 0.29730177875068 0.789473684210526
19483.9693722046 0.353553390593274 0.789473684210526
19483.9693722046 0.420448207626857 0.819548872180451
19483.9693722046 0.5 0.830827067669173
19483.9693722046 0.594603557501361 0.834586466165414
19483.9693722046 0.707106781186548 0.770676691729323
19483.9693722046 0.840896415253715 0.81203007518797
19483.9693722046 1 0.815789473684211
19483.9693722046 1.18920711500272 0.800751879699248
