labels 1 0 -1
-1 -1 2.96130012815955E-06 0.00202816078391504 0.997968877915957 
-1 -1 2.35194913023055E-05 0.00695132216978592 0.993025158338912 
-1 -1 4.63475512392053E-05 0.00983905873146417 0.990114593717297 
-1 -1 7.83348359127306E-05 0.0128936216050472 0.98702804355904 
-1 -1 0.000112846798398579 0.0155752397471678 0.984311913454433 
-1 -1 0.000161958614787451 0.0187961052322271 0.981041936152985 
-1 -1 0.000246486919209301 0.0234440084144091 0.976309504666382 
-1 -1 3.42176247045191E-05 0.00818652744902698 0.991779254926269 
-1 -1 1.13069215914218E-05 0.00415191789380789 0.995836775184601 
