0.03125 3.0517578125E-05 0.552083333333333
0.03125 0.0001220703125 0.552083333333333
0.03125 0.00048828125 0.552083333333333
0.03125 0.001953125 0.552083333333333
0.03125 0.0078125 0.552083333333333
0.03125 0.03125 0.552083333333333
0.03125 0.125 0.552083333333333
0.03125 0.5 0.552083333333333
0.03125 2 0.552083333333333
0.03125 8 0.552083333333333
0.125 3.0517578125E-05 0.552083333333333
0.125 0.0001220703125 0.552083333333333
0.125 0.00048828125 0.552083333333333
0.125 0.001953125 0.552083333333333
0.125 0.0078125 0.552083333333333
0.125 0.03125 0.552083333333333
0.125 0.125 0.552083333333333
0.125 0.5 0.552083333333333
0.125 2 0.552083333333333
0.125 8 0.552083333333333
0.5 3.0517578125E-05 0.552083333333333
0.5 0.0001220703125 0.552083333333333
0.5 0.00048828125 0.552083333333333
0.5 0.001953125 0.552083333333333
0.5 0.0078125 0.552083333333333
0.5 0.03125 0.552083333333333
0.5 0.125 0.552083333333333
0.5 0.5 0.552083333333333
0.5 2 0.546875
0.5 8 0.682291666666667
2 3.0517578125E-05 0.552083333333333
2 0.0001220703125 0.552083333333333
2 0.00048828125 0.552083333333333
2 0.001953125 0.552083333333333
2 0.0078125 0.552083333333333
2 0.03125 0.552083333333333
2 0.125 0.552083333333333
2 0.5 0.588541666666667
2 2 0.723958333333333
2 8 0.760416666666667
8 3.0517578125E-05 0.552083333333333
8 0.0001220703125 0.552083333333333
8 0.00048828125 0.552083333333333
8 0.001953125 0.552083333333333
8 0.0078125 0.552083333333333
8 0.03125 0.536458333333333
8 0.125 0.609375
8 0.5 0.739583333333333
8 2 0.786458333333333
8 8 0.791666666666667
32 3.0517578125E-05 0.552083333333333
32 0.0001220703125 0.552083333333333
32 0.00048828125 0.552083333333333
32 0.001953125 0.552083333333333
32 0.0078125 0.53125
32 0.03125 0.635416666666667
32 0.125 0.760416666666667
32 0.5 0.8125
32 2 0.786458333333333
32 8 0.791666666666667
128 3.0517578125E-05 0.552083333333333
128 0.0001220703125 0.552083333333333
128 0.00048828125 0.552083333333333
128 0.001953125 0.536458333333333
128 0.0078125 0.609375
128 0.03125 0.75
128 0.125 0.765625
128 0.5 0.802083333333333
128 2 0.838541666666667
128 8 0.8125
512 3.0517578125E-05 0.552083333333333
512 0.0001220703125 0.552083333333333
512 0.00048828125 0.5625
512 0.001953125 0.604166666666667
512 0.0078125 0.755208333333333
512 0.03125 0.807291666666667
512 0.125 0.817708333333333
512 0.5 0.869791666666667
512 2 0.822916666666667
512 8 0.828125
2048 3.0517578125E-05 0.552083333333333
2048 0.0001220703125 0.552083333333333
2048 0.00048828125 0.614583333333333
2048 0.001953125 0.75
2048 0.0078125 0.802083333333333
2048 0.03125 0.817708333333333
2048 0.125 0.875
2048 0.5 0.90625
2048 2 0.822916666666667
2048 8 0.770833333333333
8192 3.0517578125E-05 0.546875
8192 0.0001220703125 0.614583333333333
8192 0.00048828125 0.770833333333333
8192 0.001953125 0.776041666666667
8192 0.0078125 0.828125
8192 0.03125 0.864583333333333
8192 0.125 0.848958333333333
8192 0.5 0.854166666666667
8192 2 0.8125
8192 8 0.786458333333333
32768 3.0517578125E-05 0.619791666666667
32768 0.0001220703125 0.75
32768 0.00048828125 0.802083333333333
32768 0.001953125 0.817708333333333
32768 0.0078125 0.864583333333333
32768 0.03125 0.875
32768 0.125 0.848958333333333
32768 0.5 0.859375
32768 2 0.828125
32768 8 0.8125
861.077929219804 0.210224103813429 0.880208333333333
861.077929219804 0.25 0.864583333333333
861.077929219804 0.29730177875068 0.859375
861.077929219804 0.353553390593274 0.869791666666667
861.077929219804 0.420448207626857 0.864583333333333
861.077929219804 0.5 0.875
861.077929219804 0.594603557501361 0.869791666666667
861.077929219804 0.707106781186548 0.854166666666667
861.077929219804 0.840896415253715 0.833333333333333
861.077929219804 1 0.864583333333333
861.077929219804 1.18920711500272 0.838541666666667
1024 0.210224103813429 0.864583333333333
1024 0.25 0.859375
1024 0.29730177875068 0.859375
1024 0.353553390593274 0.864583333333333
1024 0.420448207626857 0.84375
1024 0.5 0.875
1024 0.594603557501361 0.869791666666667
1024 0.707106781186548 0.880208333333333
1024 0.840896415253715 0.859375
1024 1 0.817708333333333
1024 1.18920711500272 0.848958333333333
1217.74808576279 0.210224103813429 0.880208333333333
1217.74808576279 0.25 0.859375
1217.74808576279 0.29730177875068 0.84375
1217.74808576279 0.353553390593274 0.880208333333333
1217.74808576279 0.420448207626857 0.890625
1217.74808576279 0.5 0.875
1217.74808576279 0.594603557501361 0.848958333333333
1217.74808576279 0.707106781186548 0.864583333333333
1217.74808576279 0.840896415253715 0.84375
1217.74808576279 1 0.854166666666667
1217.74808576279 1.18920711500272 0.864583333333333
1448.15468787005 0.210224103813429 0.895833333333333
1448.15468787005 0.25 0.880208333333333
1448.15468787005 0.29730177875068 0.90625
1448.15468787005 0.353553390593274 0.875
1448.15468787005 0.420448207626857 0.880208333333333
1448.15468787005 0.5 0.859375
1448.15468787005 0.594603557501361 0.875
1448.15468787005 0.707106781186548 0.854166666666667
1448.15468787005 0.840896415253715 0.854166666666667
1448.15468787005 1 0.859375
1448.15468787005 1.18920711500272 0.822916666666667
1722.15585843961 0.210224103813429 0.869791666666667
1722.15585843961 0.25 0.880208333333333
1722.15585843961 0.29730177875068 0.880208333333333
1722.15585843961 0.353553390593274 0.895833333333333
1722.15585843961 0.420448207626857 0.895833333333333
1722.15585843961 0.5 0.84375
1722.15585843961 0.594603557501361 0.885416666666667
1722.15585843961 0.707106781186548 0.859375
1722.15585843961 0.840896415253715 0.854166666666667
1722.15585843961 1 0.848958333333333
1722.15585843961 1.18920711500272 0.828125
2435.49617152557 0.210224103813429 0.895833333333333
2435.49617152557 0.25 0.869791666666667
2435.49617152557 0.29730177875068 0.90625
2435.49617152557 0.353553390593274 0.890625
2435.49617152557 0.420448207626857 0.885416666666667
2435.49617152557 0.5 0.869791666666667
2435.49617152557 0.594603557501361 0.848958333333333
2435.49617152557 0.707106781186548 0.848958333333333
2435.49617152557 0.840896415253715 0.817708333333333
2435.49617152557 1 0.822916666666667
2435.49617152557 1.18920711500272 0.807291666666667
2896.3093757401 0.210224103813429 0.885416666666667
2896.3093757401 0.25 0.885416666666667
2896.3093757401 0.29730177875068 0.859375
2896.3093757401 0.353553390593274 0.859375
2896.3093757401 0.420448207626857 0.869791666666667
2896.3093757401 0.5 0.859375
2896.3093757401 0.594603557501361 0.859375
2896.3093757401 0.707106781186548 0.828125
2896.3093757401 0.840896415253715 0.848958333333333
2896.3093757401 1 0.875
2896.3093757401 1.18920711500272 0.838541666666667
3444.31171687921 0.210224103813429 0.880208333333333
3444.31171687921 0.25 0.880208333333333
3444.31171687921 0.29730177875068 0.880208333333333
3444.31171687921 0.353553390593274 0.895833333333333
3444.31171687921 0.420448207626857 0.864583333333333
3444.31171687921 0.5 0.890625
3444.31171687921 0.594603557501361 0.854166666666667
3444.31171687921 0.707106781186548 0.848958333333333
3444.31171687921 0.840896415253715 0.854166666666667
3444.31171687921 1 0.848958333333333
3444.31171687921 1.18920711500272 0.859375
4096 0.210224103813429 0.864583333333333
4096 0.25 0.885416666666667
4096 0.29730177875068 0.848958333333333
4096 0.353553390593274 0.869791666666667
4096 0.420448207626857 0.864583333333333
4096 0.5 0.828125
4096 0.594603557501361 0.833333333333333
4096 0.707106781186548 0.859375
4096 0.840896415253715 0.84375
4096 1 0.869791666666667
4096 1.18920711500272 0.848958333333333
4870.99234305115 0.210224103813429 0.901041666666667
4870.99234305115 0.25 0.859375
4870.99234305115 0.29730177875068 0.84375
4870.99234305115 0.353553390593274 0.885416666666667
4870.99234305115 0.420448207626857 0.848958333333333
4870.99234305115 0.5 0.822916666666667
4870.99234305115 0.594603557501361 0.859375
4870.99234305115 0.707106781186548 0.854166666666667
4870.99234305115 0.840896415253715 0.84375
4870.99234305115 1 0.880208333333333
4870.99234305115 1.18920711500272 0.848958333333333
