0.03125 3.0517578125E-05 0.502222222222222
0.03125 0.0001220703125 0.502222222222222
0.03125 0.00048828125 0.502222222222222
0.03125 0.001953125 0.502222222222222
0.03125 0.0078125 0.502222222222222
0.03125 0.03125 0.502222222222222
0.03125 0.125 0.502222222222222
0.03125 0.5 0.502222222222222
0.03125 2 0.502222222222222
0.03125 8 0.502222222222222
0.125 3.0517578125E-05 0.502222222222222
0.125 0.0001220703125 0.502222222222222
0.125 0.00048828125 0.502222222222222
0.125 0.001953125 0.502222222222222
0.125 0.0078125 0.502222222222222
0.125 0.03125 0.502222222222222
0.125 0.125 0.502222222222222
0.125 0.5 0.502222222222222
0.125 2 0.502222222222222
0.125 8 0.595555555555556
0.5 3.0517578125E-05 0.502222222222222
0.5 0.0001220703125 0.502222222222222
0.5 0.00048828125 0.502222222222222
0.5 0.001953125 0.502222222222222
0.5 0.0078125 0.502222222222222
0.5 0.03125 0.502222222222222
0.5 0.125 0.502222222222222
0.5 0.5 0.546666666666667
0.5 2 0.622222222222222
0.5 8 0.666666666666667
2 3.0517578125E-05 0.502222222222222
2 0.0001220703125 0.502222222222222
2 0.00048828125 0.502222222222222
2 0.001953125 0.502222222222222
2 0.0078125 0.502222222222222
2 0.03125 0.502222222222222
2 0.125 0.533333333333333
2 0.5 0.631111111111111
2 2 0.724444444444444
2 8 0.737777777777778
8 3.0517578125E-05 0.502222222222222
8 0.0001220703125 0.502222222222222
8 0.00048828125 0.502222222222222
8 0.001953125 0.502222222222222
8 0.0078125 0.502222222222222
8 0.03125 0.542222222222222
8 0.125 0.64
8 0.5 0.733333333333333
8 2 0.817777777777778
8 8 0.8
32 3.0517578125E-05 0.502222222222222
32 0.0001220703125 0.502222222222222
32 0.00048828125 0.502222222222222
32 0.001953125 0.502222222222222
32 0.0078125 0.568888888888889
32 0.03125 0.648888888888889
32 0.125 0.76
32 0.5 0.822222222222222
32 2 0.862222222222222
32 8 0.831111111111111
128 3.0517578125E-05 0.502222222222222
128 0.0001220703125 0.502222222222222
128 0.00048828125 0.502222222222222
128 0.001953125 0.546666666666667
128 0.0078125 0.644444444444444
128 0.03125 0.76
128 0.125 0.857777777777778
128 0.5 0.862222222222222
128 2 0.857777777777778
128 8 0.835555555555556
512 3.0517578125E-05 0.502222222222222
512 0.0001220703125 0.502222222222222
512 0.00048828125 0.52
512 0.001953125 0.626666666666667
512 0.0078125 0.791111111111111
512 0.03125 0.871111111111111
512 0.125 0.862222222222222
512 0.5 0.871111111111111
512 2 0.928888888888889
512 8 0.88
2048 3.0517578125E-05 0.502222222222222
2048 0.0001220703125 0.564444444444444
2048 0.00048828125 0.635555555555556
2048 0.001953125 0.795555555555556
2048 0.0078125 0.888888888888889
2048 0.03125 0.875555555555556
2048 0.125 0.871111111111111
2048 0.5 0.893333333333333
2048 2 0.911111111111111
2048 8 0.857777777777778
8192 3.0517578125E-05 0.546666666666667
8192 0.0001220703125 0.631111111111111
8192 0.00048828125 0.8
8192 0.001953125 0.848888888888889
8192 0.0078125 0.862222222222222
8192 0.03125 0.866666666666667
8192 0.125 0.875555555555556
8192 0.5 0.915555555555556
8192 2 0.866666666666667
8192 8 0.831111111111111
32768 3.0517578125E-05 0.64
32768 0.0001220703125 0.782222222222222
32768 0.00048828125 0.857777777777778
32768 0.001953125 0.893333333333333
32768 0.0078125 0.888888888888889
32768 0.03125 0.897777777777778
32768 0.125 0.911111111111111
32768 0.5 0.884444444444444
32768 2 0.857777777777778
32768 8 0.84
215.269482304951 0.840896415253715 0.875555555555556
215.269482304951 1 0.866666666666667
215.269482304951 1.18920711500272 0.866666666666667
215.269482304951 1.4142135623731 0.88
215.269482304951 1.68179283050743 0.862222222222222
215.269482304951 2 0.848888888888889
215.269482304951 2.37841423000544 0.871111111111111
215.269482304951 2.82842712474619 0.897777777777778
215.269482304951 3.36358566101486 0.888888888888889
215.269482304951 4 0.888888888888889
215.269482304951 4.75682846001088 0.893333333333333
256 0.840896415253715 0.888888888888889
256 1 0.853333333333333
256 1.18920711500272 0.88
256 1.4142135623731 0.888888888888889
256 1.68179283050743 0.906666666666667
256 2 0.884444444444444
256 2.37841423000544 0.88
256 2.82842712474619 0.884444444444444
256 3.36358566101486 0.893333333333333
256 4 0.871111111111111
256 4.75682846001088 0.862222222222222
304.437021440697 0.840896415253715 0.871111111111111
304.437021440697 1 0.88
304.437021440697 1.18920711500272 0.871111111111111
304.437021440697 1.4142135623731 0.888888888888889
304.437021440697 1.68179283050743 0.866666666666667
304.437021440697 2 0.857777777777778
304.437021440697 2.37841423000544 0.893333333333333
304.437021440697 2.82842712474619 0.888888888888889
304.437021440697 3.36358566101486 0.893333333333333
304.437021440697 4 0.888888888888889
304.437021440697 4.75682846001088 0.902222222222222
362.038671967512 0.840896415253715 0.857777777777778
362.038671967512 1 0.897777777777778
362.038671967512 1.18920711500272 0.893333333333333
362.038671967512 1.4142135623731 0.915555555555556
362.038671967512 1.68179283050743 0.875555555555556
362.038671967512 2 0.906666666666667
362.038671967512 2.37841423000544 0.875555555555556
362.038671967512 2.82842712474619 0.902222222222222
362.038671967512 3.36358566101486 0.888888888888889
362.038671967512 4 0.871111111111111
362.038671967512 4.75682846001088 0.862222222222222
430.538964609902 0.840896415253715 0.88
430.538964609902 1 0.871111111111111
430.538964609902 1.18920711500272 0.871111111111111
430.538964609902 1.4142135623731 0.906666666666667
430.538964609902 1.68179283050743 0.857777777777778
430.538964609902 2 0.893333333333333
430.538964609902 2.37841423000544 0.88
430.538964609902 2.82842712474619 0.88
430.538964609902 3.36358566101486 0.893333333333333
430.538964609902 4 0.848888888888889
430.538964609902 4.75682846001088 0.902222222222222
608.874042881393 0.840896415253715 0.875555555555556
608.874042881393 1 0.884444444444444
608.874042881393 1.18920711500272 0.893333333333333
608.874042881393 1.4142135623731 0.888888888888889
608.874042881393 1.68179283050743 0.902222222222222
608.874042881393 2 0.924444444444444
608.874042881393 2.37841423000544 0.897777777777778
608.874042881393 2.82842712474619 0.875555555555556
608.874042881393 3.36358566101486 0.884444444444444
608.874042881393 4 0.875555555555556
608.874042881393 4.75682846001088 0.875555555555556
724.077343935025 0.840896415253715 0.897777777777778
724.077343935025 1 0.88
724.077343935025 1.18920711500272 0.88
724.077343935025 1.4142135623731 0.902222222222222
724.077343935025 1.68179283050743 0.875555555555556
724.077343935025 2 0.902222222222222
724.077343935025 2.37841423000544 0.875555555555556
724.077343935025 2.82842712474619 0.924444444444444
724.077343935025 3.36358566101486 0.902222222222222
724.077343935025 4 0.906666666666667
724.077343935025 4.75682846001088 0.902222222222222
861.077929219804 0.840896415253715 0.888888888888889
861.077929219804 1 0.893333333333333
861.077929219804 1.18920711500272 0.871111111111111
861.077929219804 1.4142135623731 0.897777777777778
861.077929219804 1.68179283050743 0.871111111111111
861.077929219804 2 0.906666666666667
861.077929219804 2.37841423000544 0.871111111111111
861.077929219804 2.82842712474619 0.902222222222222
861.077929219804 3.36358566101486 0.902222222222222
861.077929219804 4 0.871111111111111
861.077929219804 4.75682846001088 0.84
1024 0.840896415253715 0.897777777777778
1024 1 0.897777777777778
1024 1.18920711500272 0.88
1024 1.4142135623731 0.866666666666667
1024 1.68179283050743 0.897777777777778
1024 2 0.906666666666667
1024 2.37841423000544 0.902222222222222
1024 2.82842712474619 0.92
1024 3.36358566101486 0.866666666666667
1024 4 0.888888888888889
1024 4.75682846001088 0.897777777777778
1217.74808576279 0.840896415253715 0.88
1217.74808576279 1 0.911111111111111
1217.74808576279 1.18920711500272 0.915555555555556
1217.74808576279 1.4142135623731 0.915555555555556
1217.74808576279 1.68179283050743 0.888888888888889
1217.74808576279 2 0.911111111111111
1217.74808576279 2.37841423000544 0.928888888888889
1217.74808576279 2.82842712474619 0.871111111111111
1217.74808576279 3.36358566101486 0.906666666666667
1217.74808576279 4 0.862222222222222
1217.74808576279 4.75682846001088 0.875555555555556
