0.03125 3.0517578125E-05 0.568527918781726
0.03125 0.0001220703125 0.568527918781726
0.03125 0.00048828125 0.568527918781726
0.03125 0.001953125 0.568527918781726
0.03125 0.0078125 0.568527918781726
0.03125 0.03125 0.568527918781726
0.03125 0.125 0.568527918781726
0.03125 0.5 0.568527918781726
0.03125 2 0.568527918781726
0.03125 8 0.568527918781726
0.125 3.0517578125E-05 0.568527918781726
0.125 0.0001220703125 0.568527918781726
0.125 0.00048828125 0.568527918781726
0.125 0.001953125 0.568527918781726
0.125 0.0078125 0.568527918781726
0.125 0.03125 0.568527918781726
0.125 0.125 0.568527918781726
0.125 0.5 0.568527918781726
0.125 2 0.568527918781726
0.125 8 0.624365482233503
0.5 3.0517578125E-05 0.568527918781726
0.5 0.0001220703125 0.568527918781726
0.5 0.00048828125 0.568527918781726
0.5 0.001953125 0.568527918781726
0.5 0.0078125 0.568527918781726
0.5 0.03125 0.568527918781726
0.5 0.125 0.568527918781726
0.5 0.5 0.568527918781726
0.5 2 0.690355329949239
0.5 8 0.6751269035533
2 3.0517578125E-05 0.568527918781726
2 0.0001220703125 0.568527918781726
2 0.00048828125 0.568527918781726
2 0.001953125 0.568527918781726
2 0.0078125 0.568527918781726
2 0.03125 0.568527918781726
2 0.125 0.568527918781726
2 0.5 0.680203045685279
2 2 0.680203045685279
2 8 0.710659898477157
8 3.0517578125E-05 0.568527918781726
8 0.0001220703125 0.568527918781726
8 0.00048828125 0.568527918781726
8 0.001953125 0.568527918781726
8 0.0078125 0.568527918781726
8 0.03125 0.583756345177665
8 0.125 0.690355329949239
8 0.5 0.680203045685279
8 2 0.741116751269036
8 8 0.741116751269036
32 3.0517578125E-05 0.568527918781726
32 0.0001220703125 0.568527918781726
32 0.00048828125 0.568527918781726
32 0.001953125 0.568527918781726
32 0.0078125 0.573604060913706
32 0.03125 0.680203045685279
32 0.125 0.680203045685279
32 0.5 0.725888324873096
32 2 0.796954314720812
32 8 0.812182741116751
128 3.0517578125E-05 0.568527918781726
128 0.0001220703125 0.568527918781726
128 0.00048828125 0.568527918781726
128 0.001953125 0.568527918781726
128 0.0078125 0.690355329949239
128 0.03125 0.680203045685279
128 0.125 0.746192893401015
128 0.5 0.817258883248731
128 2 0.822335025380711
128 8 0.796954314720812
512 3.0517578125E-05 0.568527918781726
512 0.0001220703125 0.568527918781726
512 0.00048828125 0.578680203045685
512 0.001953125 0.685279187817259
512 0.0078125 0.680203045685279
512 0.03125 0.725888324873096
512 0.125 0.817258883248731
512 0.5 0.83756345177665
512 2 0.852791878172589
512 8 0.802030456852792
2048 3.0517578125E-05 0.568527918781726
2048 0.0001220703125 0.568527918781726
2048 0.00048828125 0.680203045685279
2048 0.001953125 0.680203045685279
2048 0.0078125 0.730964467005076
2048 0.03125 0.82741116751269
2048 0.125 0.842639593908629
2048 0.5 0.852791878172589
2048 2 0.857868020304569
2048 8 0.822335025380711
8192 3.0517578125E-05 0.573604060913706
8192 0.0001220703125 0.685279187817259
8192 0.00048828125 0.680203045685279
8192 0.001953125 0.736040609137056
8192 0.0078125 0.82741116751269
8192 0.03125 0.842639593908629
8192 0.125 0.852791878172589
8192 0.5 0.857868020304569
8192 2 0.868020304568528
8192 8 0.817258883248731
32768 3.0517578125E-05 0.685279187817259
32768 0.0001220703125 0.680203045685279
32768 0.00048828125 0.736040609137056
32768 0.001953125 0.82741116751269
32768 0.0078125 0.83756345177665
32768 0.03125 0.847715736040609
32768 0.125 0.842639593908629
32768 0.5 0.883248730964467
32768 2 0.888324873096447
32768 8 0.83248730964467
13777.2468675169 0.840896415253715 0.868020304568528
13777.2468675169 1 0.883248730964467
13777.2468675169 1.18920711500272 0.878172588832487
13777.2468675169 1.4142135623731 0.857868020304569
13777.2468675169 1.68179283050743 0.857868020304569
13777.2468675169 2 0.842639593908629
13777.2468675169 2.37841423000544 0.847715736040609
13777.2468675169 2.82842712474619 0.83756345177665
13777.2468675169 3.36358566101486 0.82741116751269
13777.2468675169 4 0.857868020304569
13777.2468675169 4.75682846001088 0.82741116751269
16384 0.840896415253715 0.862944162436548
16384 1 0.893401015228426
16384 1.18920711500272 0.862944162436548
16384 1.4142135623731 0.868020304568528
16384 1.68179283050743 0.868020304568528
16384 2 0.857868020304569
16384 2.37841423000544 0.842639593908629
16384 2.82842712474619 0.83756345177665
16384 3.36358566101486 0.842639593908629
16384 4 0.868020304568528
16384 4.75682846001088 0.83756345177665
19483.9693722046 0.840896415253715 0.868020304568528
19483.9693722046 1 0.873096446700508
19483.9693722046 1.18920711500272 0.878172588832487
19483.9693722046 1.4142135623731 0.873096446700508
19483.9693722046 1.68179283050743 0.857868020304569
19483.9693722046 2 0.868020304568528
19483.9693722046 2.37841423000544 0.852791878172589
19483.9693722046 2.82842712474619 0.868020304568528
19483.9693722046 3.36358566101486 0.878172588832487
19483.9693722046 4 0.868020304568528
19483.9693722046 4.75682846001088 0.862944162436548
23170.4750059208 0.840896415253715 0.847715736040609
23170.4750059208 1 0.878172588832487
23170.4750059208 1.18920711500272 0.868020304568528
23170.4750059208 1.4142135623731 0.857868020304569
23170.4750059208 1.68179283050743 0.862944162436548
23170.4750059208 2 0.83248730964467
23170.4750059208 2.37841423000544 0.862944162436548
23170.4750059208 2.82842712474619 0.878172588832487
23170.4750059208 3.36358566101486 0.862944162436548
23170.4750059208 4 0.82741116751269
23170.4750059208 4.75682846001088 0.847715736040609
27554.4937350337 0.840896415253715 0.878172588832487
27554.4937350337 1 0.883248730964467
27554.4937350337 1.18920711500272 0.857868020304569
27554.4937350337 1.4142135623731 0.83756345177665
27554.4937350337 1.68179283050743 0.878172588832487
27554.4937350337 2 0.862944162436548
27554.4937350337 2.37841423000544 0.873096446700508
27554.4937350337 2.82842712474619 0.852791878172589
27554.4937350337 3.36358566101486 0.868020304568528
27554.4937350337 4 0.857868020304569
27554.4937350337 4.75682846001088 0.83248730964467
38967.9387444092 0.840896415253715 0.857868020304569
38967.9387444092 1 0.862944162436548
38967.9387444092 1.18920711500272 0.852791878172589
38967.9387444092 1.4142135623731 0.83248730964467
38967.9387444092 1.68179283050743 0.893401015228426
38967.9387444092 2 0.873096446700508
38967.9387444092 2.37841423000544 0.847715736040609
38967.9387444092 2.82842712474619 0.873096446700508
38967.9387444092 3.36358566101486 0.862944162436548
38967.9387444092 4 0.868020304568528
38967.9387444092 4.75682846001088 0.83756345177665
46340.9500118416 0.840896415253715 0.883248730964467
46340.9500118416 1 0.868020304568528
46340.9500118416 1.18920711500272 0.857868020304569
46340.9500118416 1.4142135623731 0.888324873096447
46340.9500118416 1.68179283050743 0.852791878172589
46340.9500118416 2 0.873096446700508
46340.9500118416 2.37841423000544 0.908629441624365
46340.9500118416 2.82842712474619 0.873096446700508
46340.9500118416 3.36358566101486 0.873096446700508
46340.9500118416 4 0.873096446700508
46340.9500118416 4.75682846001088 0.847715736040609
55108.9874700674 0.840896415253715 0.857868020304569
55108.9874700674 1 0.857868020304569
55108.9874700674 1.18920711500272 0.862944162436548
55108.9874700674 1.4142135623731 0.893401015228426
55108.9874700674 1.68179283050743 0.878172588832487
55108.9874700674 2 0.868020304568528
55108.9874700674 2.37841423000544 0.883248730964467
55108.9874700674 2.82842712474619 0.847715736040609
55108.9874700674 3.36358566101486 0.873096446700508
55108.9874700674 4 0.857868020304569
55108.9874700674 4.75682846001088 0.862944162436548
65536 0.840896415253715 0.888324873096447
65536 1 0.868020304568528
65536 1.18920711500272 0.883248730964467
65536 1.4142135623731 0.862944162436548
65536 1.68179283050743 0.862944162436548
65536 2 0.868020304568528
65536 2.37841423000544 0.862944162436548
65536 2.82842712474619 0.857868020304569
65536 3.36358566101486 0.873096446700508
65536 4 0.83248730964467
65536 4.75682846001088 0.868020304568528
77935.8774888183 0.840896415253715 0.898477157360406
77935.8774888183 1 0.908629441624365
77935.8774888183 1.18920711500272 0.903553299492386
77935.8774888183 1.4142135623731 0.883248730964467
77935.8774888183 1.68179283050743 0.857868020304569
77935.8774888183 2 0.857868020304569
77935.8774888183 2.37841423000544 0.852791878172589
77935.8774888183 2.82842712474619 0.862944162436548
77935.8774888183 3.36358566101486 0.83756345177665
77935.8774888183 4 0.862944162436548
77935.8774888183 4.75682846001088 0.817258883248731
