0.03125 3.0517578125E-05 0.49812734082397
0.03125 0.0001220703125 0.49812734082397
0.03125 0.00048828125 0.49812734082397
0.03125 0.001953125 0.49812734082397
0.03125 0.0078125 0.49812734082397
0.03125 0.03125 0.49812734082397
0.03125 0.125 0.49812734082397
0.03125 0.5 0.49812734082397
0.03125 2 0.49812734082397
0.03125 8 0.49812734082397
0.125 3.0517578125E-05 0.49812734082397
0.125 0.0001220703125 0.49812734082397
0.125 0.00048828125 0.49812734082397
0.125 0.001953125 0.49812734082397
0.125 0.0078125 0.49812734082397
0.125 0.03125 0.49812734082397
0.125 0.125 0.49812734082397
0.125 0.5 0.49812734082397
0.125 2 0.5
0.125 8 0.524344569288389
0.5 3.0517578125E-05 0.49812734082397
0.5 0.0001220703125 0.49812734082397
0.5 0.00048828125 0.49812734082397
0.5 0.001953125 0.49812734082397
0.5 0.0078125 0.49812734082397
0.5 0.03125 0.49812734082397
0.5 0.125 0.49812734082397
0.5 0.5 0.50187265917603
0.5 2 0.552434456928839
0.5 8 0.604868913857678
2 3.0517578125E-05 0.49812734082397
2 0.0001220703125 0.49812734082397
2 0.00048828125 0.49812734082397
2 0.001953125 0.49812734082397
2 0.0078125 0.49812734082397
2 0.03125 0.49812734082397
2 0.125 0.49812734082397
2 0.5 0.571161048689139
2 2 0.664794007490637
2 8 0.705992509363296
8 3.0517578125E-05 0.49812734082397
8 0.0001220703125 0.49812734082397
8 0.00048828125 0.49812734082397
8 0.001953125 0.49812734082397
8 0.0078125 0.49812734082397
8 0.03125 0.49812734082397
8 0.125 0.550561797752809
8 0.5 0.707865168539326
8 2 0.739700374531835
8 8 0.750936329588015
32 3.0517578125E-05 0.49812734082397
32 0.0001220703125 0.49812734082397
32 0.00048828125 0.49812734082397
32 0.001953125 0.49812734082397
32 0.0078125 0.49812734082397
32 0.03125 0.550561797752809
32 0.125 0.691011235955056
32 0.5 0.756554307116105
32 2 0.777153558052434
32 8 0.764044943820225
128 3.0517578125E-05 0.49812734082397
128 0.0001220703125 0.49812734082397
128 0.00048828125 0.49812734082397
128 0.001953125 0.49812734082397
128 0.0078125 0.544943820224719
128 0.03125 0.709737827715356
128 0.125 0.765917602996255
128 0.5 0.784644194756554
128 2 0.784644194756554
128 8 0.773408239700375
512 3.0517578125E-05 0.49812734082397
512 0.0001220703125 0.49812734082397
512 0.00048828125 0.49812734082397
512 0.001953125 0.535580524344569
512 0.0078125 0.698501872659176
512 0.03125 0.760299625468165
512 0.125 0.782771535580524
512 0.5 0.810861423220974
512 2 0.842696629213483
512 8 0.794007490636704
2048 3.0517578125E-05 0.49812734082397
2048 0.0001220703125 0.49812734082397
2048 0.00048828125 0.539325842696629
2048 0.001953125 0.704119850187266
2048 0.0078125 0.762172284644195
2048 0.03125 0.786516853932584
2048 0.125 0.835205992509363
2048 0.5 0.852059925093633
2048 2 0.846441947565543
2048 8 0.818352059925094
8192 3.0517578125E-05 0.49812734082397
8192 0.0001220703125 0.543071161048689
8192 0.00048828125 0.700374531835206
8192 0.001953125 0.765917602996255
8192 0.0078125 0.788389513108614
8192 0.03125 0.823970037453184
8192 0.125 0.853932584269663
8192 0.5 0.863295880149813
8192 2 0.829588014981273
8192 8 0.780898876404494
32768 3.0517578125E-05 0.544943820224719
32768 0.0001220703125 0.700374531835206
32768 0.00048828125 0.762172284644195
32768 0.001953125 0.792134831460674
32768 0.0078125 0.829588014981273
32768 0.03125 0.840823970037453
32768 0.125 0.870786516853933
32768 0.5 0.852059925093633
32768 2 0.835205992509363
32768 8 0.816479400749064
13777.2468675169 0.0525560259533572 0.844569288389513
13777.2468675169 0.0625 0.853932584269663
13777.2468675169 0.0743254446876701 0.837078651685393
13777.2468675169 0.0883883476483184 0.855805243445693
13777.2468675169 0.105112051906714 0.863295880149813
13777.2468675169 0.125 0.859550561797753
13777.2468675169 0.14865088937534 0.846441947565543
13777.2468675169 0.176776695296637 0.853932584269663
13777.2468675169 0.210224103813429 0.868913857677903
13777.2468675169 0.25 0.863295880149813
13777.2468675169 0.29730177875068 0.865168539325843
16384 0.0525560259533572 0.850187265917603
16384 0.0625 0.855805243445693
16384 0.0743254446876701 0.857677902621723
16384 0.0883883476483184 0.848314606741573
16384 0.105112051906714 0.850187265917603
16384 0.125 0.857677902621723
16384 0.14865088937534 0.861423220973783
16384 0.176776695296637 0.865168539325843
16384 0.210224103813429 0.867041198501873
16384 0.25 0.850187265917603
16384 0.29730177875068 0.852059925093633
19483.9693722046 0.0525560259533572 0.835205992509363
19483.9693722046 0.0625 0.850187265917603
19483.9693722046 0.0743254446876701 0.863295880149813
19483.9693722046 0.0883883476483184 0.874531835205993
19483.9693722046 0.105112051906714 0.865168539325843
19483.9693722046 0.125 0.867041198501873
19483.9693722046 0.14865088937534 0.868913857677903
19483.9693722046 0.176776695296637 0.861423220973783
19483.9693722046 0.210224103813429 0.863295880149813
19483.9693722046 0.25 0.863295880149813
19483.9693722046 0.29730177875068 0.855805243445693
23170.4750059208 0.0525560259533572 0.850187265917603
23170.4750059208 0.0625 0.846441947565543
23170.4750059208 0.0743254446876701 0.848314606741573
23170.4750059208 0.0883883476483184 0.861423220973783
23170.4750059208 0.105112051906714 0.844569288389513
23170.4750059208 0.125 0.852059925093633
23170.4750059208 0.14865088937534 0.863295880149813
23170.4750059208 0.176776695296637 0.867041198501873
23170.4750059208 0.210224103813429 0.876404494382023
23170.4750059208 0.25 0.852059925093633
23170.4750059208 0.29730177875068 0.859550561797753
27554.4937350337 0.0525560259533572 0.850187265917603
27554.4937350337 0.0625 0.842696629213483
27554.4937350337 0.0743254446876701 0.865168539325843
27554.4937350337 0.0883883476483184 0.859550561797753
27554.4937350337 0.105112051906714 0.872659176029963
27554.4937350337 0.125 0.867041198501873
27554.4937350337 0.14865088937534 0.863295880149813
27554.4937350337 0.176776695296637 0.870786516853933
27554.4937350337 0.210224103813429 0.865168539325843
27554.4937350337 0.25 0.855805243445693
27554.4937350337 0.29730177875068 0.855805243445693
38967.9387444092 0.0525560259533572 0.855805243445693
38967.9387444092 0.0625 0.874531835205993
38967.9387444092 0.0743254446876701 0.859550561797753
38967.9387444092 0.0883883476483184 0.870786516853933
38967.9387444092 0.105112051906714 0.876404494382023
38967.9387444092 0.125 0.867041198501873
38967.9387444092 0.14865088937534 0.865168539325843
38967.9387444092 0.176776695296637 0.857677902621723
38967.9387444092 0.210224103813429 0.855805243445693
38967.9387444092 0.25 0.863295880149813
38967.9387444092 0.29730177875068 0.868913857677903
46340.9500118416 0.0525560259533572 0.863295880149813
46340.9500118416 0.0625 0.872659176029963
46340.9500118416 0.0743254446876701 0.848314606741573
46340.9500118416 0.0883883476483184 0.870786516853933
46340.9500118416 0.105112051906714 0.876404494382023
46340.9500118416 0.125 0.874531835205993
46340.9500118416 0.14865088937534 0.861423220973783
46340.9500118416 0.176776695296637 0.857677902621723
46340.9500118416 0.210224103813429 0.857677902621723
46340.9500118416 0.25 0.853932584269663
46340.9500118416 0.29730177875068 0.865168539325843
55108.9874700674 0.0525560259533572 0.859550561797753
55108.9874700674 0.0625 0.870786516853933
55108.9874700674 0.0743254446876701 0.859550561797753
55108.9874700674 0.0883883476483184 0.872659176029963
55108.9874700674 0.105112051906714 0.872659176029963
55108.9874700674 0.125 0.876404494382023
55108.9874700674 0.14865088937534 0.874531835205993
55108.9874700674 0.176776695296637 0.865168539325843
55108.9874700674 0.210224103813429 0.867041198501873
55108.9874700674 0.25 0.865168539325843
55108.9874700674 0.29730177875068 0.852059925093633
65536 0.0525560259533572 0.868913857677903
65536 0.0625 0.867041198501873
65536 0.0743254446876701 0.863295880149813
65536 0.0883883476483184 0.872659176029963
65536 0.105112051906714 0.872659176029963
65536 0.125 0.870786516853933
65536 0.14865088937534 0.868913857677903
65536 0.176776695296637 0.872659176029963
65536 0.210224103813429 0.863295880149813
65536 0.25 0.870786516853933
65536 0.29730177875068 0.876404494382023
77935.8774888183 0.0525560259533572 0.865168539325843
77935.8774888183 0.0625 0.868913857677903
77935.8774888183 0.0743254446876701 0.867041198501873
77935.8774888183 0.0883883476483184 0.870786516853933
77935.8774888183 0.105112051906714 0.857677902621723
77935.8774888183 0.125 0.874531835205993
77935.8774888183 0.14865088937534 0.867041198501873
77935.8774888183 0.176776695296637 0.861423220973783
77935.8774888183 0.210224103813429 0.857677902621723
77935.8774888183 0.25 0.868913857677903
77935.8774888183 0.29730177875068 0.853932584269663
