0.03125 3.0517578125E-05 0.570342205323194
0.03125 0.0001220703125 0.570342205323194
0.03125 0.00048828125 0.570342205323194
0.03125 0.001953125 0.570342205323194
0.03125 0.0078125 0.570342205323194
0.03125 0.03125 0.570342205323194
0.03125 0.125 0.570342205323194
0.03125 0.5 0.570342205323194
0.03125 2 0.570342205323194
0.03125 8 0.570342205323194
0.125 3.0517578125E-05 0.570342205323194
0.125 0.0001220703125 0.570342205323194
0.125 0.00048828125 0.570342205323194
0.125 0.001953125 0.570342205323194
0.125 0.0078125 0.570342205323194
0.125 0.03125 0.570342205323194
0.125 0.125 0.570342205323194
0.125 0.5 0.570342205323194
0.125 2 0.570342205323194
0.125 8 0.600760456273764
0.5 3.0517578125E-05 0.570342205323194
0.5 0.0001220703125 0.570342205323194
0.5 0.00048828125 0.570342205323194
0.5 0.001953125 0.570342205323194
0.5 0.0078125 0.570342205323194
0.5 0.03125 0.570342205323194
0.5 0.125 0.570342205323194
0.5 0.5 0.581749049429658
0.5 2 0.684410646387833
0.5 8 0.741444866920152
2 3.0517578125E-05 0.570342205323194
2 0.0001220703125 0.570342205323194
2 0.00048828125 0.570342205323194
2 0.001953125 0.570342205323194
2 0.0078125 0.570342205323194
2 0.03125 0.570342205323194
2 0.125 0.577946768060836
2 0.5 0.76425855513308
2 2 0.844106463878327
2 8 0.866920152091255
8 3.0517578125E-05 0.570342205323194
8 0.0001220703125 0.570342205323194
8 0.00048828125 0.570342205323194
8 0.001953125 0.570342205323194
8 0.0078125 0.570342205323194
8 0.03125 0.570342205323194
8 0.125 0.771863117870722
8 0.5 0.878326996197719
8 2 0.889733840304182
8 8 0.897338403041825
32 3.0517578125E-05 0.570342205323194
32 0.0001220703125 0.570342205323194
32 0.00048828125 0.570342205323194
32 0.001953125 0.570342205323194
32 0.0078125 0.581749049429658
32 0.03125 0.768060836501901
32 0.125 0.870722433460076
32 0.5 0.889733840304182
32 2 0.91254752851711
32 8 0.889733840304182
128 3.0517578125E-05 0.570342205323194
128 0.0001220703125 0.570342205323194
128 0.00048828125 0.570342205323194
128 0.001953125 0.574144486692015
128 0.0078125 0.798479087452472
128 0.03125 0.855513307984791
128 0.125 0.885931558935361
128 0.5 0.874524714828897
128 2 0.916349809885932
128 8 0.859315589353612
512 3.0517578125E-05 0.570342205323194
512 0.0001220703125 0.570342205323194
512 0.00048828125 0.574144486692015
512 0.001953125 0.787072243346008
512 0.0078125 0.866920152091255
512 0.03125 0.904942965779468
512 0.125 0.916349809885932
512 0.5 0.901140684410646
512 2 0.878326996197719
512 8 0.836501901140684
2048 3.0517578125E-05 0.570342205323194
2048 0.0001220703125 0.585551330798479
2048 0.00048828125 0.779467680608365
2048 0.001953125 0.859315589353612
2048 0.0078125 0.88212927756654
2048 0.03125 0.920152091254753
2048 0.125 0.920152091254753
2048 0.5 0.904942965779468
2048 2 0.866920152091255
2048 8 0.855513307984791
8192 3.0517578125E-05 0.570342205323194
8192 0.0001220703125 0.790874524714829
8192 0.00048828125 0.870722433460076
8192 0.001953125 0.889733840304182
8192 0.0078125 0.920152091254753
8192 0.03125 0.920152091254753
8192 0.125 0.901140684410646
8192 0.5 0.904942965779468
8192 2 0.904942965779468
8192 8 0.836501901140684
32768 3.0517578125E-05 0.79467680608365
32768 0.0001220703125 0.874524714828897
32768 0.00048828125 0.889733840304182
32768 0.001953125 0.904942965779468
32768 0.0078125 0.927756653992395
32768 0.03125 0.904942965779468
32768 0.125 0.908745247148289
32768 0.5 0.885931558935361
32768 2 0.885931558935361
32768 8 0.809885931558935
13777.2468675169 0.00328475162208482 0.91254752851711
13777.2468675169 0.00390625 0.91254752851711
13777.2468675169 0.00464534029297938 0.901140684410646
13777.2468675169 0.0055242717280199 0.893536121673004
13777.2468675169 0.00656950324416964 0.91254752851711
13777.2468675169 0.0078125 0.904942965779468
13777.2468675169 0.00929068058595876 0.927756653992395
13777.2468675169 0.0110485434560398 0.916349809885932
13777.2468675169 0.0131390064883393 0.916349809885932
13777.2468675169 0.015625 0.927756653992395
13777.2468675169 0.0185813611719175 0.920152091254753
16384 0.00328475162208482 0.920152091254753
16384 0.00390625 0.923954372623574
16384 0.00464534029297938 0.923954372623574
16384 0.0055242717280199 0.91254752851711
16384 0.00656950324416964 0.920152091254753
16384 0.0078125 0.91254752851711
16384 0.00929068058595876 0.91254752851711
16384 0.0110485434560398 0.897338403041825
16384 0.0131390064883393 0.923954372623574
16384 0.015625 0.920152091254753
16384 0.0185813611719175 0.916349809885932
19483.9693722046 0.00328475162208482 0.901140684410646
19483.9693722046 0.00390625 0.916349809885932
19483.9693722046 0.00464534029297938 0.916349809885932
19483.9693722046 0.0055242717280199 0.920152091254753
19483.9693722046 0.00656950324416964 0.901140684410646
19483.9693722046 0.0078125 0.916349809885932
19483.9693722046 0.00929068058595876 0.916349809885932
19483.9693722046 0.0110485434560398 0.908745247148289
19483.9693722046 0.0131390064883393 0.920152091254753
19483.9693722046 0.015625 0.908745247148289
19483.9693722046 0.0185813611719175 0.91254752851711
23170.4750059208 0.00328475162208482 0.931558935361217
23170.4750059208 0.00390625 0.927756653992395
23170.4750059208 0.00464534029297938 0.920152091254753
23170.4750059208 0.0055242717280199 0.923954372623574
23170.4750059208 0.00656950324416964 0.923954372623574
23170.4750059208 0.0078125 0.91254752851711
23170.4750059208 0.00929068058595876 0.91254752851711
23170.4750059208 0.0110485434560398 0.923954372623574
23170.4750059208 0.0131390064883393 0.916349809885932
23170.4750059208 0.015625 0.897338403041825
23170.4750059208 0.0185813611719175 0.904942965779468
27554.4937350337 0.00328475162208482 0.91254752851711
27554.4937350337 0.00390625 0.916349809885932
27554.4937350337 0.00464534029297938 0.91254752851711
27554.4937350337 0.0055242717280199 0.920152091254753
27554.4937350337 0.00656950324416964 0.901140684410646
27554.4937350337 0.0078125 0.923954372623574
27554.4937350337 0.00929068058595876 0.901140684410646
27554.4937350337 0.0110485434560398 0.920152091254753
27554.4937350337 0.0131390064883393 0.908745247148289
27554.4937350337 0.015625 0.908745247148289
27554.4937350337 0.0185813611719175 0.920152091254753
38967.9387444092 0.00328475162208482 0.916349809885932
38967.9387444092 0.00390625 0.91254752851711
38967.9387444092 0.00464534029297938 0.904942965779468
38967.9387444092 0.0055242717280199 0.908745247148289
38967.9387444092 0.00656950324416964 0.908745247148289
38967.9387444092 0.0078125 0.931558935361217
38967.9387444092 0.00929068058595876 0.927756653992395
38967.9387444092 0.0110485434560398 0.91254752851711
38967.9387444092 0.0131390064883393 0.927756653992395
38967.9387444092 0.015625 0.91254752851711
38967.9387444092 0.0185813611719175 0.904942965779468
46340.9500118416 0.00328475162208482 0.91254752851711
46340.9500118416 0.00390625 0.916349809885932
46340.9500118416 0.00464534029297938 0.916349809885932
46340.9500118416 0.0055242717280199 0.923954372623574
46340.9500118416 0.00656950324416964 0.908745247148289
46340.9500118416 0.0078125 0.923954372623574
46340.9500118416 0.00929068058595876 0.916349809885932
46340.9500118416 0.0110485434560398 0.908745247148289
46340.9500118416 0.0131390064883393 0.904942965779468
46340.9500118416 0.015625 0.91254752851711
46340.9500118416 0.0185813611719175 0.897338403041825
55108.9874700674 0.00328475162208482 0.923954372623574
55108.9874700674 0.00390625 0.904942965779468
55108.9874700674 0.00464534029297938 0.91254752851711
55108.9874700674 0.0055242717280199 0.923954372623574
55108.9874700674 0.00656950324416964 0.923954372623574
55108.9874700674 0.0078125 0.916349809885932
55108.9874700674 0.00929068058595876 0.91254752851711
55108.9874700674 0.0110485434560398 0.920152091254753
55108.9874700674 0.0131390064883393 0.897338403041825
55108.9874700674 0.015625 0.920152091254753
55108.9874700674 0.0185813611719175 0.904942965779468
65536 0.00328475162208482 0.904942965779468
65536 0.00390625 0.908745247148289
65536 0.00464534029297938 0.916349809885932
65536 0.0055242717280199 0.908745247148289
65536 0.00656950324416964 0.920152091254753
65536 0.0078125 0.908745247148289
65536 0.00929068058595876 0.908745247148289
65536 0.0110485434560398 0.923954372623574
65536 0.0131390064883393 0.931558935361217
65536 0.015625 0.908745247148289
65536 0.0185813611719175 0.935361216730038
77935.8774888183 0.00328475162208482 0.920152091254753
77935.8774888183 0.00390625 0.920152091254753
77935.8774888183 0.00464534029297938 0.908745247148289
77935.8774888183 0.0055242717280199 0.91254752851711
77935.8774888183 0.00656950324416964 0.916349809885932
77935.8774888183 0.0078125 0.897338403041825
77935.8774888183 0.00929068058595876 0.908745247148289
77935.8774888183 0.0110485434560398 0.931558935361217
77935.8774888183 0.0131390064883393 0.927756653992395
77935.8774888183 0.015625 0.878326996197719
77935.8774888183 0.0185813611719175 0.904942965779468
