0.03125 3.0517578125E-05 0.549425287356322
0.03125 0.0001220703125 0.549425287356322
0.03125 0.00048828125 0.549425287356322
0.03125 0.001953125 0.549425287356322
0.03125 0.0078125 0.549425287356322
0.03125 0.03125 0.549425287356322
0.03125 0.125 0.549425287356322
0.03125 0.5 0.549425287356322
0.03125 2 0.549425287356322
0.03125 8 0.549425287356322
0.125 3.0517578125E-05 0.549425287356322
0.125 0.0001220703125 0.549425287356322
0.125 0.00048828125 0.549425287356322
0.125 0.001953125 0.549425287356322
0.125 0.0078125 0.549425287356322
0.125 0.03125 0.549425287356322
0.125 0.125 0.549425287356322
0.125 0.5 0.549425287356322
0.125 2 0.549425287356322
0.125 8 0.549425287356322
0.5 3.0517578125E-05 0.549425287356322
0.5 0.0001220703125 0.549425287356322
0.5 0.00048828125 0.549425287356322
0.5 0.001953125 0.549425287356322
0.5 0.0078125 0.549425287356322
0.5 0.03125 0.549425287356322
0.5 0.125 0.549425287356322
0.5 0.5 0.549425287356322
0.5 2 0.549425287356322
0.5 8 0.609195402298851
2 3.0517578125E-05 0.549425287356322
2 0.0001220703125 0.549425287356322
2 0.00048828125 0.549425287356322
2 0.001953125 0.549425287356322
2 0.0078125 0.549425287356322
2 0.03125 0.549425287356322
2 0.125 0.549425287356322
2 0.5 0.549425287356322
2 2 0.616091954022989
2 8 0.636781609195402
8 3.0517578125E-05 0.549425287356322
8 0.0001220703125 0.549425287356322
8 0.00048828125 0.549425287356322
8 0.001953125 0.549425287356322
8 0.0078125 0.549425287356322
8 0.03125 0.549425287356322
8 0.125 0.549425287356322
8 0.5 0.611494252873563
8 2 0.627586206896552
8 8 0.694252873563218
32 3.0517578125E-05 0.549425287356322
32 0.0001220703125 0.549425287356322
32 0.00048828125 0.549425287356322
32 0.001953125 0.549425287356322
32 0.0078125 0.549425287356322
32 0.03125 0.549425287356322
32 0.125 0.613793103448276
32 0.5 0.652873563218391
32 2 0.689655172413793
32 8 0.726436781609195
128 3.0517578125E-05 0.549425287356322
128 0.0001220703125 0.549425287356322
128 0.00048828125 0.549425287356322
128 0.001953125 0.549425287356322
128 0.0078125 0.549425287356322
128 0.03125 0.620689655172414
128 0.125 0.648275862068965
128 0.5 0.710344827586207
128 2 0.770114942528736
128 8 0.724137931034483
512 3.0517578125E-05 0.549425287356322
512 0.0001220703125 0.549425287356322
512 0.00048828125 0.549425287356322
512 0.001953125 0.549425287356322
512 0.0078125 0.625287356321839
512 0.03125 0.632183908045977
512 0.125 0.662068965517241
512 0.5 0.767816091954023
512 2 0.781609195402299
512 8 0.760919540229885
2048 3.0517578125E-05 0.549425287356322
2048 0.0001220703125 0.549425287356322
2048 0.00048828125 0.549425287356322
2048 0.001953125 0.627586206896552
2048 0.0078125 0.64367816091954
2048 0.03125 0.652873563218391
2048 0.125 0.694252873563218
2048 0.5 0.777011494252874
2048 2 0.783908045977011
2048 8 0.737931034482759
8192 3.0517578125E-05 0.549425287356322
8192 0.0001220703125 0.549425287356322
8192 0.00048828125 0.618390804597701
8192 0.001953125 0.64367816091954
8192 0.0078125 0.636781609195402
8192 0.03125 0.666666666666667
8192 0.125 0.751724137931034
8192 0.5 0.783908045977011
8192 2 0.744827586206897
8192 8 0.701149425287356
32768 3.0517578125E-05 0.549425287356322
32768 0.0001220703125 0.602298850574713
32768 0.00048828125 0.636781609195402
32768 0.001953125 0.639080459770115
32768 0.0078125 0.668965517241379
32768 0.03125 0.703448275862069
32768 0.125 0.754022988505747
32768 0.5 0.790804597701149
32768 2 0.740229885057471
32768 8 0.682758620689655
13777.2468675169 0.210224103813429 0.777011494252874
13777.2468675169 0.25 0.802298850574713
13777.2468675169 0.29730177875068 0.786206896551724
13777.2468675169 0.353553390593274 0.8
13777.2468675169 0.420448207626857 0.793103448275862
13777.2468675169 0.5 0.797701149425287
13777.2468675169 0.594603557501361 0.777011494252874
13777.2468675169 0.707106781186548 0.744827586206897
13777.2468675169 0.840896415253715 0.777011494252874
13777.2468675169 1 0.777011494252874
13777.2468675169 1.18920711500272 0.760919540229885
16384 0.210224103813429 0.793103448275862
16384 0.25 0.774712643678161
16384 0.29730177875068 0.777011494252874
16384 0.353553390593274 0.788505747126437
16384 0.420448207626857 0.790804597701149
16384 0.5 0.772413793103448
16384 0.594603557501361 0.774712643678161
16384 0.707106781186548 0.767816091954023
16384 0.840896415253715 0.774712643678161
16384 1 0.754022988505747
16384 1.18920711500272 0.767816091954023
19483.9693722046 0.210224103813429 0.774712643678161
19483.9693722046 0.25 0.788505747126437
19483.9693722046 0.29730177875068 0.797701149425287
19483.9693722046 0.353553390593274 0.783908045977011
19483.9693722046 0.420448207626857 0.788505747126437
19483.9693722046 0.5 0.795402298850575
19483.9693722046 0.594603557501361 0.75632183908046
19483.9693722046 0.707106781186548 0.779310344827586
19483.9693722046 0.840896415253715 0.770114942528736
19483.9693722046 1 0.779310344827586
19483.9693722046 1.18920711500272 0.751724137931034
23170.4750059208 0.210224103813429 0.802298850574713
23170.4750059208 0.25 0.802298850574713
23170.4750059208 0.29730177875068 0.788505747126437
23170.4750059208 0.353553390593274 0.797701149425287
23170.4750059208 0.420448207626857 0.777011494252874
23170.4750059208 0.5 0.760919540229885
23170.4750059208 0.594603557501361 0.770114942528736
23170.4750059208 0.707106781186548 0.749425287356322
23170.4750059208 0.840896415253715 0.751724137931034
23170.4750059208 1 0.770114942528736
23170.4750059208 1.18920711500272 0.751724137931034
27554.4937350337 0.210224103813429 0.806896551724138
27554.4937350337 0.25 0.811494252873563
27554.4937350337 0.29730177875068 0.783908045977011
27554.4937350337 0.353553390593274 0.760919540229885
27554.4937350337 0.420448207626857 0.797701149425287
27554.4937350337 0.5 0.783908045977011
27554.4937350337 0.594603557501361 0.770114942528736
27554.4937350337 0.707106781186548 0.797701149425287
27554.4937350337 0.840896415253715 0.772413793103448
27554.4937350337 1 0.774712643678161
27554.4937350337 1.18920711500272 0.735632183908046
38967.9387444092 0.210224103813429 0.795402298850575
38967.9387444092 0.25 0.774712643678161
38967.9387444092 0.29730177875068 0.795402298850575
38967.9387444092 0.353553390593274 0.788505747126437
38967.9387444092 0.420448207626857 0.790804597701149
38967.9387444092 0.5 0.772413793103448
38967.9387444092 0.594603557501361 0.770114942528736
38967.9387444092 0.707106781186548 0.772413793103448
38967.9387444092 0.840896415253715 0.779310344827586
38967.9387444092 1 0.760919540229885
38967.9387444092 1.18920711500272 0.783908045977011
46340.9500118416 0.210224103813429 0.786206896551724
46340.9500118416 0.25 0.779310344827586
46340.9500118416 0.29730177875068 0.802298850574713
46340.9500118416 0.353553390593274 0.788505747126437
46340.9500118416 0.420448207626857 0.797701149425287
46340.9500118416 0.5 0.795402298850575
46340.9500118416 0.594603557501361 0.767816091954023
46340.9500118416 0.707106781186548 0.747126436781609
46340.9500118416 0.840896415253715 0.774712643678161
46340.9500118416 1 0.767816091954023
46340.9500118416 1.18920711500272 0.75632183908046
55108.9874700674 0.210224103813429 0.760919540229885
55108.9874700674 0.25 0.809195402298851
55108.9874700674 0.29730177875068 0.797701149425287
55108.9874700674 0.353553390593274 0.802298850574713
55108.9874700674 0.420448207626857 0.786206896551724
55108.9874700674 0.5 0.779310344827586
55108.9874700674 0.594603557501361 0.772413793103448
55108.9874700674 0.707106781186548 0.767816091954023
55108.9874700674 0.840896415253715 0.767816091954023
55108.9874700674 1 0.747126436781609
55108.9874700674 1.18920711500272 0.779310344827586
65536 0.210224103813429 0.8
65536 0.25 0.793103448275862
65536 0.29730177875068 0.793103448275862
65536 0.353553390593274 0.790804597701149
65536 0.420448207626857 0.790804597701149
65536 0.5 0.76551724137931
65536 0.594603557501361 0.758620689655172
65536 0.707106781186548 0.767816091954023
65536 0.840896415253715 0.75632183908046
65536 1 0.754022988505747
65536 1.18920711500272 0.75632183908046
77935.8774888183 0.210224103813429 0.777011494252874
77935.8774888183 0.25 0.779310344827586
77935.8774888183 0.29730177875068 0.802298850574713
77935.8774888183 0.353553390593274 0.774712643678161
77935.8774888183 0.420448207626857 0.804597701149425
77935.8774888183 0.5 0.774712643678161
77935.8774888183 0.594603557501361 0.76551724137931
77935.8774888183 0.707106781186548 0.747126436781609
77935.8774888183 0.840896415253715 0.744827586206897
77935.8774888183 1 0.8
77935.8774888183 1.18920711500272 0.777011494252874
