0.03125 3.0517578125E-05 0.578947368421053
0.03125 0.0001220703125 0.578947368421053
0.03125 0.00048828125 0.578947368421053
0.03125 0.001953125 0.578947368421053
0.03125 0.0078125 0.578947368421053
0.03125 0.03125 0.578947368421053
0.03125 0.125 0.578947368421053
0.03125 0.5 0.578947368421053
0.03125 2 0.578947368421053
0.03125 8 0.578947368421053
0.125 3.0517578125E-05 0.578947368421053
0.125 0.0001220703125 0.578947368421053
0.125 0.00048828125 0.578947368421053
0.125 0.001953125 0.578947368421053
0.125 0.0078125 0.578947368421053
0.125 0.03125 0.578947368421053
0.125 0.125 0.578947368421053
0.125 0.5 0.578947368421053
0.125 2 0.633684210526316
0.125 8 0.726315789473684
0.5 3.0517578125E-05 0.578947368421053
0.5 0.0001220703125 0.578947368421053
0.5 0.00048828125 0.578947368421053
0.5 0.001953125 0.578947368421053
0.5 0.0078125 0.578947368421053
0.5 0.03125 0.578947368421053
0.5 0.125 0.578947368421053
0.5 0.5 0.703157894736842
0.5 2 0.781052631578947
0.5 8 0.79578947368421
2 3.0517578125E-05 0.578947368421053
2 0.0001220703125 0.578947368421053
2 0.00048828125 0.578947368421053
2 0.001953125 0.578947368421053
2 0.0078125 0.578947368421053
2 0.03125 0.578947368421053
2 0.125 0.717894736842105
2 0.5 0.793684210526316
2 2 0.812631578947368
2 8 0.812631578947368
8 3.0517578125E-05 0.578947368421053
8 0.0001220703125 0.578947368421053
8 0.00048828125 0.578947368421053
8 0.001953125 0.578947368421053
8 0.0078125 0.578947368421053
8 0.03125 0.722105263157895
8 0.125 0.785263157894737
8 0.5 0.804210526315789
8 2 0.823157894736842
8 8 0.835789473684211
32 3.0517578125E-05 0.578947368421053
32 0.0001220703125 0.578947368421053
32 0.00048828125 0.578947368421053
32 0.001953125 0.578947368421053
32 0.0078125 0.72
32 0.03125 0.791578947368421
32 0.125 0.804210526315789
32 0.5 0.806315789473684
32 2 0.816842105263158
32 8 0.816842105263158
128 3.0517578125E-05 0.578947368421053
128 0.0001220703125 0.578947368421053
128 0.00048828125 0.578947368421053
128 0.001953125 0.711578947368421
128 0.0078125 0.787368421052632
128 0.03125 0.806315789473684
128 0.125 0.812631578947368
128 0.5 0.804210526315789
128 2 0.827368421052632
128 8 0.806315789473684
512 3.0517578125E-05 0.578947368421053
512 0.0001220703125 0.578947368421053
512 0.00048828125 0.715789473684211
512 0.001953125 0.793684210526316
512 0.0078125 0.8
512 0.03125 0.806315789473684
512 0.125 0.810526315789474
512 0.5 0.827368421052632
512 2 0.825263157894737
512 8 0.802105263157895
2048 3.0517578125E-05 0.578947368421053
2048 0.0001220703125 0.713684210526316
2048 0.00048828125 0.793684210526316
2048 0.001953125 0.804210526315789
2048 0.0078125 0.802105263157895
2048 0.03125 0.797894736842105
2048 0.125 0.821052631578947
2048 0.5 0.84421052631579
2048 2 0.793684210526316
2048 8 0.79578947368421
8192 3.0517578125E-05 0.703157894736842
8192 0.0001220703125 0.781052631578947
8192 0.00048828125 0.797894736842105
8192 0.001953125 0.8
8192 0.0078125 0.804210526315789
8192 0.03125 0.8
8192 0.125 0.837894736842105
8192 0.5 0.837894736842105
8192 2 0.783157894736842
8192 8 0.8
32768 3.0517578125E-05 0.787368421052632
32768 0.0001220703125 0.804210526315789
32768 0.00048828125 0.804210526315789
32768 0.001953125 0.8
32768 0.0078125 0.802105263157895
32768 0.03125 0.818947368421053
32768 0.125 0.84
32768 0.5 0.823157894736842
32768 2 0.814736842105263
32768 8 0.789473684210526
861.077929219804 0.210224103813429 0.810526315789474
861.077929219804 0.25 0.806315789473684
861.077929219804 0.29730177875068 0.818947368421053
861.077929219804 0.353553390593274 0.837894736842105
861.077929219804 0.420448207626857 0.829473684210526
861.077929219804 0.5 0.829473684210526
861.077929219804 0.594603557501361 0.850526315789474
861.077929219804 0.707106781186548 0.850526315789474
861.077929219804 0.840896415253715 0.837894736842105
861.077929219804 1 0.842105263157895
861.077929219804 1.18920711500272 0.831578947368421
1024 0.210224103813429 0.804210526315789
1024 0.25 0.823157894736842
1024 0.29730177875068 0.810526315789474
1024 0.353553390593274 0.823157894736842
1024 0.420448207626857 0.842105263157895
1024 0.5 0.837894736842105
1024 0.594603557501361 0.84
1024 0.707106781186548 0.852631578947368
1024 0.840896415253715 0.848421052631579
1024 1 0.846315789473684
1024 1.18920711500272 0.842105263157895
1217.74808576279 0.210224103813429 0.810526315789474
1217.74808576279 0.25 0.823157894736842
1217.74808576279 0.29730177875068 0.837894736842105
1217.74808576279 0.353553390593274 0.837894736842105
1217.74808576279 0.420448207626857 0.837894736842105
1217.74808576279 0.5 0.846315789473684
1217.74808576279 0.594603557501361 0.848421052631579
1217.74808576279 0.707106781186548 0.84421052631579
1217.74808576279 0.840896415253715 0.837894736842105
1217.74808576279 1 0.835789473684211
1217.74808576279 1.18920711500272 0.835789473684211
1448.15468787005 0.210224103813429 0.79578947368421
1448.15468787005 0.25 0.837894736842105
1448.15468787005 0.29730177875068 0.825263157894737
1448.15468787005 0.353553390593274 0.833684210526316
1448.15468787005 0.420448207626857 0.84
1448.15468787005 0.5 0.833684210526316
1448.15468787005 0.594603557501361 0.835789473684211
1448.15468787005 0.707106781186548 0.848421052631579
1448.15468787005 0.840896415253715 0.835789473684211
1448.15468787005 1 0.833684210526316
1448.15468787005 1.18920711500272 0.827368421052632
1722.15585843961 0.210224103813429 0.823157894736842
1722.15585843961 0.25 0.823157894736842
1722.15585843961 0.29730177875068 0.837894736842105
1722.15585843961 0.353553390593274 0.833684210526316
1722.15585843961 0.420448207626857 0.846315789473684
1722.15585843961 0.5 0.842105263157895
1722.15585843961 0.594603557501361 0.856842105263158
1722.15585843961 0.707106781186548 0.837894736842105
1722.15585843961 0.840896415253715 0.833684210526316
1722.15585843961 1 0.84421052631579
1722.15585843961 1.18920711500272 0.850526315789474
2435.49617152557 0.210224103813429 0.823157894736842
2435.49617152557 0.25 0.825263157894737
2435.49617152557 0.29730177875068 0.835789473684211
2435.49617152557 0.353553390593274 0.848421052631579
2435.49617152557 0.420448207626857 0.848421052631579
2435.49617152557 0.5 0.850526315789474
2435.49617152557 0.594603557501361 0.831578947368421
2435.49617152557 0.707106781186548 0.848421052631579
2435.49617152557 0.840896415253715 0.84
2435.49617152557 1 0.831578947368421
2435.49617152557 1.18920711500272 0.833684210526316
2896.3093757401 0.210224103813429 0.835789473684211
2896.3093757401 0.25 0.850526315789474
2896.3093757401 0.29730177875068 0.848421052631579
2896.3093757401 0.353553390593274 0.833684210526316
2896.3093757401 0.420448207626857 0.84421052631579
2896.3093757401 0.5 0.837894736842105
2896.3093757401 0.594603557501361 0.850526315789474
2896.3093757401 0.707106781186548 0.833684210526316
2896.3093757401 0.840896415253715 0.823157894736842
2896.3093757401 1 0.816842105263158
2896.3093757401 1.18920711500272 0.818947368421053
3444.31171687921 0.210224103813429 0.816842105263158
3444.31171687921 0.25 0.827368421052632
3444.31171687921 0.29730177875068 0.850526315789474
3444.31171687921 0.353553390593274 0.833684210526316
3444.31171687921 0.420448207626857 0.825263157894737
3444.31171687921 0.5 0.837894736842105
3444.31171687921 0.594603557501361 0.833684210526316
3444.31171687921 0.707106781186548 0.835789473684211
3444.31171687921 0.840896415253715 0.814736842105263
3444.31171687921 1 0.818947368421053
3444.31171687921 1.18920711500272 0.827368421052632
4096 0.210224103813429 0.835789473684211
4096 0.25 0.831578947368421
4096 0.29730177875068 0.848421052631579
4096 0.353553390593274 0.835789473684211
4096 0.420448207626857 0.825263157894737
4096 0.5 0.84421052631579
4096 0.594603557501361 0.835789473684211
4096 0.707106781186548 0.814736842105263
4096 0.840896415253715 0.827368421052632
4096 1 0.825263157894737
4096 1.18920711500272 0.833684210526316
4870.99234305115 0.210224103813429 0.831578947368421
4870.99234305115 0.25 0.842105263157895
4870.99234305115 0.29730177875068 0.835789473684211
4870.99234305115 0.353553390593274 0.84
4870.99234305115 0.420448207626857 0.848421052631579
4870.99234305115 0.5 0.829473684210526
4870.99234305115 0.594603557501361 0.825263157894737
4870.99234305115 0.707106781186548 0.823157894736842
4870.99234305115 0.840896415253715 0.84
4870.99234305115 1 0.84
4870.99234305115 1.18920711500272 0.812631578947368
