0.03125 3.0517578125E-05 0.496894409937888
0.03125 0.0001220703125 0.496894409937888
0.03125 0.00048828125 0.496894409937888
0.03125 0.001953125 0.496894409937888
0.03125 0.0078125 0.496894409937888
0.03125 0.03125 0.496894409937888
0.03125 0.125 0.496894409937888
0.03125 0.5 0.496894409937888
0.03125 2 0.493788819875776
0.03125 8 0.496894409937888
0.125 3.0517578125E-05 0.496894409937888
0.125 0.0001220703125 0.496894409937888
0.125 0.00048828125 0.496894409937888
0.125 0.001953125 0.496894409937888
0.125 0.0078125 0.496894409937888
0.125 0.03125 0.496894409937888
0.125 0.125 0.496894409937888
0.125 0.5 0.549689440993789
0.125 2 0.549689440993789
0.125 8 0.555900621118012
0.5 3.0517578125E-05 0.496894409937888
0.5 0.0001220703125 0.496894409937888
0.5 0.00048828125 0.496894409937888
0.5 0.001953125 0.496894409937888
0.5 0.0078125 0.496894409937888
0.5 0.03125 0.496894409937888
0.5 0.125 0.559006211180124
0.5 0.5 0.552795031055901
0.5 2 0.574534161490683
0.5 8 0.599378881987578
2 3.0517578125E-05 0.496894409937888
2 0.0001220703125 0.496894409937888
2 0.00048828125 0.496894409937888
2 0.001953125 0.496894409937888
2 0.0078125 0.496894409937888
2 0.03125 0.552795031055901
2 0.125 0.571428571428571
2 0.5 0.565217391304348
2 2 0.583850931677019
2 8 0.642857142857143
8 3.0517578125E-05 0.496894409937888
8 0.0001220703125 0.496894409937888
8 0.00048828125 0.496894409937888
8 0.001953125 0.496894409937888
8 0.0078125 0.555900621118012
8 0.03125 0.571428571428571
8 0.125 0.580745341614907
8 0.5 0.602484472049689
8 2 0.68944099378882
8 8 0.692546583850932
32 3.0517578125E-05 0.496894409937888
32 0.0001220703125 0.496894409937888
32 0.00048828125 0.496894409937888
32 0.001953125 0.559006211180124
32 0.0078125 0.555900621118012
32 0.03125 0.580745341614907
32 0.125 0.602484472049689
32 0.5 0.720496894409938
32 2 0.748447204968944
32 8 0.763975155279503
128 3.0517578125E-05 0.496894409937888
128 0.0001220703125 0.496894409937888
128 0.00048828125 0.555900621118012
128 0.001953125 0.571428571428571
128 0.0078125 0.590062111801242
128 0.03125 0.649068322981366
128 0.125 0.732919254658385
128 0.5 0.763975155279503
128 2 0.770186335403727
128 8 0.795031055900621
512 3.0517578125E-05 0.496894409937888
512 0.0001220703125 0.562111801242236
512 0.00048828125 0.580745341614907
512 0.001953125 0.58695652173913
512 0.0078125 0.630434782608696
512 0.03125 0.714285714285714
512 0.125 0.754658385093168
512 0.5 0.804347826086957
512 2 0.804347826086957
512 8 0.779503105590062
2048 3.0517578125E-05 0.552795031055901
2048 0.0001220703125 0.574534161490683
2048 0.00048828125 0.577639751552795
2048 0.001953125 0.639751552795031
2048 0.0078125 0.711180124223602
2048 0.03125 0.763975155279503
2048 0.125 0.798136645962733
2048 0.5 0.816770186335404
2048 2 0.791925465838509
2048 8 0.77639751552795
8192 3.0517578125E-05 0.56832298136646
8192 0.0001220703125 0.58695652173913
8192 0.00048828125 0.633540372670807
8192 0.001953125 0.695652173913043
8192 0.0078125 0.767080745341615
8192 0.03125 0.779503105590062
8192 0.125 0.813664596273292
8192 0.5 0.835403726708075
8192 2 0.773291925465838
8192 8 0.804347826086957
32768 3.0517578125E-05 0.580745341614907
32768 0.0001220703125 0.624223602484472
32768 0.00048828125 0.717391304347826
32768 0.001953125 0.773291925465838
32768 0.0078125 0.791925465838509
32768 0.03125 0.81055900621118
32768 0.125 0.84472049689441
32768 0.5 0.819875776397516
32768 2 0.788819875776398
32768 8 0.757763975155279
13777.2468675169 0.0525560259533572 0.81055900621118
13777.2468675169 0.0625 0.81055900621118
13777.2468675169 0.0743254446876701 0.804347826086957
13777.2468675169 0.0883883476483184 0.81055900621118
13777.2468675169 0.105112051906714 0.788819875776398
13777.2468675169 0.125 0.832298136645963
13777.2468675169 0.14865088937534 0.816770186335404
13777.2468675169 0.176776695296637 0.835403726708075
13777.2468675169 0.210224103813429 0.826086956521739
13777.2468675169 0.25 0.832298136645963
13777.2468675169 0.29730177875068 0.835403726708075
16384 0.0525560259533572 0.822981366459627
16384 0.0625 0.813664596273292
16384 0.0743254446876701 0.801242236024845
16384 0.0883883476483184 0.819875776397516
16384 0.105112051906714 0.847826086956522
16384 0.125 0.860248447204969
16384 0.14865088937534 0.819875776397516
16384 0.176776695296637 0.84472049689441
16384 0.210224103813429 0.847826086956522
16384 0.25 0.832298136645963
16384 0.29730177875068 0.835403726708075
19483.9693722046 0.0525560259533572 0.798136645962733
19483.9693722046 0.0625 0.801242236024845
19483.9693722046 0.0743254446876701 0.838509316770186
19483.9693722046 0.0883883476483184 0.829192546583851
19483.9693722046 0.105112051906714 0.81055900621118
19483.9693722046 0.125 0.835403726708075
19483.9693722046 0.14865088937534 0.854037267080745
19483.9693722046 0.176776695296637 0.829192546583851
19483.9693722046 0.210224103813429 0.850931677018634
19483.9693722046 0.25 0.84472049689441
19483.9693722046 0.29730177875068 0.832298136645963
23170.4750059208 0.0525560259533572 0.804347826086957
23170.4750059208 0.0625 0.826086956521739
23170.4750059208 0.0743254446876701 0.813664596273292
23170.4750059208 0.0883883476483184 0.819875776397516
23170.4750059208 0.105112051906714 0.819875776397516
23170.4750059208 0.125 0.847826086956522
23170.4750059208 0.14865088937534 0.829192546583851
23170.4750059208 0.176776695296637 0.835403726708075
23170.4750059208 0.210224103813429 0.847826086956522
23170.4750059208 0.25 0.822981366459627
23170.4750059208 0.29730177875068 0.847826086956522
27554.4937350337 0.0525560259533572 0.81055900621118
27554.4937350337 0.0625 0.819875776397516
27554.4937350337 0.0743254446876701 0.822981366459627
27554.4937350337 0.0883883476483184 0.826086956521739
27554.4937350337 0.105112051906714 0.832298136645963
27554.4937350337 0.125 0.838509316770186
27554.4937350337 0.14865088937534 0.826086956521739
27554.4937350337 0.176776695296637 0.832298136645963
27554.4937350337 0.210224103813429 0.841614906832298
27554.4937350337 0.25 0.841614906832298
27554.4937350337 0.29730177875068 0.822981366459627
38967.9387444092 0.0525560259533572 0.841614906832298
38967.9387444092 0.0625 0.841614906832298
38967.9387444092 0.0743254446876701 0.841614906832298
38967.9387444092 0.0883883476483184 0.826086956521739
38967.9387444092 0.105112051906714 0.826086956521739
38967.9387444092 0.125 0.847826086956522
38967.9387444092 0.14865088937534 0.838509316770186
38967.9387444092 0.176776695296637 0.838509316770186
38967.9387444092 0.210224103813429 0.838509316770186
38967.9387444092 0.25 0.841614906832298
38967.9387444092 0.29730177875068 0.819875776397516
46340.9500118416 0.0525560259533572 0.822981366459627
46340.9500118416 0.0625 0.829192546583851
46340.9500118416 0.0743254446876701 0.807453416149068
46340.9500118416 0.0883883476483184 0.838509316770186
46340.9500118416 0.105112051906714 0.841614906832298
46340.9500118416 0.125 0.81055900621118
46340.9500118416 0.14865088937534 0.835403726708075
46340.9500118416 0.176776695296637 0.819875776397516
46340.9500118416 0.210224103813429 0.847826086956522
46340.9500118416 0.25 0.81055900621118
46340.9500118416 0.29730177875068 0.835403726708075
55108.9874700674 0.0525560259533572 0.798136645962733
55108.9874700674 0.0625 0.850931677018634
55108.9874700674 0.0743254446876701 0.850931677018634
55108.9874700674 0.0883883476483184 0.832298136645963
55108.9874700674 0.105112051906714 0.854037267080745
55108.9874700674 0.125 0.838509316770186
55108.9874700674 0.14865088937534 0.860248447204969
55108.9874700674 0.176776695296637 0.832298136645963
55108.9874700674 0.210224103813429 0.81055900621118
55108.9874700674 0.25 0.854037267080745
55108.9874700674 0.29730177875068 0.841614906832298
65536 0.0525560259533572 0.84472049689441
65536 0.0625 0.822981366459627
65536 0.0743254446876701 0.835403726708075
65536 0.0883883476483184 0.84472049689441
65536 0.105112051906714 0.835403726708075
65536 0.125 0.854037267080745
65536 0.14865088937534 0.841614906832298
65536 0.176776695296637 0.847826086956522
65536 0.210224103813429 0.835403726708075
65536 0.25 0.813664596273292
65536 0.29730177875068 0.826086956521739
77935.8774888183 0.0525560259533572 0.822981366459627
77935.8774888183 0.0625 0.857142857142857
77935.8774888183 0.0743254446876701 0.835403726708075
77935.8774888183 0.0883883476483184 0.84472049689441
77935.8774888183 0.105112051906714 0.838509316770186
77935.8774888183 0.125 0.832298136645963
77935.8774888183 0.14865088937534 0.841614906832298
77935.8774888183 0.176776695296637 0.84472049689441
77935.8774888183 0.210224103813429 0.84472049689441
77935.8774888183 0.25 0.832298136645963
77935.8774888183 0.29730177875068 0.826086956521739
