0.03125 3.0517578125E-05 0.59
0.03125 0.0001220703125 0.59
0.03125 0.00048828125 0.59
0.03125 0.001953125 0.59
0.03125 0.0078125 0.59
0.03125 0.03125 0.59
0.03125 0.125 0.59
0.03125 0.5 0.59
0.03125 2 0.59
0.03125 8 0.59
0.125 3.0517578125E-05 0.59
0.125 0.0001220703125 0.59
0.125 0.00048828125 0.59
0.125 0.001953125 0.59
0.125 0.0078125 0.59
0.125 0.03125 0.59
0.125 0.125 0.59
0.125 0.5 0.59
0.125 2 0.59
0.125 8 0.6725
0.5 3.0517578125E-05 0.59
0.5 0.0001220703125 0.59
0.5 0.00048828125 0.59
0.5 0.001953125 0.59
0.5 0.0078125 0.59
0.5 0.03125 0.59
0.5 0.125 0.59
0.5 0.5 0.59
0.5 2 0.7275
0.5 8 0.735
2 3.0517578125E-05 0.59
2 0.0001220703125 0.59
2 0.00048828125 0.59
2 0.001953125 0.59
2 0.0078125 0.59
2 0.03125 0.59
2 0.125 0.5925
2 0.5 0.7275
2 2 0.76
2 8 0.7525
8 3.0517578125E-05 0.59
8 0.0001220703125 0.59
8 0.00048828125 0.59
8 0.001953125 0.59
8 0.0078125 0.59
8 0.03125 0.5975
8 0.125 0.7325
8 0.5 0.7575
8 2 0.7625
8 8 0.7575
32 3.0517578125E-05 0.59
32 0.0001220703125 0.59
32 0.00048828125 0.59
32 0.001953125 0.59
32 0.0078125 0.595
32 0.03125 0.7325
32 0.125 0.7725
32 0.5 0.7625
32 2 0.78
32 8 0.84
128 3.0517578125E-05 0.59
128 0.0001220703125 0.59
128 0.00048828125 0.59
128 0.001953125 0.5925
128 0.0078125 0.725
128 0.03125 0.7625
128 0.125 0.765
128 0.5 0.7725
128 2 0.8275
128 8 0.84
512 3.0517578125E-05 0.59
512 0.0001220703125 0.59
512 0.00048828125 0.59
512 0.001953125 0.7275
512 0.0078125 0.7575
512 0.03125 0.7575
512 0.125 0.7625
512 0.5 0.83
512 2 0.845
512 8 0.84
2048 3.0517578125E-05 0.59
2048 0.0001220703125 0.59
2048 0.00048828125 0.735
2048 0.001953125 0.7575
2048 0.0078125 0.7675
2048 0.03125 0.7625
2048 0.125 0.815
2048 0.5 0.8325
2048 2 0.8375
2048 8 0.825
8192 3.0517578125E-05 0.595
8192 0.0001220703125 0.74
8192 0.00048828125 0.76
8192 0.001953125 0.76
8192 0.0078125 0.7725
8192 0.03125 0.805
8192 0.125 0.8375
8192 0.5 0.8525
8192 2 0.845
8192 8 0.825
32768 3.0517578125E-05 0.7325
32768 0.0001220703125 0.7525
32768 0.00048828125 0.75
32768 0.001953125 0.7575
32768 0.0078125 0.7875
32768 0.03125 0.8375
32768 0.125 0.85
32768 0.5 0.8175
32768 2 0.84
32768 8 0.8025
3444.31171687921 0.210224103813429 0.8225
3444.31171687921 0.25 0.8375
3444.31171687921 0.29730177875068 0.8325
3444.31171687921 0.353553390593274 0.8325
3444.31171687921 0.420448207626857 0.8375
3444.31171687921 0.5 0.845
3444.31171687921 0.594603557501361 0.8475
3444.31171687921 0.707106781186548 0.8575
3444.31171687921 0.840896415253715 0.8525
3444.31171687921 1 0.86
3444.31171687921 1.18920711500272 0.8425
4096 0.210224103813429 0.835
4096 0.25 0.84
4096 0.29730177875068 0.835
4096 0.353553390593274 0.8525
4096 0.420448207626857 0.8525
4096 0.5 0.845
4096 0.594603557501361 0.8375
4096 0.707106781186548 0.845
4096 0.840896415253715 0.8525
4096 1 0.84
4096 1.18920711500272 0.8625
4870.99234305115 0.210224103813429 0.845
4870.99234305115 0.25 0.8375
4870.99234305115 0.29730177875068 0.8625
4870.99234305115 0.353553390593274 0.8425
4870.99234305115 0.420448207626857 0.845
4870.99234305115 0.5 0.8575
4870.99234305115 0.594603557501361 0.855
4870.99234305115 0.707106781186548 0.85
4870.99234305115 0.840896415253715 0.8375
4870.99234305115 1 0.85
4870.99234305115 1.18920711500272 0.8225
5792.6187514802 0.210224103813429 0.835
5792.6187514802 0.25 0.84
5792.6187514802 0.29730177875068 0.8425
5792.6187514802 0.353553390593274 0.8325
5792.6187514802 0.420448207626857 0.865
5792.6187514802 0.5 0.8625
5792.6187514802 0.594603557501361 0.83
5792.6187514802 0.707106781186548 0.8325
5792.6187514802 0.840896415253715 0.835
5792.6187514802 1 0.845
5792.6187514802 1.18920711500272 0.8375
6888.62343375843 0.210224103813429 0.8475
6888.62343375843 0.25 0.8575
6888.62343375843 0.29730177875068 0.835
6888.62343375843 0.353553390593274 0.86
6888.62343375843 0.420448207626857 0.8425
6888.62343375843 0.5 0.8425
6888.62343375843 0.594603557501361 0.83
6888.62343375843 0.707106781186548 0.8525
6888.62343375843 0.840896415253715 0.845
6888.62343375843 1 0.85
6888.62343375843 1.18920711500272 0.83
9741.98468610229 0.210224103813429 0.85
9741.98468610229 0.25 0.85
9741.98468610229 0.29730177875068 0.845
9741.98468610229 0.353553390593274 0.8325
9741.98468610229 0.420448207626857 0.84
9741.98468610229 0.5 0.8475
9741.98468610229 0.594603557501361 0.83
9741.98468610229 0.707106781186548 0.8625
9741.98468610229 0.840896415253715 0.85
9741.98468610229 1 0.83
9741.98468610229 1.18920711500272 0.87
11585.2375029604 0.210224103813429 0.8575
11585.2375029604 0.25 0.85
11585.2375029604 0.29730177875068 0.85
11585.2375029604 0.353553390593274 0.8425
11585.2375029604 0.420448207626857 0.8325
11585.2375029604 0.5 0.8525
11585.2375029604 0.594603557501361 0.8425
11585.2375029604 0.707106781186548 0.85
11585.2375029604 0.840896415253715 0.8375
11585.2375029604 1 0.85
11585.2375029604 1.18920711500272 0.845
13777.2468675169 0.210224103813429 0.8525
13777.2468675169 0.25 0.8425
13777.2468675169 0.29730177875068 0.8425
13777.2468675169 0.353553390593274 0.855
13777.2468675169 0.420448207626857 0.8375
13777.2468675169 0.5 0.85
13777.2468675169 0.594603557501361 0.8125
13777.2468675169 0.707106781186548 0.8425
13777.2468675169 0.840896415253715 0.835
13777.2468675169 1 0.8375
13777.2468675169 1.18920711500272 0.855
16384 0.210224103813429 0.85
16384 0.25 0.8575
16384 0.29730177875068 0.815
16384 0.353553390593274 0.8375
16384 0.420448207626857 0.835
16384 0.5 0.825
16384 0.594603557501361 0.82
16384 0.707106781186548 0.8425
16384 0.840896415253715 0.835
16384 1 0.8375
16384 1.18920711500272 0.8225
19483.9693722046 0.210224103813429 0.84
19483.9693722046 0.25 0.855
19483.9693722046 0.29730177875068 0.8625
19483.9693722046 0.353553390593274 0.8475
19483.9693722046 0.420448207626857 0.8275
19483.9693722046 0.5 0.84
19483.9693722046 0.594603557501361 0.8375
19483.9693722046 0.707106781186548 0.8475
19483.9693722046 0.840896415253715 0.8375
19483.9693722046 1 0.825
19483.9693722046 1.18920711500272 0.84
