0.03125 3.0517578125E-05 0.614609571788413
0.03125 0.0001220703125 0.614609571788413
0.03125 0.00048828125 0.614609571788413
0.03125 0.001953125 0.614609571788413
0.03125 0.0078125 0.614609571788413
0.03125 0.03125 0.614609571788413
0.03125 0.125 0.614609571788413
0.03125 0.5 0.614609571788413
0.03125 2 0.614609571788413
0.03125 8 0.614609571788413
0.125 3.0517578125E-05 0.614609571788413
0.125 0.0001220703125 0.614609571788413
0.125 0.00048828125 0.614609571788413
0.125 0.001953125 0.614609571788413
0.125 0.0078125 0.614609571788413
0.125 0.03125 0.614609571788413
0.125 0.125 0.614609571788413
0.125 0.5 0.614609571788413
0.125 2 0.617128463476071
0.125 8 0.670025188916877
0.5 3.0517578125E-05 0.614609571788413
0.5 0.0001220703125 0.614609571788413
0.5 0.00048828125 0.614609571788413
0.5 0.001953125 0.614609571788413
0.5 0.0078125 0.614609571788413
0.5 0.03125 0.614609571788413
0.5 0.125 0.614609571788413
0.5 0.5 0.6272040302267
0.5 2 0.702770780856423
0.5 8 0.71536523929471
2 3.0517578125E-05 0.614609571788413
2 0.0001220703125 0.614609571788413
2 0.00048828125 0.614609571788413
2 0.001953125 0.614609571788413
2 0.0078125 0.614609571788413
2 0.03125 0.614609571788413
2 0.125 0.632241813602015
2 0.5 0.705289672544081
2 2 0.720403022670025
2 8 0.727959697732998
8 3.0517578125E-05 0.614609571788413
8 0.0001220703125 0.614609571788413
8 0.00048828125 0.614609571788413
8 0.001953125 0.614609571788413
8 0.0078125 0.614609571788413
8 0.03125 0.63727959697733
8 0.125 0.702770780856423
8 0.5 0.72544080604534
8 2 0.740554156171285
8 8 0.7455919395466
32 3.0517578125E-05 0.614609571788413
32 0.0001220703125 0.614609571788413
32 0.00048828125 0.614609571788413
32 0.001953125 0.614609571788413
32 0.0078125 0.63727959697733
32 0.03125 0.695214105793451
32 0.125 0.720403022670025
32 0.5 0.740554156171285
32 2 0.738035264483627
32 8 0.758186397984887
128 3.0517578125E-05 0.614609571788413
128 0.0001220703125 0.614609571788413
128 0.00048828125 0.614609571788413
128 0.001953125 0.632241813602015
128 0.0078125 0.695214105793451
128 0.03125 0.720403022670025
128 0.125 0.738035264483627
128 0.5 0.750629722921914
128 2 0.763224181360202
128 8 0.801007556675063
512 3.0517578125E-05 0.614609571788413
512 0.0001220703125 0.614609571788413
512 0.00048828125 0.629722921914358
512 0.001953125 0.695214105793451
512 0.0078125 0.732997481108312
512 0.03125 0.73551637279597
512 0.125 0.748110831234257
512 0.5 0.732997481108312
512 2 0.7455919395466
512 8 0.780856423173804
2048 3.0517578125E-05 0.614609571788413
2048 0.0001220703125 0.63727959697733
2048 0.00048828125 0.697732997481108
2048 0.001953125 0.72544080604534
2048 0.0078125 0.730478589420655
2048 0.03125 0.727959697732998
2048 0.125 0.748110831234257
2048 0.5 0.743073047858942
2048 2 0.780856423173804
2048 8 0.73551637279597
8192 3.0517578125E-05 0.6272040302267
8192 0.0001220703125 0.700251889168766
8192 0.00048828125 0.730478589420655
8192 0.001953125 0.740554156171285
8192 0.0078125 0.732997481108312
8192 0.03125 0.73551637279597
8192 0.125 0.760705289672544
8192 0.5 0.778337531486146
8192 2 0.738035264483627
8192 8 0.710327455919396
32768 3.0517578125E-05 0.695214105793451
32768 0.0001220703125 0.72544080604534
32768 0.00048828125 0.732997481108312
32768 0.001953125 0.730478589420655
32768 0.0078125 0.730478589420655
32768 0.03125 0.755667506297229
32768 0.125 0.750629722921914
32768 0.5 0.768261964735516
32768 2 0.722921914357683
32768 8 0.732997481108312
53.8173705762377 3.36358566101486 0.7455919395466
53.8173705762377 4 0.755667506297229
53.8173705762377 4.75682846001088 0.768261964735516
53.8173705762377 5.65685424949238 0.738035264483627
53.8173705762377 6.72717132202972 0.773299748110831
53.8173705762377 8 0.768261964735516
53.8173705762377 9.51365692002177 0.758186397984887
53.8173705762377 11.3137084989848 0.773299748110831
53.8173705762377 13.4543426440594 0.753148614609572
53.8173705762377 16 0.755667506297229
53.8173705762377 19.0273138400435 0.773299748110831
64 3.36358566101486 0.750629722921914
64 4 0.748110831234257
64 4.75682846001088 0.750629722921914
64 5.65685424949238 0.775818639798489
64 6.72717132202972 0.765743073047859
64 8 0.773299748110831
64 9.51365692002177 0.738035264483627
64 11.3137084989848 0.765743073047859
64 13.4543426440594 0.732997481108312
64 16 0.773299748110831
64 19.0273138400435 0.760705289672544
76.1092553601741 3.36358566101486 0.750629722921914
76.1092553601741 4 0.732997481108312
76.1092553601741 4.75682846001088 0.758186397984887
76.1092553601741 5.65685424949238 0.768261964735516
76.1092553601741 6.72717132202972 0.738035264483627
76.1092553601741 8 0.758186397984887
76.1092553601741 9.51365692002177 0.768261964735516
76.1092553601741 11.3137084989848 0.755667506297229
76.1092553601741 13.4543426440594 0.760705289672544
76.1092553601741 16 0.768261964735516
76.1092553601741 19.0273138400435 0.753148614609572
90.5096679918781 3.36358566101486 0.755667506297229
90.5096679918781 4 0.748110831234257
90.5096679918781 4.75682846001088 0.783375314861461
90.5096679918781 5.65685424949238 0.770780856423174
90.5096679918781 6.72717132202972 0.748110831234257
90.5096679918781 8 0.790931989924433
90.5096679918781 9.51365692002177 0.760705289672544
90.5096679918781 11.3137084989848 0.7455919395466
90.5096679918781 13.4543426440594 0.783375314861461
90.5096679918781 16 0.730478589420655
90.5096679918781 19.0273138400435 0.748110831234257
107.634741152475 3.36358566101486 0.755667506297229
107.634741152475 4 0.758186397984887
107.634741152475 4.75682846001088 0.778337531486146
107.634741152475 5.65685424949238 0.780856423173804
107.634741152475 6.72717132202972 0.763224181360202
107.634741152475 8 0.73551637279597
107.634741152475 9.51365692002177 0.770780856423174
107.634741152475 11.3137084989848 0.768261964735516
107.634741152475 13.4543426440594 0.740554156171285
107.634741152475 16 0.743073047858942
107.634741152475 19.0273138400435 0.765743073047859
152.218510720348 3.36358566101486 0.758186397984887
152.218510720348 4 0.783375314861461
152.218510720348 4.75682846001088 0.778337531486146
152.218510720348 5.65685424949238 0.760705289672544
152.218510720348 6.72717132202972 0.755667506297229
152.218510720348 8 0.7455919395466
152.218510720348 9.51365692002177 0.755667506297229
152.218510720348 11.3137084989848 0.758186397984887
152.218510720348 13.4543426440594 0.765743073047859
152.218510720348 16 0.730478589420655
152.218510720348 19.0273138400435 0.740554156171285
181.019335983756 3.36358566101486 0.778337531486146
181.019335983756 4 0.760705289672544
181.019335983756 4.75682846001088 0.753148614609572
181.019335983756 5.65685424949238 0.750629722921914
181.019335983756 6.72717132202972 0.768261964735516
181.019335983756 8 0.778337531486146
181.019335983756 9.51365692002177 0.717884130982368
181.019335983756 11.3137084989848 0.743073047858942
181.019335983756 13.4543426440594 0.753148614609572
181.019335983756 16 0.748110831234257
181.019335983756 19.0273138400435 0.763224181360202
215.269482304951 3.36358566101486 0.758186397984887
215.269482304951 4 0.770780856423174
215.269482304951 4.75682846001088 0.755667506297229
215.269482304951 5.65685424949238 0.780856423173804
215.269482304951 6.72717132202972 0.785894206549118
215.269482304951 8 0.748110831234257
215.269482304951 9.51365692002177 0.758186397984887
215.269482304951 11.3137084989848 0.773299748110831
215.269482304951 13.4543426440594 0.740554156171285
215.269482304951 16 0.763224181360202
215.269482304951 19.0273138400435 0.738035264483627
256 3.36358566101486 0.770780856423174
256 4 0.785894206549118
256 4.75682846001088 0.773299748110831
256 5.65685424949238 0.790931989924433
256 6.72717132202972 0.750629722921914
256 8 0.765743073047859
256 9.51365692002177 0.748110831234257
256 11.3137084989848 0.750629722921914
256 13.4543426440594 0.750629722921914
256 16 0.755667506297229
256 19.0273138400435 0.73551637279597
304.437021440697 3.36358566101486 0.770780856423174
304.437021440697 4 0.788413098236776
304.437021440697 4.75682846001088 0.760705289672544
304.437021440697 5.65685424949238 0.778337531486146
304.437021440697 6.72717132202972 0.780856423173804
304.437021440697 8 0.763224181360202
304.437021440697 9.51365692002177 0.763224181360202
304.437021440697 11.3137084989848 0.722921914357683
304.437021440697 13.4543426440594 0.753148614609572
304.437021440697 16 0.72544080604534
304.437021440697 19.0273138400435 0.748110831234257
