0.03125 3.0517578125E-05 0.463320463320463
0.03125 0.0001220703125 0.463320463320463
0.03125 0.00048828125 0.463320463320463
0.03125 0.001953125 0.463320463320463
0.03125 0.0078125 0.463320463320463
0.03125 0.03125 0.463320463320463
0.03125 0.125 0.463320463320463
0.03125 0.5 0.463320463320463
0.03125 2 0.463320463320463
0.03125 8 0.463320463320463
0.125 3.0517578125E-05 0.463320463320463
0.125 0.0001220703125 0.463320463320463
0.125 0.00048828125 0.463320463320463
0.125 0.001953125 0.463320463320463
0.125 0.0078125 0.463320463320463
0.125 0.03125 0.463320463320463
0.125 0.125 0.463320463320463
0.125 0.5 0.583011583011583
0.125 2 0.644787644787645
0.125 8 0.61003861003861
0.5 3.0517578125E-05 0.463320463320463
0.5 0.0001220703125 0.463320463320463
0.5 0.00048828125 0.463320463320463
0.5 0.001953125 0.463320463320463
0.5 0.0078125 0.463320463320463
0.5 0.03125 0.463320463320463
0.5 0.125 0.586872586872587
0.5 0.5 0.656370656370656
0.5 2 0.671814671814672
0.5 8 0.694980694980695
2 3.0517578125E-05 0.463320463320463
2 0.0001220703125 0.463320463320463
2 0.00048828125 0.463320463320463
2 0.001953125 0.463320463320463
2 0.0078125 0.463320463320463
2 0.03125 0.590733590733591
2 0.125 0.652509652509653
2 0.5 0.698841698841699
2 2 0.764478764478765
2 8 0.822393822393822
8 3.0517578125E-05 0.463320463320463
8 0.0001220703125 0.463320463320463
8 0.00048828125 0.463320463320463
8 0.001953125 0.463320463320463
8 0.0078125 0.590733590733591
8 0.03125 0.675675675675676
8 0.125 0.675675675675676
8 0.5 0.806949806949807
8 2 0.876447876447876
8 8 0.868725868725869
32 3.0517578125E-05 0.463320463320463
32 0.0001220703125 0.463320463320463
32 0.00048828125 0.463320463320463
32 0.001953125 0.590733590733591
32 0.0078125 0.66023166023166
32 0.03125 0.691119691119691
32 0.125 0.814671814671815
32 0.5 0.891891891891892
32 2 0.895752895752896
32 8 0.845559845559846
128 3.0517578125E-05 0.463320463320463
128 0.0001220703125 0.463320463320463
128 0.00048828125 0.586872586872587
128 0.001953125 0.644787644787645
128 0.0078125 0.71042471042471
128 0.03125 0.826254826254826
128 0.125 0.907335907335907
128 0.5 0.891891891891892
128 2 0.861003861003861
128 8 0.83011583011583
512 3.0517578125E-05 0.463320463320463
512 0.0001220703125 0.586872586872587
512 0.00048828125 0.66023166023166
512 0.001953125 0.702702702702703
512 0.0078125 0.822393822393822
512 0.03125 0.884169884169884
512 0.125 0.8996138996139
512 0.5 0.888030888030888
512 2 0.868725868725869
512 8 0.841698841698842
2048 3.0517578125E-05 0.590733590733591
2048 0.0001220703125 0.66023166023166
2048 0.00048828125 0.687258687258687
2048 0.001953125 0.810810810810811
2048 0.0078125 0.888030888030888
2048 0.03125 0.8996138996139
2048 0.125 0.884169884169884
2048 0.5 0.876447876447876
2048 2 0.833976833976834
2048 8 0.853281853281853
8192 3.0517578125E-05 0.664092664092664
8192 0.0001220703125 0.687258687258687
8192 0.00048828125 0.783783783783784
8192 0.001953125 0.888030888030888
8192 0.0078125 0.891891891891892
8192 0.03125 0.891891891891892
8192 0.125 0.884169884169884
8192 0.5 0.8996138996139
8192 2 0.845559845559846
8192 8 0.822393822393822
32768 3.0517578125E-05 0.683397683397683
32768 0.0001220703125 0.783783783783784
32768 0.00048828125 0.903474903474903
32768 0.001953125 0.895752895752896
32768 0.0078125 0.8996138996139
32768 0.03125 0.895752895752896
32768 0.125 0.895752895752896
32768 0.5 0.8996138996139
32768 2 0.841698841698842
32768 8 0.841698841698842
53.8173705762377 0.0525560259533572 0.806949806949807
53.8173705762377 0.0625 0.795366795366795
53.8173705762377 0.0743254446876701 0.783783783783784
53.8173705762377 0.0883883476483184 0.814671814671815
53.8173705762377 0.105112051906714 0.826254826254826
53.8173705762377 0.125 0.861003861003861
53.8173705762377 0.14865088937534 0.857142857142857
53.8173705762377 0.176776695296637 0.888030888030888
53.8173705762377 0.210224103813429 0.872586872586873
53.8173705762377 0.25 0.895752895752896
53.8173705762377 0.29730177875068 0.88030888030888
64 0.0525560259533572 0.795366795366795
64 0.0625 0.814671814671815
64 0.0743254446876701 0.818532818532819
64 0.0883883476483184 0.818532818532819
64 0.105112051906714 0.845559845559846
64 0.125 0.868725868725869
64 0.14865088937534 0.849420849420849
64 0.176776695296637 0.872586872586873
64 0.210224103813429 0.891891891891892
64 0.25 0.876447876447876
64 0.29730177875068 0.903474903474903
76.1092553601741 0.0525560259533572 0.833976833976834
76.1092553601741 0.0625 0.803088803088803
76.1092553601741 0.0743254446876701 0.810810810810811
76.1092553601741 0.0883883476483184 0.83011583011583
76.1092553601741 0.105112051906714 0.857142857142857
76.1092553601741 0.125 0.876447876447876
76.1092553601741 0.14865088937534 0.903474903474903
76.1092553601741 0.176776695296637 0.895752895752896
76.1092553601741 0.210224103813429 0.884169884169884
76.1092553601741 0.25 0.903474903474903
76.1092553601741 0.29730177875068 0.903474903474903
90.5096679918781 0.0525560259533572 0.837837837837838
90.5096679918781 0.0625 0.845559845559846
90.5096679918781 0.0743254446876701 0.853281853281853
90.5096679918781 0.0883883476483184 0.857142857142857
90.5096679918781 0.105112051906714 0.88030888030888
90.5096679918781 0.125 0.8996138996139
90.5096679918781 0.14865088937534 0.903474903474903
90.5096679918781 0.176776695296637 0.8996138996139
90.5096679918781 0.210224103813429 0.895752895752896
90.5096679918781 0.25 0.903474903474903
90.5096679918781 0.29730177875068 0.8996138996139
107.634741152475 0.0525560259533572 0.837837837837838
107.634741152475 0.0625 0.837837837837838
107.634741152475 0.0743254446876701 0.884169884169884
107.634741152475 0.0883883476483184 0.876447876447876
107.634741152475 0.105112051906714 0.868725868725869
107.634741152475 0.125 0.891891891891892
107.634741152475 0.14865088937534 0.888030888030888
107.634741152475 0.176776695296637 0.888030888030888
107.634741152475 0.210224103813429 0.907335907335907
107.634741152475 0.25 0.903474903474903
107.634741152475 0.29730177875068 0.907335907335907
152.218510720348 0.0525560259533572 0.872586872586873
152.218510720348 0.0625 0.864864864864865
152.218510720348 0.0743254446876701 0.872586872586873
152.218510720348 0.0883883476483184 0.872586872586873
152.218510720348 0.105112051906714 0.903474903474903
152.218510720348 0.125 0.907335907335907
152.218510720348 0.14865088937534 0.903474903474903
152.218510720348 0.176776695296637 0.891891891891892
152.218510720348 0.210224103813429 0.907335907335907
152.218510720348 0.25 0.903474903474903
152.218510720348 0.29730177875068 0.888030888030888
181.019335983756 0.0525560259533572 0.861003861003861
181.019335983756 0.0625 0.895752895752896
181.019335983756 0.0743254446876701 0.876447876447876
181.019335983756 0.0883883476483184 0.903474903474903
181.019335983756 0.105112051906714 0.903474903474903
181.019335983756 0.125 0.907335907335907
181.019335983756 0.14865088937534 0.907335907335907
181.019335983756 0.176776695296637 0.8996138996139
181.019335983756 0.210224103813429 0.891891891891892
181.019335983756 0.25 0.903474903474903
181.019335983756 0.29730177875068 0.907335907335907
215.269482304951 0.0525560259533572 0.888030888030888
215.269482304951 0.0625 0.891891891891892
215.269482304951 0.0743254446876701 0.911196911196911
215.269482304951 0.0883883476483184 0.907335907335907
215.269482304951 0.105112051906714 0.903474903474903
215.269482304951 0.125 0.8996138996139
215.269482304951 0.14865088937534 0.903474903474903
215.269482304951 0.176776695296637 0.884169884169884
215.269482304951 0.210224103813429 0.8996138996139
215.269482304951 0.25 0.891891891891892
215.269482304951 0.29730177875068 0.8996138996139
256 0.0525560259533572 0.891891891891892
256 0.0625 0.911196911196911
256 0.0743254446876701 0.884169884169884
256 0.0883883476483184 0.8996138996139
256 0.105112051906714 0.891891891891892
256 0.125 0.907335907335907
256 0.14865088937534 0.8996138996139
256 0.176776695296637 0.895752895752896
256 0.210224103813429 0.895752895752896
256 0.25 0.8996138996139
256 0.29730177875068 0.891891891891892
304.437021440697 0.0525560259533572 0.891891891891892
304.437021440697 0.0625 0.8996138996139
304.437021440697 0.0743254446876701 0.915057915057915
304.437021440697 0.0883883476483184 0.895752895752896
304.437021440697 0.105112051906714 0.903474903474903
304.437021440697 0.125 0.8996138996139
304.437021440697 0.14865088937534 0.907335907335907
304.437021440697 0.176776695296637 0.8996138996139
304.437021440697 0.210224103813429 0.8996138996139
304.437021440697 0.25 0.895752895752896
304.437021440697 0.29730177875068 0.891891891891892
