0.03125 3.0517578125E-05 0.49146110056926
0.03125 0.0001220703125 0.49146110056926
0.03125 0.00048828125 0.49146110056926
0.03125 0.001953125 0.49146110056926
0.03125 0.0078125 0.49146110056926
0.03125 0.03125 0.49146110056926
0.03125 0.125 0.49146110056926
0.03125 0.5 0.49146110056926
0.03125 2 0.595825426944972
0.03125 8 0.527514231499051
0.125 3.0517578125E-05 0.49146110056926
0.125 0.0001220703125 0.49146110056926
0.125 0.00048828125 0.49146110056926
0.125 0.001953125 0.49146110056926
0.125 0.0078125 0.49146110056926
0.125 0.03125 0.49146110056926
0.125 0.125 0.499051233396584
0.125 0.5 0.597722960151803
0.125 2 0.656546489563567
0.125 8 0.66034155597723
0.5 3.0517578125E-05 0.49146110056926
0.5 0.0001220703125 0.49146110056926
0.5 0.00048828125 0.49146110056926
0.5 0.001953125 0.49146110056926
0.5 0.0078125 0.49146110056926
0.5 0.03125 0.497153700189753
0.5 0.125 0.597722960151803
0.5 0.5 0.652751423149905
0.5 2 0.679316888045541
0.5 8 0.673624288425047
2 3.0517578125E-05 0.49146110056926
2 0.0001220703125 0.49146110056926
2 0.00048828125 0.49146110056926
2 0.001953125 0.49146110056926
2 0.0078125 0.500948766603416
2 0.03125 0.597722960151803
2 0.125 0.664136622390892
2 0.5 0.673624288425047
2 2 0.681214421252372
2 8 0.736242884250474
8 3.0517578125E-05 0.49146110056926
8 0.0001220703125 0.49146110056926
8 0.00048828125 0.49146110056926
8 0.001953125 0.516129032258065
8 0.0078125 0.603415559772296
8 0.03125 0.669829222011385
8 0.125 0.683111954459203
8 0.5 0.688804554079696
8 2 0.721062618595825
8 8 0.732447817836812
32 3.0517578125E-05 0.49146110056926
32 0.0001220703125 0.49146110056926
32 0.00048828125 0.506641366223909
32 0.001953125 0.601518026565465
32 0.0078125 0.669829222011385
32 0.03125 0.686907020872865
32 0.125 0.690702087286527
32 0.5 0.719165085388994
32 2 0.736242884250474
32 8 0.751423149905123
128 3.0517578125E-05 0.49146110056926
128 0.0001220703125 0.506641366223909
128 0.00048828125 0.601518026565465
128 0.001953125 0.669829222011385
128 0.0078125 0.685009487666034
128 0.03125 0.696394686907021
128 0.125 0.72865275142315
128 0.5 0.749525616698292
128 2 0.760910815939279
128 8 0.776091081593928
512 3.0517578125E-05 0.504743833017078
512 0.0001220703125 0.603415559772296
512 0.00048828125 0.662239089184061
512 0.001953125 0.690702087286527
512 0.0078125 0.698292220113852
512 0.03125 0.740037950664137
512 0.125 0.741935483870968
512 0.5 0.753320683111954
512 2 0.776091081593928
512 8 0.77988614800759
2048 3.0517578125E-05 0.605313092979127
2048 0.0001220703125 0.662239089184061
2048 0.00048828125 0.688804554079696
2048 0.001953125 0.702087286527514
2048 0.0078125 0.741935483870968
2048 0.03125 0.741935483870968
2048 0.125 0.776091081593928
2048 0.5 0.777988614800759
2048 2 0.819734345351044
2048 8 0.74573055028463
8192 3.0517578125E-05 0.658444022770398
8192 0.0001220703125 0.685009487666034
8192 0.00048828125 0.688804554079696
8192 0.001953125 0.732447817836812
8192 0.0078125 0.751423149905123
8192 0.03125 0.749525616698292
8192 0.125 0.77988614800759
8192 0.5 0.783681214421252
8192 2 0.815939278937381
8192 8 0.741935483870968
32768 3.0517578125E-05 0.688804554079696
32768 0.0001220703125 0.702087286527514
32768 0.00048828125 0.734345351043643
32768 0.001953125 0.753320683111954
32768 0.0078125 0.766603415559772
32768 0.03125 0.776091081593928
32768 0.125 0.808349146110057
32768 0.5 0.823529411764706
32768 2 0.768500948766603
32768 8 0.747628083491461
13777.2468675169 0.210224103813429 0.774193548387097
13777.2468675169 0.25 0.793168880455408
13777.2468675169 0.29730177875068 0.821631878557875
13777.2468675169 0.353553390593274 0.789373814041746
13777.2468675169 0.420448207626857 0.81404174573055
13777.2468675169 0.5 0.806451612903226
13777.2468675169 0.594603557501361 0.810246679316888
13777.2468675169 0.707106781186548 0.79696394686907
13777.2468675169 0.840896415253715 0.825426944971537
13777.2468675169 1 0.821631878557875
13777.2468675169 1.18920711500272 0.810246679316888
16384 0.210224103813429 0.787476280834915
16384 0.25 0.798861480075901
16384 0.29730177875068 0.781783681214421
16384 0.353553390593274 0.819734345351044
16384 0.420448207626857 0.819734345351044
16384 0.5 0.806451612903226
16384 0.594603557501361 0.802656546489564
16384 0.707106781186548 0.829222011385199
16384 0.840896415253715 0.838709677419355
16384 1 0.834914611005693
16384 1.18920711500272 0.836812144212524
19483.9693722046 0.210224103813429 0.79696394686907
19483.9693722046 0.25 0.821631878557875
19483.9693722046 0.29730177875068 0.812144212523719
19483.9693722046 0.353553390593274 0.812144212523719
19483.9693722046 0.420448207626857 0.827324478178368
19483.9693722046 0.5 0.79696394686907
19483.9693722046 0.594603557501361 0.842504743833017
19483.9693722046 0.707106781186548 0.827324478178368
19483.9693722046 0.840896415253715 0.821631878557875
19483.9693722046 1 0.821631878557875
19483.9693722046 1.18920711500272 0.833017077798861
23170.4750059208 0.210224103813429 0.804554079696395
23170.4750059208 0.25 0.793168880455408
23170.4750059208 0.29730177875068 0.793168880455408
23170.4750059208 0.353553390593274 0.810246679316888
23170.4750059208 0.420448207626857 0.815939278937381
23170.4750059208 0.5 0.800759013282732
23170.4750059208 0.594603557501361 0.817836812144213
23170.4750059208 0.707106781186548 0.840607210626186
23170.4750059208 0.840896415253715 0.833017077798861
23170.4750059208 1 0.825426944971537
23170.4750059208 1.18920711500272 0.829222011385199
27554.4937350337 0.210224103813429 0.798861480075901
27554.4937350337 0.25 0.810246679316888
27554.4937350337 0.29730177875068 0.817836812144213
27554.4937350337 0.353553390593274 0.806451612903226
27554.4937350337 0.420448207626857 0.821631878557875
27554.4937350337 0.5 0.808349146110057
27554.4937350337 0.594603557501361 0.815939278937381
27554.4937350337 0.707106781186548 0.821631878557875
27554.4937350337 0.840896415253715 0.836812144212524
27554.4937350337 1 0.817836812144213
27554.4937350337 1.18920711500272 0.800759013282732
38967.9387444092 0.210224103813429 0.806451612903226
38967.9387444092 0.25 0.806451612903226
38967.9387444092 0.29730177875068 0.827324478178368
38967.9387444092 0.353553390593274 0.821631878557875
38967.9387444092 0.420448207626857 0.817836812144213
38967.9387444092 0.5 0.827324478178368
38967.9387444092 0.594603557501361 0.819734345351044
38967.9387444092 0.707106781186548 0.819734345351044
38967.9387444092 0.840896415253715 0.812144212523719
38967.9387444092 1 0.812144212523719
38967.9387444092 1.18920711500272 0.808349146110057
46340.9500118416 0.210224103813429 0.81404174573055
46340.9500118416 0.25 0.823529411764706
46340.9500118416 0.29730177875068 0.825426944971537
46340.9500118416 0.353553390593274 0.821631878557875
46340.9500118416 0.420448207626857 0.812144212523719
46340.9500118416 0.5 0.821631878557875
46340.9500118416 0.594603557501361 0.823529411764706
46340.9500118416 0.707106781186548 0.834914611005693
46340.9500118416 0.840896415253715 0.825426944971537
46340.9500118416 1 0.817836812144213
46340.9500118416 1.18920711500272 0.806451612903226
55108.9874700674 0.210224103813429 0.812144212523719
55108.9874700674 0.25 0.77988614800759
55108.9874700674 0.29730177875068 0.81404174573055
55108.9874700674 0.353553390593274 0.825426944971537
55108.9874700674 0.420448207626857 0.825426944971537
55108.9874700674 0.5 0.825426944971537
55108.9874700674 0.594603557501361 0.838709677419355
55108.9874700674 0.707106781186548 0.810246679316888
55108.9874700674 0.840896415253715 0.821631878557875
55108.9874700674 1 0.815939278937381
55108.9874700674 1.18920711500272 0.787476280834915
65536 0.210224103813429 0.817836812144213
65536 0.25 0.810246679316888
65536 0.29730177875068 0.815939278937381
65536 0.353553390593274 0.827324478178368
65536 0.420448207626857 0.834914611005693
65536 0.5 0.83111954459203
65536 0.594603557501361 0.825426944971537
65536 0.707106781186548 0.815939278937381
65536 0.840896415253715 0.823529411764706
65536 1 0.800759013282732
65536 1.18920711500272 0.772296015180266
77935.8774888183 0.210224103813429 0.817836812144213
77935.8774888183 0.25 0.829222011385199
77935.8774888183 0.29730177875068 0.83111954459203
77935.8774888183 0.353553390593274 0.827324478178368
77935.8774888183 0.420448207626857 0.815939278937381
77935.8774888183 0.5 0.825426944971537
77935.8774888183 0.594603557501361 0.821631878557875
77935.8774888183 0.707106781186548 0.802656546489564
77935.8774888183 0.840896415253715 0.791271347248577
77935.8774888183 1 0.79696394686907
77935.8774888183 1.18920711500272 0.781783681214421
