0.03125 3.0517578125E-05 0.393684210526316
0.03125 0.0001220703125 0.393684210526316
0.03125 0.00048828125 0.393684210526316
0.03125 0.001953125 0.393684210526316
0.03125 0.0078125 0.393684210526316
0.03125 0.03125 0.393684210526316
0.03125 0.125 0.393684210526316
0.03125 0.5 0.393684210526316
0.03125 2 0.450526315789474
0.03125 8 0.393684210526316
0.125 3.0517578125E-05 0.393684210526316
0.125 0.0001220703125 0.393684210526316
0.125 0.00048828125 0.393684210526316
0.125 0.001953125 0.393684210526316
0.125 0.0078125 0.393684210526316
0.125 0.03125 0.393684210526316
0.125 0.125 0.393684210526316
0.125 0.5 0.623157894736842
0.125 2 0.652631578947368
0.125 8 0.637894736842105
0.5 3.0517578125E-05 0.393684210526316
0.5 0.0001220703125 0.393684210526316
0.5 0.00048828125 0.393684210526316
0.5 0.001953125 0.393684210526316
0.5 0.0078125 0.393684210526316
0.5 0.03125 0.393684210526316
0.5 0.125 0.604210526315789
0.5 0.5 0.631578947368421
0.5 2 0.658947368421053
0.5 8 0.705263157894737
2 3.0517578125E-05 0.393684210526316
2 0.0001220703125 0.393684210526316
2 0.00048828125 0.393684210526316
2 0.001953125 0.393684210526316
2 0.0078125 0.397894736842105
2 0.03125 0.593684210526316
2 0.125 0.623157894736842
2 0.5 0.684210526315789
2 2 0.703157894736842
2 8 0.770526315789474
8 3.0517578125E-05 0.393684210526316
8 0.0001220703125 0.393684210526316
8 0.00048828125 0.393684210526316
8 0.001953125 0.393684210526316
8 0.0078125 0.589473684210526
8 0.03125 0.616842105263158
8 0.125 0.690526315789474
8 0.5 0.703157894736842
8 2 0.791578947368421
8 8 0.833684210526316
32 3.0517578125E-05 0.393684210526316
32 0.0001220703125 0.393684210526316
32 0.00048828125 0.395789473684211
32 0.001953125 0.589473684210526
32 0.0078125 0.625263157894737
32 0.03125 0.684210526315789
32 0.125 0.753684210526316
32 0.5 0.783157894736842
32 2 0.814736842105263
32 8 0.821052631578947
128 3.0517578125E-05 0.393684210526316
128 0.0001220703125 0.393684210526316
128 0.00048828125 0.587368421052632
128 0.001953125 0.616842105263158
128 0.0078125 0.686315789473684
128 0.03125 0.751578947368421
128 0.125 0.781052631578947
128 0.5 0.791578947368421
128 2 0.842105263157895
128 8 0.837894736842105
512 3.0517578125E-05 0.395789473684211
512 0.0001220703125 0.589473684210526
512 0.00048828125 0.621052631578947
512 0.001953125 0.690526315789474
512 0.0078125 0.753684210526316
512 0.03125 0.778947368421053
512 0.125 0.79578947368421
512 0.5 0.812631578947368
512 2 0.84
512 8 0.84
2048 3.0517578125E-05 0.591578947368421
2048 0.0001220703125 0.614736842105263
2048 0.00048828125 0.694736842105263
2048 0.001953125 0.751578947368421
2048 0.0078125 0.787368421052632
2048 0.03125 0.8
2048 0.125 0.810526315789474
2048 0.5 0.837894736842105
2048 2 0.835789473684211
2048 8 0.816842105263158
8192 3.0517578125E-05 0.618947368421053
8192 0.0001220703125 0.68
8192 0.00048828125 0.766315789473684
8192 0.001953125 0.785263157894737
8192 0.0078125 0.797894736842105
8192 0.03125 0.804210526315789
8192 0.125 0.825263157894737
8192 0.5 0.867368421052632
8192 2 0.818947368421053
8192 8 0.827368421052632
32768 3.0517578125E-05 0.688421052631579
32768 0.0001220703125 0.757894736842105
32768 0.00048828125 0.783157894736842
32768 0.001953125 0.802105263157895
32768 0.0078125 0.785263157894737
32768 0.03125 0.823157894736842
32768 0.125 0.814736842105263
32768 0.5 0.858947368421053
32768 2 0.812631578947368
32768 8 0.812631578947368
3444.31171687921 0.210224103813429 0.814736842105263
3444.31171687921 0.25 0.846315789473684
3444.31171687921 0.29730177875068 0.833684210526316
3444.31171687921 0.353553390593274 0.837894736842105
3444.31171687921 0.420448207626857 0.846315789473684
3444.31171687921 0.5 0.852631578947368
3444.31171687921 0.594603557501361 0.831578947368421
3444.31171687921 0.707106781186548 0.867368421052632
3444.31171687921 0.840896415253715 0.863157894736842
3444.31171687921 1 0.831578947368421
3444.31171687921 1.18920711500272 0.877894736842105
4096 0.210224103813429 0.823157894736842
4096 0.25 0.829473684210526
4096 0.29730177875068 0.846315789473684
4096 0.353553390593274 0.84421052631579
4096 0.420448207626857 0.84421052631579
4096 0.5 0.858947368421053
4096 0.594603557501361 0.856842105263158
4096 0.707106781186548 0.867368421052632
4096 0.840896415253715 0.873684210526316
4096 1 0.871578947368421
4096 1.18920711500272 0.837894736842105
4870.99234305115 0.210224103813429 0.829473684210526
4870.99234305115 0.25 0.818947368421053
4870.99234305115 0.29730177875068 0.842105263157895
4870.99234305115 0.353553390593274 0.858947368421053
4870.99234305115 0.420448207626857 0.852631578947368
4870.99234305115 0.5 0.861052631578947
4870.99234305115 0.594603557501361 0.873684210526316
4870.99234305115 0.707106781186548 0.869473684210526
4870.99234305115 0.840896415253715 0.858947368421053
4870.99234305115 1 0.848421052631579
4870.99234305115 1.18920711500272 0.846315789473684
5792.6187514802 0.210224103813429 0.84
5792.6187514802 0.25 0.842105263157895
5792.6187514802 0.29730177875068 0.84
5792.6187514802 0.353553390593274 0.833684210526316
5792.6187514802 0.420448207626857 0.846315789473684
5792.6187514802 0.5 0.863157894736842
5792.6187514802 0.594603557501361 0.854736842105263
5792.6187514802 0.707106781186548 0.854736842105263
5792.6187514802 0.840896415253715 0.842105263157895
5792.6187514802 1 0.850526315789474
5792.6187514802 1.18920711500272 0.854736842105263
6888.62343375843 0.210224103813429 0.818947368421053
6888.62343375843 0.25 0.84421052631579
6888.62343375843 0.29730177875068 0.842105263157895
6888.62343375843 0.353553390593274 0.852631578947368
6888.62343375843 0.420448207626857 0.854736842105263
6888.62343375843 0.5 0.867368421052632
6888.62343375843 0.594603557501361 0.875789473684211
6888.62343375843 0.707106781186548 0.875789473684211
6888.62343375843 0.840896415253715 0.854736842105263
6888.62343375843 1 0.848421052631579
6888.62343375843 1.18920711500272 0.835789473684211
9741.98468610229 0.210224103813429 0.831578947368421
9741.98468610229 0.25 0.865263157894737
9741.98468610229 0.29730177875068 0.854736842105263
9741.98468610229 0.353553390593274 0.835789473684211
9741.98468610229 0.420448207626857 0.863157894736842
9741.98468610229 0.5 0.861052631578947
9741.98468610229 0.594603557501361 0.856842105263158
9741.98468610229 0.707106781186548 0.858947368421053
9741.98468610229 0.840896415253715 0.852631578947368
9741.98468610229 1 0.852631578947368
9741.98468610229 1.18920711500272 0.850526315789474
11585.2375029604 0.210224103813429 0.829473684210526
11585.2375029604 0.25 0.833684210526316
11585.2375029604 0.29730177875068 0.833684210526316
11585.2375029604 0.353553390593274 0.867368421052632
11585.2375029604 0.420448207626857 0.856842105263158
11585.2375029604 0.5 0.871578947368421
11585.2375029604 0.594603557501361 0.84421052631579
11585.2375029604 0.707106781186548 0.861052631578947
11585.2375029604 0.840896415253715 0.865263157894737
11585.2375029604 1 0.856842105263158
11585.2375029604 1.18920711500272 0.854736842105263
13777.2468675169 0.210224103813429 0.827368421052632
13777.2468675169 0.25 0.848421052631579
13777.2468675169 0.29730177875068 0.850526315789474
13777.2468675169 0.353553390593274 0.837894736842105
13777.2468675169 0.420448207626857 0.84421052631579
13777.2468675169 0.5 0.869473684210526
13777.2468675169 0.594603557501361 0.865263157894737
13777.2468675169 0.707106781186548 0.88
13777.2468675169 0.840896415253715 0.867368421052632
13777.2468675169 1 0.84
13777.2468675169 1.18920711500272 0.850526315789474
16384 0.210224103813429 0.818947368421053
16384 0.25 0.848421052631579
16384 0.29730177875068 0.850526315789474
16384 0.353553390593274 0.875789473684211
16384 0.420448207626857 0.890526315789474
16384 0.5 0.873684210526316
16384 0.594603557501361 0.865263157894737
16384 0.707106781186548 0.865263157894737
16384 0.840896415253715 0.863157894736842
16384 1 0.865263157894737
16384 1.18920711500272 0.850526315789474
19483.9693722046 0.210224103813429 0.84421052631579
19483.9693722046 0.25 0.850526315789474
19483.9693722046 0.29730177875068 0.858947368421053
19483.9693722046 0.353553390593274 0.858947368421053
19483.9693722046 0.420448207626857 0.869473684210526
19483.9693722046 0.5 0.877894736842105
19483.9693722046 0.594603557501361 0.850526315789474
19483.9693722046 0.707106781186548 0.846315789473684
19483.9693722046 0.840896415253715 0.867368421052632
19483.9693722046 1 0.869473684210526
19483.9693722046 1.18920711500272 0.835789473684211
