0.03125 3.0517578125E-05 0.536458333333333
0.03125 0.0001220703125 0.536458333333333
0.03125 0.00048828125 0.536458333333333
0.03125 0.001953125 0.536458333333333
0.03125 0.0078125 0.536458333333333
0.03125 0.03125 0.536458333333333
0.03125 0.125 0.536458333333333
0.03125 0.5 0.536458333333333
0.03125 2 0.536458333333333
0.03125 8 0.536458333333333
0.125 3.0517578125E-05 0.536458333333333
0.125 0.0001220703125 0.536458333333333
0.125 0.00048828125 0.536458333333333
0.125 0.001953125 0.536458333333333
0.125 0.0078125 0.536458333333333
0.125 0.03125 0.536458333333333
0.125 0.125 0.536458333333333
0.125 0.5 0.536458333333333
0.125 2 0.557291666666667
0.125 8 0.605902777777778
0.5 3.0517578125E-05 0.536458333333333
0.5 0.0001220703125 0.536458333333333
0.5 0.00048828125 0.536458333333333
0.5 0.001953125 0.536458333333333
0.5 0.0078125 0.536458333333333
0.5 0.03125 0.536458333333333
0.5 0.125 0.536458333333333
0.5 0.5 0.538194444444444
0.5 2 0.640625
0.5 8 0.666666666666667
2 3.0517578125E-05 0.536458333333333
2 0.0001220703125 0.536458333333333
2 0.00048828125 0.536458333333333
2 0.001953125 0.536458333333333
2 0.0078125 0.536458333333333
2 0.03125 0.536458333333333
2 0.125 0.536458333333333
2 0.5 0.671875
2 2 0.713541666666667
2 8 0.75
8 3.0517578125E-05 0.536458333333333
8 0.0001220703125 0.536458333333333
8 0.00048828125 0.536458333333333
8 0.001953125 0.536458333333333
8 0.0078125 0.536458333333333
8 0.03125 0.538194444444444
8 0.125 0.659722222222222
8 0.5 0.730902777777778
8 2 0.751736111111111
8 8 0.786458333333333
32 3.0517578125E-05 0.536458333333333
32 0.0001220703125 0.536458333333333
32 0.00048828125 0.536458333333333
32 0.001953125 0.536458333333333
32 0.0078125 0.536458333333333
32 0.03125 0.664930555555556
32 0.125 0.736111111111111
32 0.5 0.756944444444444
32 2 0.760416666666667
32 8 0.791666666666667
128 3.0517578125E-05 0.536458333333333
128 0.0001220703125 0.536458333333333
128 0.00048828125 0.536458333333333
128 0.001953125 0.536458333333333
128 0.0078125 0.659722222222222
128 0.03125 0.741319444444444
128 0.125 0.756944444444444
128 0.5 0.78125
128 2 0.803819444444444
128 8 0.78125
512 3.0517578125E-05 0.536458333333333
512 0.0001220703125 0.536458333333333
512 0.00048828125 0.536458333333333
512 0.001953125 0.659722222222222
512 0.0078125 0.720486111111111
512 0.03125 0.760416666666667
512 0.125 0.776041666666667
512 0.5 0.809027777777778
512 2 0.817708333333333
512 8 0.786458333333333
2048 3.0517578125E-05 0.536458333333333
2048 0.0001220703125 0.536458333333333
2048 0.00048828125 0.649305555555556
2048 0.001953125 0.713541666666667
2048 0.0078125 0.75
2048 0.03125 0.765625
2048 0.125 0.788194444444444
2048 0.5 0.802083333333333
2048 2 0.796875
2048 8 0.782986111111111
8192 3.0517578125E-05 0.536458333333333
8192 0.0001220703125 0.65625
8192 0.00048828125 0.717013888888889
8192 0.001953125 0.744791666666667
8192 0.0078125 0.769097222222222
8192 0.03125 0.776041666666667
8192 0.125 0.807291666666667
8192 0.5 0.807291666666667
8192 2 0.788194444444444
8192 8 0.8125
32768 3.0517578125E-05 0.661458333333333
32768 0.0001220703125 0.722222222222222
32768 0.00048828125 0.748263888888889
32768 0.001953125 0.751736111111111
32768 0.0078125 0.769097222222222
32768 0.03125 0.789930555555556
32768 0.125 0.789930555555556
32768 0.5 0.840277777777778
32768 2 0.798611111111111
32768 8 0.786458333333333
13777.2468675169 0.210224103813429 0.807291666666667
13777.2468675169 0.25 0.809027777777778
13777.2468675169 0.29730177875068 0.805555555555556
13777.2468675169 0.353553390593274 0.786458333333333
13777.2468675169 0.420448207626857 0.803819444444444
13777.2468675169 0.5 0.810763888888889
13777.2468675169 0.594603557501361 0.814236111111111
13777.2468675169 0.707106781186548 0.836805555555556
13777.2468675169 0.840896415253715 0.817708333333333
13777.2468675169 1 0.833333333333333
13777.2468675169 1.18920711500272 0.821180555555556
16384 0.210224103813429 0.800347222222222
16384 0.25 0.802083333333333
16384 0.29730177875068 0.798611111111111
16384 0.353553390593274 0.795138888888889
16384 0.420448207626857 0.824652777777778
16384 0.5 0.8125
16384 0.594603557501361 0.803819444444444
16384 0.707106781186548 0.819444444444444
16384 0.840896415253715 0.831597222222222
16384 1 0.800347222222222
16384 1.18920711500272 0.826388888888889
19483.9693722046 0.210224103813429 0.810763888888889
19483.9693722046 0.25 0.805555555555556
19483.9693722046 0.29730177875068 0.821180555555556
19483.9693722046 0.353553390593274 0.809027777777778
19483.9693722046 0.420448207626857 0.817708333333333
19483.9693722046 0.5 0.833333333333333
19483.9693722046 0.594603557501361 0.810763888888889
19483.9693722046 0.707106781186548 0.809027777777778
19483.9693722046 0.840896415253715 0.824652777777778
19483.9693722046 1 0.836805555555556
19483.9693722046 1.18920711500272 0.828125
23170.4750059208 0.210224103813429 0.788194444444444
23170.4750059208 0.25 0.791666666666667
23170.4750059208 0.29730177875068 0.8125
23170.4750059208 0.353553390593274 0.805555555555556
23170.4750059208 0.420448207626857 0.819444444444444
23170.4750059208 0.5 0.791666666666667
23170.4750059208 0.594603557501361 0.817708333333333
23170.4750059208 0.707106781186548 0.842013888888889
23170.4750059208 0.840896415253715 0.855902777777778
23170.4750059208 1 0.836805555555556
23170.4750059208 1.18920711500272 0.819444444444444
27554.4937350337 0.210224103813429 0.793402777777778
27554.4937350337 0.25 0.805555555555556
27554.4937350337 0.29730177875068 0.798611111111111
27554.4937350337 0.353553390593274 0.809027777777778
27554.4937350337 0.420448207626857 0.8125
27554.4937350337 0.5 0.826388888888889
27554.4937350337 0.594603557501361 0.835069444444444
27554.4937350337 0.707106781186548 0.815972222222222
27554.4937350337 0.840896415253715 0.836805555555556
27554.4937350337 1 0.828125
27554.4937350337 1.18920711500272 0.798611111111111
38967.9387444092 0.210224103813429 0.803819444444444
38967.9387444092 0.25 0.796875
38967.9387444092 0.29730177875068 0.8125
38967.9387444092 0.353553390593274 0.815972222222222
38967.9387444092 0.420448207626857 0.809027777777778
38967.9387444092 0.5 0.814236111111111
38967.9387444092 0.594603557501361 0.847222222222222
38967.9387444092 0.707106781186548 0.824652777777778
38967.9387444092 0.840896415253715 0.802083333333333
38967.9387444092 1 0.795138888888889
38967.9387444092 1.18920711500272 0.802083333333333
46340.9500118416 0.210224103813429 0.807291666666667
46340.9500118416 0.25 0.805555555555556
46340.9500118416 0.29730177875068 0.819444444444444
46340.9500118416 0.353553390593274 0.815972222222222
46340.9500118416 0.420448207626857 0.805555555555556
46340.9500118416 0.5 0.817708333333333
46340.9500118416 0.594603557501361 0.814236111111111
46340.9500118416 0.707106781186548 0.845486111111111
46340.9500118416 0.840896415253715 0.819444444444444
46340.9500118416 1 0.8125
46340.9500118416 1.18920711500272 0.810763888888889
55108.9874700674 0.210224103813429 0.807291666666667
55108.9874700674 0.25 0.798611111111111
55108.9874700674 0.29730177875068 0.798611111111111
55108.9874700674 0.353553390593274 0.828125
55108.9874700674 0.420448207626857 0.824652777777778
55108.9874700674 0.5 0.821180555555556
55108.9874700674 0.594603557501361 0.815972222222222
55108.9874700674 0.707106781186548 0.819444444444444
55108.9874700674 0.840896415253715 0.8125
55108.9874700674 1 0.796875
55108.9874700674 1.18920711500272 0.810763888888889
65536 0.210224103813429 0.807291666666667
65536 0.25 0.802083333333333
65536 0.29730177875068 0.829861111111111
65536 0.353553390593274 0.822916666666667
65536 0.420448207626857 0.836805555555556
65536 0.5 0.829861111111111
65536 0.594603557501361 0.838541666666667
65536 0.707106781186548 0.828125
65536 0.840896415253715 0.835069444444444
65536 1 0.817708333333333
65536 1.18920711500272 0.819444444444444
77935.8774888183 0.210224103813429 0.803819444444444
77935.8774888183 0.25 0.819444444444444
77935.8774888183 0.29730177875068 0.838541666666667
77935.8774888183 0.353553390593274 0.814236111111111
77935.8774888183 0.420448207626857 0.822916666666667
77935.8774888183 0.5 0.803819444444444
77935.8774888183 0.594603557501361 0.814236111111111
77935.8774888183 0.707106781186548 0.831597222222222
77935.8774888183 0.840896415253715 0.828125
77935.8774888183 1 0.824652777777778
77935.8774888183 1.18920711500272 0.822916666666667
