0.03125 3.0517578125E-05 0.484162895927602
0.03125 0.0001220703125 0.484162895927602
0.03125 0.00048828125 0.484162895927602
0.03125 0.001953125 0.484162895927602
0.03125 0.0078125 0.484162895927602
0.03125 0.03125 0.484162895927602
0.03125 0.125 0.484162895927602
0.03125 0.5 0.484162895927602
0.03125 2 0.484162895927602
0.03125 8 0.484162895927602
0.125 3.0517578125E-05 0.484162895927602
0.125 0.0001220703125 0.484162895927602
0.125 0.00048828125 0.484162895927602
0.125 0.001953125 0.484162895927602
0.125 0.0078125 0.484162895927602
0.125 0.03125 0.484162895927602
0.125 0.125 0.484162895927602
0.125 0.5 0.484162895927602
0.125 2 0.561085972850679
0.125 8 0.6289592760181
0.5 3.0517578125E-05 0.484162895927602
0.5 0.0001220703125 0.484162895927602
0.5 0.00048828125 0.484162895927602
0.5 0.001953125 0.484162895927602
0.5 0.0078125 0.484162895927602
0.5 0.03125 0.484162895927602
0.5 0.125 0.484162895927602
0.5 0.5 0.6289592760181
0.5 2 0.633484162895928
0.5 8 0.69683257918552
2 3.0517578125E-05 0.484162895927602
2 0.0001220703125 0.484162895927602
2 0.00048828125 0.484162895927602
2 0.001953125 0.484162895927602
2 0.0078125 0.484162895927602
2 0.03125 0.484162895927602
2 0.125 0.610859728506787
2 0.5 0.69683257918552
2 2 0.719457013574661
2 8 0.760180995475113
8 3.0517578125E-05 0.484162895927602
8 0.0001220703125 0.484162895927602
8 0.00048828125 0.484162895927602
8 0.001953125 0.484162895927602
8 0.0078125 0.48868778280543
8 0.03125 0.638009049773756
8 0.125 0.723981900452489
8 0.5 0.782805429864253
8 2 0.809954751131222
8 8 0.800904977375566
32 3.0517578125E-05 0.484162895927602
32 0.0001220703125 0.484162895927602
32 0.00048828125 0.484162895927602
32 0.001953125 0.484162895927602
32 0.0078125 0.6289592760181
32 0.03125 0.69683257918552
32 0.125 0.742081447963801
32 0.5 0.809954751131222
32 2 0.828054298642534
32 8 0.846153846153846
128 3.0517578125E-05 0.484162895927602
128 0.0001220703125 0.484162895927602
128 0.00048828125 0.484162895927602
128 0.001953125 0.633484162895928
128 0.0078125 0.705882352941177
128 0.03125 0.809954751131222
128 0.125 0.805429864253394
128 0.5 0.850678733031674
128 2 0.864253393665158
128 8 0.828054298642534
512 3.0517578125E-05 0.484162895927602
512 0.0001220703125 0.484162895927602
512 0.00048828125 0.601809954751131
512 0.001953125 0.69683257918552
512 0.0078125 0.737556561085973
512 0.03125 0.832579185520362
512 0.125 0.850678733031674
512 0.5 0.855203619909502
512 2 0.85972850678733
512 8 0.846153846153846
2048 3.0517578125E-05 0.484162895927602
2048 0.0001220703125 0.606334841628959
2048 0.00048828125 0.69683257918552
2048 0.001953125 0.800904977375566
2048 0.0078125 0.81447963800905
2048 0.03125 0.850678733031674
2048 0.125 0.841628959276018
2048 0.5 0.85972850678733
2048 2 0.877828054298643
2048 8 0.855203619909502
8192 3.0517578125E-05 0.615384615384615
8192 0.0001220703125 0.669683257918552
8192 0.00048828125 0.742081447963801
8192 0.001953125 0.841628959276018
8192 0.0078125 0.846153846153846
8192 0.03125 0.864253393665158
8192 0.125 0.877828054298643
8192 0.5 0.850678733031674
8192 2 0.855203619909502
8192 8 0.841628959276018
32768 3.0517578125E-05 0.67420814479638
32768 0.0001220703125 0.787330316742081
32768 0.00048828125 0.81447963800905
32768 0.001953125 0.850678733031674
32768 0.0078125 0.850678733031674
32768 0.03125 0.846153846153846
32768 0.125 0.850678733031674
32768 0.5 0.846153846153846
32768 2 0.832579185520362
32768 8 0.81447963800905
861.077929219804 0.840896415253715 0.864253393665158
861.077929219804 1 0.83710407239819
861.077929219804 1.18920711500272 0.841628959276018
861.077929219804 1.4142135623731 0.846153846153846
861.077929219804 1.68179283050743 0.864253393665158
861.077929219804 2 0.855203619909502
861.077929219804 2.37841423000544 0.832579185520362
861.077929219804 2.82842712474619 0.809954751131222
861.077929219804 3.36358566101486 0.850678733031674
861.077929219804 4 0.832579185520362
861.077929219804 4.75682846001088 0.855203619909502
1024 0.840896415253715 0.855203619909502
1024 1 0.819004524886878
1024 1.18920711500272 0.882352941176471
1024 1.4142135623731 0.832579185520362
1024 1.68179283050743 0.809954751131222
1024 2 0.877828054298643
1024 2.37841423000544 0.85972850678733
1024 2.82842712474619 0.85972850678733
1024 3.36358566101486 0.864253393665158
1024 4 0.819004524886878
1024 4.75682846001088 0.864253393665158
1217.74808576279 0.840896415253715 0.819004524886878
1217.74808576279 1 0.841628959276018
1217.74808576279 1.18920711500272 0.83710407239819
1217.74808576279 1.4142135623731 0.841628959276018
1217.74808576279 1.68179283050743 0.841628959276018
1217.74808576279 2 0.841628959276018
1217.74808576279 2.37841423000544 0.823529411764706
1217.74808576279 2.82842712474619 0.846153846153846
1217.74808576279 3.36358566101486 0.832579185520362
1217.74808576279 4 0.823529411764706
1217.74808576279 4.75682846001088 0.850678733031674
1448.15468787005 0.840896415253715 0.868778280542986
1448.15468787005 1 0.846153846153846
1448.15468787005 1.18920711500272 0.85972850678733
1448.15468787005 1.4142135623731 0.868778280542986
1448.15468787005 1.68179283050743 0.83710407239819
1448.15468787005 2 0.828054298642534
1448.15468787005 2.37841423000544 0.85972850678733
1448.15468787005 2.82842712474619 0.846153846153846
1448.15468787005 3.36358566101486 0.83710407239819
1448.15468787005 4 0.895927601809955
1448.15468787005 4.75682846001088 0.823529411764706
1722.15585843961 0.840896415253715 0.828054298642534
1722.15585843961 1 0.832579185520362
1722.15585843961 1.18920711500272 0.864253393665158
1722.15585843961 1.4142135623731 0.83710407239819
1722.15585843961 1.68179283050743 0.841628959276018
1722.15585843961 2 0.841628959276018
1722.15585843961 2.37841423000544 0.85972850678733
1722.15585843961 2.82842712474619 0.832579185520362
1722.15585843961 3.36358566101486 0.850678733031674
1722.15585843961 4 0.868778280542986
1722.15585843961 4.75682846001088 0.823529411764706
2435.49617152557 0.840896415253715 0.855203619909502
2435.49617152557 1 0.832579185520362
2435.49617152557 1.18920711500272 0.841628959276018
2435.49617152557 1.4142135623731 0.832579185520362
2435.49617152557 1.68179283050743 0.83710407239819
2435.49617152557 2 0.81447963800905
2435.49617152557 2.37841423000544 0.832579185520362
2435.49617152557 2.82842712474619 0.850678733031674
2435.49617152557 3.36358566101486 0.855203619909502
2435.49617152557 4 0.868778280542986
2435.49617152557 4.75682846001088 0.864253393665158
2896.3093757401 0.840896415253715 0.841628959276018
2896.3093757401 1 0.850678733031674
2896.3093757401 1.18920711500272 0.83710407239819
2896.3093757401 1.4142135623731 0.819004524886878
2896.3093757401 1.68179283050743 0.823529411764706
2896.3093757401 2 0.864253393665158
2896.3093757401 2.37841423000544 0.855203619909502
2896.3093757401 2.82842712474619 0.83710407239819
2896.3093757401 3.36358566101486 0.823529411764706
2896.3093757401 4 0.855203619909502
2896.3093757401 4.75682846001088 0.850678733031674
3444.31171687921 0.840896415253715 0.868778280542986
3444.31171687921 1 0.83710407239819
3444.31171687921 1.18920711500272 0.819004524886878
3444.31171687921 1.4142135623731 0.864253393665158
3444.31171687921 1.68179283050743 0.828054298642534
3444.31171687921 2 0.841628959276018
3444.31171687921 2.37841423000544 0.832579185520362
3444.31171687921 2.82842712474619 0.832579185520362
3444.31171687921 3.36358566101486 0.850678733031674
3444.31171687921 4 0.846153846153846
3444.31171687921 4.75682846001088 0.841628959276018
4096 0.840896415253715 0.832579185520362
4096 1 0.850678733031674
4096 1.18920711500272 0.85972850678733
4096 1.4142135623731 0.85972850678733
4096 1.68179283050743 0.864253393665158
4096 2 0.846153846153846
4096 2.37841423000544 0.83710407239819
4096 2.82842712474619 0.846153846153846
4096 3.36358566101486 0.850678733031674
4096 4 0.83710407239819
4096 4.75682846001088 0.846153846153846
4870.99234305115 0.840896415253715 0.868778280542986
4870.99234305115 1 0.864253393665158
4870.99234305115 1.18920711500272 0.873303167420814
4870.99234305115 1.4142135623731 0.855203619909502
4870.99234305115 1.68179283050743 0.841628959276018
4870.99234305115 2 0.855203619909502
4870.99234305115 2.37841423000544 0.868778280542986
4870.99234305115 2.82842712474619 0.83710407239819
4870.99234305115 3.36358566101486 0.823529411764706
4870.99234305115 4 0.841628959276018
4870.99234305115 4.75682846001088 0.832579185520362
