0.03125 3.0517578125E-05 0.5
0.03125 0.0001220703125 0.5
0.03125 0.00048828125 0.5
0.03125 0.001953125 0.5
0.03125 0.0078125 0.5
0.03125 0.03125 0.5
0.03125 0.125 0.5
0.03125 0.5 0.5
0.03125 2 0.518496420047733
0.03125 8 0.525656324582339
0.125 3.0517578125E-05 0.5
0.125 0.0001220703125 0.5
0.125 0.00048828125 0.5
0.125 0.001953125 0.5
0.125 0.0078125 0.5
0.125 0.03125 0.5
0.125 0.125 0.5
0.125 0.5 0.530429594272076
0.125 2 0.543556085918854
0.125 8 0.566825775656325
0.5 3.0517578125E-05 0.5
0.5 0.0001220703125 0.5
0.5 0.00048828125 0.5
0.5 0.001953125 0.5
0.5 0.0078125 0.5
0.5 0.03125 0.5
0.5 0.125 0.524463007159905
0.5 0.5 0.556682577565632
0.5 2 0.618138424821002
0.5 8 0.643198090692124
2 3.0517578125E-05 0.5
2 0.0001220703125 0.5
2 0.00048828125 0.5
2 0.001953125 0.5
2 0.0078125 0.5
2 0.03125 0.532816229116945
2 0.125 0.557875894988067
2 0.5 0.62708830548926
2 2 0.661694510739857
2 8 0.671837708830549
8 3.0517578125E-05 0.5
8 0.0001220703125 0.5
8 0.00048828125 0.5
8 0.001953125 0.5
8 0.0078125 0.517899761336516
8 0.03125 0.570405727923628
8 0.125 0.624701670644391
8 0.5 0.671837708830549
8 2 0.701670644391408
8 8 0.721957040572792
32 3.0517578125E-05 0.5
32 0.0001220703125 0.5
32 0.00048828125 0.5
32 0.001953125 0.51491646778043
32 0.0078125 0.56563245823389
32 0.03125 0.623508353221957
32 0.125 0.656324582338902
32 0.5 0.70346062052506
32 2 0.733293556085919
32 8 0.778639618138425
128 3.0517578125E-05 0.5
128 0.0001220703125 0.5
128 0.00048828125 0.51491646778043
128 0.001953125 0.568019093078759
128 0.0078125 0.622315035799523
128 0.03125 0.657517899761337
128 0.125 0.686754176610978
128 0.5 0.741050119331742
128 2 0.783412887828162
128 8 0.782816229116945
512 3.0517578125E-05 0.5
512 0.0001220703125 0.525656324582339
512 0.00048828125 0.572792362768496
512 0.001953125 0.624105011933174
512 0.0078125 0.653937947494033
512 0.03125 0.68019093078759
512 0.125 0.724343675417661
512 0.5 0.77744630071599
512 2 0.803102625298329
512 8 0.7881861575179
2048 3.0517578125E-05 0.520883054892601
2048 0.0001220703125 0.572792362768496
2048 0.00048828125 0.625894988066826
2048 0.001953125 0.662887828162291
2048 0.0078125 0.672434367541766
2048 0.03125 0.70346062052506
2048 0.125 0.752983293556086
2048 0.5 0.804295942720764
2048 2 0.813245823389022
2048 8 0.780429594272076
8192 3.0517578125E-05 0.572792362768496
8192 0.0001220703125 0.620525059665871
8192 0.00048828125 0.660501193317422
8192 0.001953125 0.677804295942721
8192 0.0078125 0.686157517899761
8192 0.03125 0.743436754176611
8192 0.125 0.77744630071599
8192 0.5 0.806682577565632
8192 2 0.812649164677804
8192 8 0.76491646778043
32768 3.0517578125E-05 0.62708830548926
32768 0.0001220703125 0.66109785202864
32768 0.00048828125 0.677804295942721
32768 0.001953125 0.694510739856802
32768 0.0078125 0.711217183770883
32768 0.03125 0.76909307875895
32768 0.125 0.803699284009546
32768 0.5 0.810262529832936
32768 2 0.806682577565632
32768 8 0.751789976133652
861.077929219804 0.840896415253715 0.798329355608592
861.077929219804 1 0.795942720763723
861.077929219804 1.18920711500272 0.795942720763723
861.077929219804 1.4142135623731 0.802505966587112
861.077929219804 1.68179283050743 0.79653937947494
861.077929219804 2 0.797732696897375
861.077929219804 2.37841423000544 0.812052505966587
861.077929219804 2.82842712474619 0.813842482100239
861.077929219804 3.36358566101486 0.81563245823389
861.077929219804 4 0.812052505966587
861.077929219804 4.75682846001088 0.808472553699284
1024 0.840896415253715 0.797732696897375
1024 1 0.810859188544153
1024 1.18920711500272 0.803699284009546
1024 1.4142135623731 0.81145584725537
1024 1.68179283050743 0.801909307875895
1024 2 0.809665871121718
1024 2.37841423000544 0.807875894988067
1024 2.82842712474619 0.808472553699284
1024 3.36358566101486 0.804892601431981
1024 4 0.804295942720764
1024 4.75682846001088 0.803699284009546
1217.74808576279 0.840896415253715 0.800119331742243
1217.74808576279 1 0.803102625298329
1217.74808576279 1.18920711500272 0.806085918854415
1217.74808576279 1.4142135623731 0.802505966587112
1217.74808576279 1.68179283050743 0.805489260143198
1217.74808576279 2 0.800119331742243
1217.74808576279 2.37841423000544 0.800119331742243
1217.74808576279 2.82842712474619 0.812052505966587
1217.74808576279 3.36358566101486 0.798926014319809
1217.74808576279 4 0.813842482100239
1217.74808576279 4.75682846001088 0.797136038186158
1448.15468787005 0.840896415253715 0.804892601431981
1448.15468787005 1 0.801909307875895
1448.15468787005 1.18920711500272 0.801312649164678
1448.15468787005 1.4142135623731 0.804295942720764
1448.15468787005 1.68179283050743 0.794152744630072
1448.15468787005 2 0.800715990453461
1448.15468787005 2.37841423000544 0.804892601431981
1448.15468787005 2.82842712474619 0.812649164677804
1448.15468787005 3.36358566101486 0.816229116945107
1448.15468787005 4 0.803699284009546
1448.15468787005 4.75682846001088 0.794152744630072
1722.15585843961 0.840896415253715 0.806682577565632
1722.15585843961 1 0.793556085918854
1722.15585843961 1.18920711500272 0.813245823389022
1722.15585843961 1.4142135623731 0.806085918854415
1722.15585843961 1.68179283050743 0.806682577565632
1722.15585843961 2 0.799522673031026
1722.15585843961 2.37841423000544 0.828162291169451
1722.15585843961 2.82842712474619 0.816825775656325
1722.15585843961 3.36358566101486 0.795942720763723
1722.15585843961 4 0.791766109785203
1722.15585843961 4.75682846001088 0.800119331742243
2435.49617152557 0.840896415253715 0.802505966587112
2435.49617152557 1 0.813245823389022
2435.49617152557 1.18920711500272 0.79653937947494
2435.49617152557 1.4142135623731 0.812649164677804
2435.49617152557 1.68179283050743 0.814439140811456
2435.49617152557 2 0.806682577565632
2435.49617152557 2.37841423000544 0.821599045346062
2435.49617152557 2.82842712474619 0.800119331742243
2435.49617152557 3.36358566101486 0.806682577565632
2435.49617152557 4 0.785799522673031
2435.49617152557 4.75682846001088 0.800119331742243
2896.3093757401 0.840896415253715 0.810262529832936
2896.3093757401 1 0.803699284009546
2896.3093757401 1.18920711500272 0.814439140811456
2896.3093757401 1.4142135623731 0.809665871121718
2896.3093757401 1.68179283050743 0.800119331742243
2896.3093757401 2 0.813842482100239
2896.3093757401 2.37841423000544 0.809665871121718
2896.3093757401 2.82842712474619 0.818019093078759
2896.3093757401 3.36358566101486 0.81145584725537
2896.3093757401 4 0.798329355608592
2896.3093757401 4.75682846001088 0.793556085918854
3444.31171687921 0.840896415253715 0.806085918854415
3444.31171687921 1 0.798329355608592
3444.31171687921 1.18920711500272 0.80727923627685
3444.31171687921 1.4142135623731 0.803102625298329
3444.31171687921 1.68179283050743 0.8263723150358
3444.31171687921 2 0.813245823389022
3444.31171687921 2.37841423000544 0.816229116945107
3444.31171687921 2.82842712474619 0.808472553699284
3444.31171687921 3.36358566101486 0.80727923627685
3444.31171687921 4 0.804892601431981
3444.31171687921 4.75682846001088 0.79236276849642
4096 0.840896415253715 0.810859188544153
4096 1 0.799522673031026
4096 1.18920711500272 0.810859188544153
4096 1.4142135623731 0.81145584725537
4096 1.68179283050743 0.80727923627685
4096 2 0.798926014319809
4096 2.37841423000544 0.809665871121718
4096 2.82842712474619 0.81563245823389
4096 3.36358566101486 0.809665871121718
4096 4 0.7881861575179
4096 4.75682846001088 0.774463007159905
4870.99234305115 0.840896415253715 0.809069212410501
4870.99234305115 1 0.810859188544153
4870.99234305115 1.18920711500272 0.807875894988067
4870.99234305115 1.4142135623731 0.795346062052506
4870.99234305115 1.68179283050743 0.810859188544153
4870.99234305115 2 0.810262529832936
4870.99234305115 2.37841423000544 0.825178997613365
4870.99234305115 2.82842712474619 0.813245823389022
4870.99234305115 3.36358566101486 0.79653937947494
4870.99234305115 4 0.786992840095465
4870.99234305115 4.75682846001088 0.794152744630072
