labels -1 0 1
0 0 0.0178550073391059 0.904878797727045 0.077266194933849 
0 0 0.0100888566648533 0.985181364301163 0.00472977903398411 
0 0 0.432535130131388 0.567118470740308 0.000346399128304903 
0 0 0.184132118330048 0.812896193996404 0.00297168767354767 
0 -1 0.936494152633715 0.0634940590416302 1.17883246551643E-05 
-1 -1 0.927654506500512 0.0722185554957948 0.000126938003693787 
-1 0 0.288085308995392 0.711459432266803 0.000455258737805494 
-1 0 0.204301594568268 0.794409471010023 0.00128893442170836 
-1 0 0.245304922361408 0.752746572404013 0.00194850523457857 
-1 0 0.0449695578114803 0.951915845871089 0.00311459631743025 
-1 0 0.0195753620228003 0.976085691302674 0.00433894667452605 
0 0 0.0377988143852646 0.95982317054014 0.00237801507459552 
-1 0 0.0186617585733679 0.96282602384226 0.0185122175843725 
-1 0 0.0274498228477827 0.967035970128712 0.00551420702350532 
0 0 0.00687002747356085 0.970644304644642 0.0224856678817976 
-1 0 0.0114190487742146 0.948383508729311 0.0401974424964746 
-1 0 0.00636949813588346 0.973185426354481 0.0204450755096356 
-1 0 0.0805950692366108 0.91611667232785 0.00328825843553923 
0 0 0.00916986735456384 0.984547017738522 0.00628311490691398 
0 0 0.0283646633591771 0.963678710093804 0.00795662654701913 
0 0 0.0397811122371322 0.938788306169335 0.0214305815935335 
0 0 0.0211045015013557 0.955032051003427 0.0238634474952167 
0 0 0.0215349878368156 0.970367134140499 0.00809787802268512 
0 0 0.00916294457842373 0.953459677853082 0.0373773775684942 
0 0 0.0170730192136517 0.952133814257588 0.03079316652876 
0 0 0.14022616119202 0.858053245104326 0.0017205937036535 
0 0 0.00337385102030004 0.946898574602135 0.0497275743775648 
0 0 0.00504198201403674 0.910233042252165 0.0847249757337984 
0 0 0.0697464063872364 0.925090269247641 0.00516332436512237 
0 0 0.0241674368960345 0.963395029115162 0.0124375339888038 
0 0 0.00354136630243594 0.97680056731376 0.019658066383804 
0 0 0.00461108422635507 0.97952708490091 0.0158618308727346 
0 0 0.0318477620210048 0.942518361040015 0.0256338769389805 
0 0 0.105152551895024 0.890405043075114 0.00444240502986237 
0 0 0.0108243895757781 0.977172309623776 0.0120033008004464 
0 0 0.0283870815194172 0.948403188463291 0.0232097300172911 
0 0 0.0404073007522312 0.930255572504156 0.0293371267436132 
0 0 0.00384553585944796 0.913355552206916 0.0827989119336364 
0 0 0.00315146730031412 0.79691746991813 0.199931062781556 
0 0 0.00461706139480113 0.869953860749681 0.125429077855518 
0 1 0.0027446998240283 0.328168372247521 0.669086927928451 
0 1 0.102497297506336 0.358695847877135 0.538806854616529 
0 0 0.0485846291415899 0.7863826375849 0.16503273327351 
0 0 0.000253450783473914 0.991582289398119 0.0081642598184069 
0 0 0.000239526644625667 0.991902908630052 0.00785756472532258 
0 0 0.00025427876781209 0.991644885288992 0.00810083594319579 
0 0 0.00311609209268619 0.958187121386678 0.038696786520636 
0 0 0.0140468387249605 0.984622829768055 0.00133033150698477 
-1 0 9.1628575351707E-05 0.994744887705986 0.0051634837186621 
0 0 4.20601488278813E-05 0.996679905909009 0.00327803394216275 
-1 0 8.96162961748354E-05 0.995132946215819 0.00477743748800565 
-1 0 3.74604839775355E-05 0.996887457713025 0.00307508180299745 
-1 0 0.0148033632044554 0.984942215554661 0.000254421240883594 
-1 0 0.00443779197415716 0.995505612686098 5.65953397447994E-05 
-1 0 0.0408169561269828 0.9591788840761 4.15979691733974E-06 
-1 0 0.0210056729980094 0.978969523591125 2.4803410865043E-05 
-1 0 0.0203467489008507 0.979649843470124 3.40762902577595E-06 
-1 0 0.00249922564242203 0.99749350115256 7.27320501817864E-06 
-1 0 0.131381458312174 0.868591914021922 2.6627665904004E-05 
-1 0 0.0445090711317486 0.955489969257361 9.59610890730892E-07 
-1 0 0.214853820335284 0.785146023016166 1.56648549736381E-07 
-1 -1 0.526750941242361 0.473120198765015 0.000128859992623563 
-1 -1 0.960533283819819 0.0394630237794469 3.69240073427511E-06 
-1 -1 0.972416851634824 0.0275822917908578 8.56574318191795E-07 
-1 -1 0.754138516892936 0.245854745432058 6.73767500551608E-06 
-1 -1 0.855477388784742 0.144522093696012 5.17519246784401E-07 
-1 -1 0.95148283411968 0.0485171103826457 5.54976748559001E-08 
-1 -1 0.548169289593078 0.45171654120161 0.000114169205312098 
-1 0 0.461594850646586 0.538193430015004 0.000211719338409835 
-1 -1 0.930309578079069 0.0696802960958418 1.01258250888702E-05 
-1 -1 0.94382849809472 0.0561711585260233 3.43379256868266E-07 
0 -1 0.934714302605536 0.0652790329632069 6.66443125742059E-06 
-1 0 0.292058367184455 0.707931965662314 9.66715323037524E-06 
0 -1 0.514739327792042 0.485125262406203 0.0001354098017555 
0 0 0.049708786469167 0.950276631405705 1.45821251277473E-05 
0 0 0.027942135592284 0.972002028986347 5.58354213687957E-05 
-1 0 0.07197359190827 0.92796654301236 5.98650793695088E-05 
-1 0 0.200180786285016 0.799766601680297 5.26120346866948E-05 
0 0 0.313311701883623 0.684212707330255 0.00247559078612174 
-1 0 0.0430712993062857 0.948638572334144 0.00829012835957003 
-1 0 0.328965632493228 0.669962122734188 0.00107224477258372 
0 -1 0.61418848383138 0.385737552047691 7.39641209293079E-05 
0 0 0.126297522884476 0.872795314580971 0.000907162534553168 
0 0 0.128598603228608 0.87075132770988 0.00065006906151247 
0 0 0.0127678148004881 0.98664096587623 0.000591219323281921 
0 0 0.00248440370369248 0.994495039368462 0.00302055692784601 
0 0 0.000774811698863911 0.984937167781059 0.0142880205200771 
0 0 0.00661049373858268 0.972458559356903 0.0209309469045141 
0 0 0.00694330271937574 0.983644243884861 0.00941245339576284 
0 0 0.0161745459692084 0.98038812710835 0.00343732692244189 
0 0 0.0324050163543938 0.959518154631567 0.0080768290140399 
0 0 0.00773601902075682 0.984576218127464 0.00768776285177879 
0 0 0.0958877640926022 0.901431240394424 0.00268099551297361 
0 0 0.0861074910373457 0.910369398776276 0.00352311018637825 
0 0 0.0291899916983677 0.967038703609741 0.00377130469189093 
0 0 0.177240375138622 0.801639627350823 0.0211199975105547 
0 0 0.11999069206298 0.877796477274337 0.0022128306626821 
0 0 0.103525009090839 0.894586971508483 0.00188801940067769 
0 0 0.232597675356932 0.766484932465111 0.000917392177956986 
-1 0 0.114959182134441 0.881710345230399 0.00333047263515993 
-1 0 0.141229502729361 0.855222385759954 0.00354811151068485 
-1 0 0.304264703495653 0.692633801797088 0.00310149470725857 
0 0 0.111536050815704 0.883192416538564 0.00527153264573212 
0 0 0.0787750234899012 0.891352301939466 0.029872674570633 
0 0 0.11558167107119 0.868244686667498 0.0161736422613119 
0 0 0.0979348989849858 0.869422388970287 0.0326427120447273 
0 0 0.20254627537262 0.776958790212221 0.0204949344151588 
-1 0 0.087075970877211 0.904378497440303 0.00854553168248553 
-1 0 0.166094497762473 0.829435753007054 0.00446974923047304 
-1 0 0.1096410483883 0.878045179254437 0.0123137723572629 
-1 0 0.380945536256429 0.61331450434927 0.00573995939430142 
-1 0 0.334107054568775 0.631362433241948 0.0345305121892763 
-1 0 0.199986413887667 0.777856067417297 0.0221575186950357 
-1 0 0.185041748718061 0.792362835930899 0.02259541535104 
0 0 0.110439230627505 0.831804003668454 0.0577567657040414 
0 0 0.0196476285813265 0.58937596102491 0.390976410393764 
0 0 0.0178826325303512 0.69780308681036 0.284314280659289 
1 0 0.00808515032658853 0.518537589276524 0.473377260396887 
1 1 0.00537572393494186 0.461391351435206 0.533232924629852 
1 1 0.00130434549127869 0.391273003157802 0.60742265135092 
1 0 0.000605221861319025 0.517431967047031 0.48196281109165 
1 0 0.00188735992424654 0.632604737411247 0.365507902664507 
1 0 0.00356599190650683 0.576990737166485 0.419443270927008 
1 0 0.00048932500264042 0.60342001651738 0.39609065847998 
1 1 0.00236310263271978 0.259792582686076 0.737844314681204 
1 0 0.0189161362240172 0.492133573916434 0.488950289859549 
1 0 0.00108197909668386 0.86703087300207 0.131887147901246 
1 0 0.00261035259164528 0.682006638637895 0.315383008770459 
1 0 0.000877816333245109 0.835522152090393 0.163600031576362 
1 0 0.000551110975515145 0.829365635935039 0.170083253089446 
1 1 0.000166852853899868 0.365435110900389 0.634398036245711 
1 1 0.000156619090278285 0.237991360493004 0.761852020416717 
1 1 7.92813672323569E-05 0.231687921067757 0.768232797565011 
1 1 9.60777897477514E-05 0.257695891139034 0.742208031071218 
1 1 0.000692219840392964 0.0410914205817244 0.958216359577883 
1 1 0.000127041324189255 0.016585025412577 0.983287933263234 
1 1 0.000132302207654889 0.0169526932528504 0.982915004539495 
1 1 0.000223881564816024 0.0223607855701137 0.97741533286507 
1 1 0.000681515548883521 0.0408939666018616 0.958424517849255 
1 1 3.91842717985246E-05 0.159276745400561 0.84068407032764 
1 0 0.000118355523762067 0.528118210759892 0.471763433716346 
1 1 0.000493572711620782 0.0342206912829202 0.965285736005459 
1 1 7.56438671412996E-05 0.0126882295009649 0.987236126631894 
1 0 3.08136117207111E-05 0.92200848916255 0.0779606972257291 
1 0 3.45451716291489E-05 0.919516585572363 0.0804488692560084 
1 0 0.000231378327908527 0.862195632676985 0.137572988995106 
1 1 7.07915709528121E-05 0.241057690977607 0.758871517451441 
1 0 5.48770459870983E-06 0.751831852645044 0.248162659650357 
1 1 2.55022440590723E-05 0.119575583560557 0.880398914195384 
1 1 0.000431838385793915 0.0318143050609288 0.967753856553277 
1 1 2.5620657884246E-07 3.07688933590264E-07 0.999999436104487 
1 1 1.33822174658773E-06 0.0547441565758828 0.945254505202371 
1 1 6.78310165479766E-06 0.0910957588865195 0.908897458011826 
1 1 8.91609377908643E-05 0.0138146522288472 0.986096186833362 
1 1 2.66217794075269E-06 0.00229878335811009 0.997698554463949 
1 1 4.08580408324692E-05 0.00924307481483743 0.99071606714433 
0 0 0.000102324520665311 0.503337728806782 0.496559946672553 
1 0 0.000103104211430586 0.501897291286201 0.497999604502368 
0 1 2.26557655744388E-06 0.0642718867599165 0.935725847663526 
0 0 3.48428403743406E-05 0.620022439581752 0.379942717577874 
0 0 0.000643557450049304 0.970571374162581 0.0287850683873697 
0 0 0.000375950265082937 0.977795260772762 0.0218287889621545 
1 0 0.000546367355272105 0.972999585814888 0.02645404682984 
0 0 0.000328132654654363 0.979313334389239 0.0203585329561065 
0 0 3.02774503041079E-06 0.998087532179154 0.00190944007581544 
0 0 3.51497116817438E-05 0.993413733794526 0.00655111649379257 
0 0 2.82732427770473E-06 0.961725741910117 0.0382714307656059 
0 0 0.000417061188986599 0.976560782256571 0.0230221565544429 
0 0 0.0006502377778315 0.970512329070465 0.0288374331517034 
0 0 9.52762450419057E-06 0.946251998690923 0.0537384736845724 
0 0 0.000241923269174373 0.983243554582154 0.0165145221486718 
0 0 1.82841170415176E-06 0.999325772316975 0.000672399271321052 
0 0 0.00399528759218905 0.995963405173873 4.13072339376867E-05 
0 0 2.50720362044106E-06 0.999984549979592 1.29428167877789E-05 
0 0 2.04072575798474E-06 0.999588495858712 0.000409463415529722 
0 0 0.00496095641005787 0.994976582642326 6.24609476158192E-05 
0 0 0.00929598936641666 0.990307625325303 0.000396385308279954 
0 0 0.00207655382453027 0.997493392482828 0.000430053692641572 
0 0 0.00259170836682521 0.996912651455687 0.000495640177488333 
0 0 0.00190979408573113 0.997710526809738 0.000379679104530507 
0 0 0.00160842466444607 0.997881893965208 0.000509681370346311 
0 0 0.00172956886678141 0.997142322130223 0.00112810900299528 
0 0 0.0024927473805977 0.994957440907281 0.00254981171212164 
0 0 2.09779198243538E-05 0.996844903825283 0.00313411825489271 
0 0 0.000301523315006177 0.862493765377025 0.137204711307969 
0 0 0.000215454894521877 0.563366338616223 0.436418206489255 
0 1 0.112444382662337 0.268099002070333 0.61945661526733 
0 0 0.00728038961733832 0.954058199527064 0.0386614108555977 
0 0 0.000106593122436387 0.777344751842322 0.222548655035242 
0 0 0.0318337759834805 0.517497199028903 0.450669024987617 
0 1 0.168333236139756 0.228472884949464 0.60319387891078 
0 0 0.00440363216394208 0.503743247130428 0.49185312070563 
0 1 0.00861955135046721 0.241541337809595 0.749839110839938 
0 1 0.0177912917786663 0.106164129475563 0.876044578745771 
0 1 0.00162820183364726 0.25643679418762 0.741935003978733 
0 1 0.0014766180263311 0.187153713999761 0.811369667973908 
0 1 0.00244553436052578 0.326097518149103 0.671456947490372 
0 1 0.000112585848775294 0.21886696632929 0.781020447821935 
0 1 0.000137107317625734 0.0166696575848796 0.983193235097495 
0 1 0.00833255941883351 0.159528408879677 0.83213903170149 
0 1 0.00257240918005836 0.489135467961486 0.508292122858455 
0 0 0.00377774749391825 0.677816172607992 0.31840607989809 
0 0 0.014551281197769 0.934627755613669 0.0508209631885624 
0 0 0.0827090904407094 0.799223150759273 0.118067758800018 
0 0 0.017584179999535 0.962475046037629 0.019940773962836 
0 0 0.00454490246286204 0.962084738159174 0.0333703593779636 
0 0 0.0174826417107542 0.961696826661251 0.0208205316279944 
0 0 0.00365731348390022 0.884552103508239 0.11179058300786 
0 0 0.0498212825511066 0.926148991898368 0.0240297255505252 
0 0 0.00149313818675524 0.56525265263739 0.433254209175855 
0 0 0.0668197918470554 0.905904091423817 0.0272761167291277 
0 0 0.115260008890442 0.866450954198627 0.0182890369109313 
0 0 0.010264659843581 0.981592682588124 0.00814265756829533 
0 0 0.00493011438969281 0.915988331822422 0.0790815537878849 
0 0 0.00447478373492441 0.605199389316495 0.39032582694858 
0 0 0.00622515498910757 0.870033736427779 0.123741108583113 
0 0 0.0100587887243833 0.899374433307594 0.0905667779680232 
0 0 0.010446918828833 0.969137645690734 0.0204154354804332 
0 0 0.0351944965849692 0.957790194589336 0.00701530882569499 
0 0 0.00828519011127157 0.969789231099942 0.0219255787887865 
0 0 0.00902433707843476 0.958376285110055 0.0325993778115106 
0 0 0.00851732870792497 0.961638561135752 0.0298441101563226 
0 0 0.0209919029195486 0.970454764031343 0.00855333304910792 
0 0 0.0273121291871245 0.964096038547399 0.00859183226547608 
0 0 0.0438088060311561 0.948946334915747 0.00724485905309667 
0 0 0.127019151614728 0.871442512252001 0.00153833613327172 
0 0 0.136976900102131 0.853282241561775 0.00974085833609357 
-1 0 0.0486610659819622 0.947370453663543 0.00396848035449528 
-1 0 0.0707261656825451 0.927254457389827 0.00201937692762813 
0 0 0.0528801280389353 0.942901406719505 0.00421846524155921 
-1 0 0.020642625164547 0.97526953943298 0.00408783540247308 
-1 0 0.0264921276899239 0.966010484446513 0.00749738786356308 
0 0 0.237867351815685 0.753645405497458 0.00848724268685752 
-1 0 0.149091056807759 0.844634194467979 0.00627474872426223 
0 0 0.0937638157470153 0.90330041695708 0.00293576729590499 
0 0 0.222030894379054 0.776456285232513 0.0015128203884331 
0 0 0.0289404567779558 0.962943654561201 0.0081158886608433 
0 0 0.356666387505564 0.63125340836334 0.0120802041310957 
0 -1 0.563934191288397 0.363741949839363 0.0723238588722395 
0 -1 0.599911831247306 0.398806416877339 0.00128175187535526 
0 0 0.273635190925789 0.723316285035718 0.00304852403849334 
0 0 0.0436131527647458 0.930745067202183 0.0256417800330712 
0 0 0.00578285979066139 0.946054759921194 0.0481623802881441 
0 0 0.00456867382248526 0.856863026950417 0.138568299227098 
0 0 0.00476671719089998 0.77186515840669 0.223368124402409 
0 0 0.00328576361843506 0.611601678913917 0.385112557467648 
0 1 0.0001379156348032 0.0171086122066336 0.982753472158563 
0 1 2.76967836302693E-07 3.32625309417923E-07 0.999999390406854 
0 1 2.55124312297648E-08 3.0613764473098E-08 0.999999943873804 
1 0 1.10772414446349E-05 0.694746477375713 0.305242445382842 
1 0 5.00669144521502E-06 0.765751405453572 0.234243587854983 
1 1 0.000129143112122189 0.372454716967303 0.627416139920575 
1 1 2.78396980898157E-05 0.0944048131790665 0.905567347122844 
1 1 4.27163019665155E-05 0.00945144098788298 0.990505842710151 
1 1 1.3632777339424E-05 0.00465702243762234 0.995329344785038 
1 1 2.36129119754402E-06 2.75871308995714E-06 0.999994879995712 
1 1 6.60541439698956E-08 7.92937952001242E-08 0.999999854652061 
1 1 2.25844441305095E-10 2.70975348167432E-10 0.99999999950318 
1 1 1.94207568754411E-12 2.33048791277984E-12 0.999999999995728 
1 1 2.44186111506211E-14 2.93023328923732E-14 0.999999999999946 
1 1 2.79984838183499E-13 3.35982011966869E-13 0.999999999999384 
1 1 1.17225408729725E-08 1.40694051856E-08 0.999999974208054 
1 1 1.68140048532539E-05 0.00587505752655369 0.994108128468593 
1 1 8.64949767429657E-07 1.03943560083671E-06 0.999998095614632 
1 1 0.000353651176674568 0.0285539417569646 0.971092407066361 
1 1 6.99452976016663E-05 0.0121853761382929 0.987744678564105 
1 1 1.26069485641515E-06 1.51546657079787E-06 0.999997223838573 
1 1 1.78959664133571E-06 0.00187400143737078 0.998124208965988 
1 1 0.000610830917632197 0.0384845598574799 0.960904609224888 
1 1 0.000128005926116964 0.375771823570239 0.624100170503644 
1 1 0.000113345295509189 0.328743260778203 0.671143393926288 
1 0 6.91408463404716E-06 0.713518924819167 0.286474161096199 
1 0 0.000161142583609761 0.875888737075845 0.123950120340545 
1 0 8.60338756590017E-08 0.999678463463976 0.000321450502148165 
0 0 1.76660517109727E-06 0.998539370368127 0.00145886302670161 
1 0 0.000211202681525142 0.983534875957334 0.0162539213611407 
1 0 0.000222779134574089 0.983074787978487 0.0167024328869392 
1 0 1.87513520278299E-05 0.995207407707462 0.00477384094050992 
0 0 1.67430616398735E-10 0.999985825404094 1.41744284755081E-05 
1 0 7.07940862797828E-14 0.999999726224564 2.73775365287806E-07 
1 0 6.53895694778456E-05 0.990971683336244 0.00896292709427818 
1 0 1.62954337004719E-06 0.998597351412323 0.00140101904430651 
1 0 3.93851128503021E-07 0.999311491687031 0.000688114461840666 
1 0 4.73603622019567E-07 0.999244884171691 0.000754642224687256 
1 0 8.23127693056905E-08 0.999685498492273 0.000314419194957635 
1 0 5.53786184555213E-08 0.999742067224861 0.00025787739652012 
1 0 2.34461289180116E-07 0.999468956850772 0.0005308086879384 
1 0 1.87320390421247E-07 0.999525393868864 0.000474418810745946 
1 0 4.7602418807318E-09 0.999924407875943 7.55873638151751E-05 
1 0 1.06791337261778E-11 0.999996421570342 3.57841897884942E-06 
1 0 1.17477897346344E-11 0.999996246657933 3.75333031898272E-06 
0 0 1.66666686023379E-14 0.999999899999964 1.00000019947353E-07 
1 0 9.45712548898854E-10 0.999966310057734 3.36889965535276E-05 
1 0 3.30896117995442E-10 0.999980072634258 1.99270348463758E-05 
1 0 2.49577236642564E-13 0.999999461954153 5.38045597140933E-07 
0 0 1.28239466452788E-12 0.999998763520466 1.23647825177353E-06 
0 0 1.66666686023379E-14 0.999999899999964 1.00000019947353E-07 
0 0 9.75467874543726E-12 0.999996580089541 3.41990070424095E-06 
0 0 1.23553346665039E-13 0.999999628161017 3.71838859751941E-07 
0 0 1.66666686023379E-14 0.999999899999964 1.00000019947353E-07 
0 0 1.66666686023379E-14 0.999999899999964 1.00000019947353E-07 
0 0 4.3709305263919E-12 0.999997711951009 2.28804461992738E-06 
0 0 1.66666686023379E-14 0.999999899999964 1.00000019947353E-07 
0 0 1.66666686023379E-14 0.999999899999964 1.00000019947353E-07 
0 0 1.66666686023379E-14 0.999999899999964 1.00000019947353E-07 
0 0 1.66666686023379E-14 0.999999899999964 1.00000019947353E-07 
0 0 1.66666691618981E-14 0.999999899999964 1.00000019947353E-07 
0 0 1.66666982535837E-14 0.999999899999964 1.00000019947177E-07 
0 0 1.66666686023379E-14 0.999999899999964 1.00000019947353E-07 
0 0 1.97083559614789E-14 0.999999899999957 1.00000023597375E-07 
0 0 4.40749533997032E-13 0.999999279653332 7.20346226872844E-07 
0 0 4.37627768502248E-14 0.999999793823263 2.06176693536599E-07 
0 0 1.66814757852306E-14 0.999999900000006 9.99999770047572E-08 
0 0 5.4379719468961E-14 0.999999764934651 2.35065294537107E-07 
0 0 2.97866427948536E-13 0.999999899999345 1.0000035738639E-07 
0 0 4.55479173876703E-08 0.99999979982529 1.54626792694955E-07 
0 0 1.87714471260021E-14 0.999999888081893 1.11918088783838E-07 
0 0 1.667872796083E-14 0.999999899999992 9.99999914618412E-08 
0 0 1.00716632800989E-10 0.999989006819996 1.09930792870521E-05 
-1 0 2.11174882159004E-14 0.999999876201276 1.23798703410403E-07 
-1 0 2.54202555005812E-14 0.999999916986648 8.30133263644836E-08 
-1 0 1.79233622790046E-14 0.999999900301491 9.9698491218226E-08 
-1 0 3.81421178119799E-12 0.999998413844848 1.58615133770151E-06 
-1 0 1.12133073355015E-07 0.999999653520216 2.34346710585185E-07 
-1 0 1.98855463768395E-09 0.999999897465098 1.00546347558405E-07 
-1 0 1.99447072096614E-13 0.999999687631429 3.12368371337416E-07 
0 0 1.97771383661829E-07 0.99951232355607 0.000487478672545923 
-1 0 1.09886401223594E-09 0.999963690021965 3.63088791709323E-05 
-1 0 0.00130677847329527 0.998688953359443 4.26816726128848E-06 
-1 0 8.72778372567671E-10 0.999974113727002 2.58854002194882E-05 
-1 0 1.57907397630214E-10 0.99999951105184 4.88790252075141E-07 
-1 0 8.37889037389035E-12 0.999999634267216 3.65724405039438E-07 
-1 0 2.04799212666082E-12 0.999999923497329 7.65006227904303E-08 
-1 0 2.70642436288661E-09 0.999958454403341 4.15428902351852E-05 
-1 0 2.53328211811516E-07 0.999989513615399 1.02330563888827E-05 
-1 0 0.000906207552956986 0.999070458832605 2.33336144379202E-05 
-1 0 2.76743878173985E-09 0.999983904721443 1.60925111186414E-05 
0 0 2.42750624680415E-11 0.999999777868823 2.22106901849745E-07 
0 0 7.71106320068185E-08 0.999697479170859 0.000302443718508764 
-1 0 1.90791831645931E-07 0.999958308347197 4.15008609713128E-05 
-1 0 0.00677617003532897 0.992833717662369 0.000390112302302123 
-1 0 2.95802745313714E-09 0.99999087632065 9.12072132291297E-06 
-1 0 7.61867168799644E-09 0.999999934158331 5.82229978740329E-08 
-1 0 1.04067119328361E-08 0.999999932855636 5.67376516833776E-08 
-1 0 2.14751304791328E-10 0.999999949438738 5.03465107228969E-08 
-1 0 1.18977515583374E-09 0.999988126259516 1.18725507087909E-05 
-1 0 2.44016836110405E-09 0.999999132923468 8.64636363778779E-07 
0 0 4.98155037184903E-07 0.999999188664382 3.13180580586443E-07 
0 0 9.97183130849685E-07 0.999428152601449 0.000570850215419873 
0 0 0.00309279759438209 0.996119663699126 0.000787538706491832 
0 0 0.000975015181553437 0.996262062876425 0.00276292194202176 
0 0 0.00923017314114755 0.990373101243698 0.000396725615154831 
0 0 0.000173249069418372 0.985133321199953 0.0146934297306285 
0 0 5.95564715621367E-07 0.999153135726265 0.000846268709019089 
0 0 1.35646619930047E-05 0.966013231034333 0.0339732043036739 
0 0 0.00022516507319684 0.982998075809333 0.0167767591174706 
0 0 2.29512188463644E-05 0.952470930435092 0.0475061183460622 
0 0 0.000166085667032227 0.964248591078581 0.0355853232543872 
0 1 3.29740918733438E-05 0.164803781176222 0.835163244731905 
0 0 4.48308793385718E-05 0.913873752582504 0.0860814165381576 
0 0 6.44508098673191E-06 0.997202162753692 0.00279139216532137 
0 0 1.22348096447963E-08 0.999878820470534 0.000121167294656284 
0 0 3.69340934757455E-11 0.999993974034239 6.02592882692871E-06 
0 0 0.00123824317832692 0.998614920132677 0.000146836688996131 
0 0 3.20838195886829E-08 0.999990092284644 9.87563153647365E-06 
0 0 9.73490389703601E-07 0.998916727108426 0.00108229940118374 
0 0 7.85376541087733E-08 0.999692820141894 0.000307101320452264 
0 0 6.50841728809926E-10 0.999972101552627 2.78977965311971E-05 
0 0 1.3708647540061E-06 0.998908331350023 0.00109029778522331 
0 0 0.00121739486322092 0.998756090831604 2.65143051748081E-05 
0 0 5.98849961371569E-07 0.999150777749206 0.000848623400832593 
0 0 1.13977352179615E-09 0.999963041241815 3.69576184113348E-05 
0 0 3.35287033939605E-09 0.999998286174294 1.71047283594327E-06 
0 0 1.25127430339488E-08 0.99999985339881 1.34088446727565E-07 
0 0 2.99541379563915E-08 0.999814737271773 0.000185232774089195 
0 0 1.41777104446631E-10 0.999989105704876 1.08941533472193E-05 
0 0 1.81905683600978E-07 0.999631082934707 0.000368735159609866 
0 0 0.0110819398255423 0.988670024297142 0.000248035877315278 
-1 0 0.00261018926311151 0.997358213788058 3.15969488307794E-05 
-1 0 0.000488695194819944 0.974534382862502 0.024976921942678 
-1 0 1.27777057960358E-06 0.998979141667354 0.00101958056206624 
-1 0 0.0020164858397453 0.997936845324316 4.66688359387264E-05 
-1 0 4.56444268245212E-07 0.999997341030354 2.20252537738751E-06 
-1 0 0.0628256826589362 0.929316175109717 0.00785814223134666 
-1 0 0.00852681894051752 0.991309547167914 0.000163633891569195 
-1 0 0.000937613859477236 0.998518960033442 0.00054342610708072 
-1 0 2.08046632018182E-06 0.999980605843887 1.7313689793105E-05 
0 0 0.00262200964343536 0.997243516701289 0.0001344736552762 
-1 0 1.04445374427182E-06 0.999100496233217 0.000898459313038697 
0 0 0.0461562773584359 0.949562696236874 0.00428102640468995 
0 0 0.0011738166153172 0.998518487500254 0.000307695884429223 
0 0 2.4806649943525E-06 0.999524416564833 0.000473102770172453 
0 0 9.79390206498538E-08 0.999977308346938 2.25937140412203E-05 
0 0 1.61786153603303E-07 0.999775382933575 0.000224455280271158 
0 0 5.87853653990286E-10 0.999992976326597 7.02308554891553E-06 
0 0 3.23229697654043E-06 0.998025389946287 0.00197137775673652 
0 0 1.07958119722882E-07 0.999687706051264 0.000312185990616087 
0 0 2.66097347032693E-07 0.999873578262127 0.000126155640525713 
0 0 4.49466977191119E-07 0.999953841198355 4.57093346681516E-05 
0 0 4.137802871891E-09 0.999988403572579 1.15922896184101E-05 
0 0 3.45067634255873E-07 0.999373429804657 0.000626225127708759 
-1 0 3.84784820193675E-07 0.999338875794636 0.00066073942054337 
0 0 1.72937514554834E-06 0.998561376896893 0.00143689372796175 
0 1 0.000142297701639063 0.363801304350453 0.636056397947908 
0 0 0.000868156077856481 0.806277659641458 0.192854184280685 
0 0 0.000742837631524618 0.934552346415224 0.0647048159532511 
0 0 0.00222768331145402 0.995258399731063 0.002513916957483 
0 0 2.24076827501293E-06 0.999709786338501 0.000287972893223913 
0 0 5.54121601249006E-09 0.999990935263646 9.05919513798442E-06 
0 0 0.00432403254244627 0.988089550260897 0.00758641719665658 
0 1 5.37303191712609E-05 0.197078493138467 0.802867776542362 
0 0 0.000350260319612067 0.95875566934082 0.0408940703395679 
0 0 0.00147157549011874 0.997435939439996 0.00109248506988513 
0 0 1.02075381689868E-06 0.999985168426206 1.38108199767673E-05 
0 0 0.00669956880423771 0.991283612611703 0.00201681858405915 
0 0 0.00376582769384282 0.995757703565541 0.000476468740616549 
0 0 0.00225763215715719 0.997694289030684 4.80788121587898E-05 
0 0 2.51623635157357E-07 0.999450020187071 0.00054972818929387 
0 0 6.21910126615508E-05 0.936785086345083 0.0631527226422555 
0 0 8.57068363185595E-05 0.989678802795412 0.0102354903682697 
