0.03125 3.0517578125E-05 0.498511018463371
0.03125 0.0001220703125 0.498511018463371
0.03125 0.00048828125 0.498511018463371
0.03125 0.001953125 0.498511018463371
0.03125 0.0078125 0.498511018463371
0.03125 0.03125 0.498511018463371
0.03125 0.125 0.498511018463371
0.03125 0.5 0.498511018463371
0.03125 2 0.499702203692674
0.03125 8 0.505062537224538
0.125 3.0517578125E-05 0.498511018463371
0.125 0.0001220703125 0.498511018463371
0.125 0.00048828125 0.498511018463371
0.125 0.001953125 0.498511018463371
0.125 0.0078125 0.498511018463371
0.125 0.03125 0.498511018463371
0.125 0.125 0.498511018463371
0.125 0.5 0.515187611673615
0.125 2 0.537224538415724
0.125 8 0.546158427635497
0.5 3.0517578125E-05 0.498511018463371
0.5 0.0001220703125 0.498511018463371
0.5 0.00048828125 0.498511018463371
0.5 0.001953125 0.498511018463371
0.5 0.0078125 0.498511018463371
0.5 0.03125 0.498511018463371
0.5 0.125 0.498511018463371
0.5 0.5 0.547945205479452
0.5 2 0.587849910661108
0.5 8 0.61524717093508
2 3.0517578125E-05 0.498511018463371
2 0.0001220703125 0.498511018463371
2 0.00048828125 0.498511018463371
2 0.001953125 0.498511018463371
2 0.0078125 0.498511018463371
2 0.03125 0.500297796307326
2 0.125 0.556283502084574
2 0.5 0.633114949374628
2 2 0.656343061346039
2 8 0.665872543180465
8 3.0517578125E-05 0.498511018463371
8 0.0001220703125 0.498511018463371
8 0.00048828125 0.498511018463371
8 0.001953125 0.498511018463371
8 0.0078125 0.498511018463371
8 0.03125 0.542584871947588
8 0.125 0.631923764145325
8 0.5 0.687909469922573
8 2 0.699821322215605
8 8 0.721262656343061
32 3.0517578125E-05 0.498511018463371
32 0.0001220703125 0.498511018463371
32 0.00048828125 0.498511018463371
32 0.001953125 0.498511018463371
32 0.0078125 0.541989279332936
32 0.03125 0.636092912447886
32 0.125 0.693865396069089
32 0.5 0.723049434187016
32 2 0.785586658725432
32 8 0.795116140559857
128 3.0517578125E-05 0.498511018463371
128 0.0001220703125 0.498511018463371
128 0.00048828125 0.498511018463371
128 0.001953125 0.538415723645027
128 0.0078125 0.640262060750447
128 0.03125 0.678975580702799
128 0.125 0.721858248957713
128 0.5 0.801072066706373
128 2 0.833234067897558
128 8 0.812388326384753
512 3.0517578125E-05 0.498511018463371
512 0.0001220703125 0.498511018463371
512 0.00048828125 0.542584871947588
512 0.001953125 0.631923764145325
512 0.0078125 0.683740321620012
512 0.03125 0.730196545562835
512 0.125 0.804050029779631
512 0.5 0.83382966051221
512 2 0.84514592019059
512 8 0.815366289458011
2048 3.0517578125E-05 0.498511018463371
2048 0.0001220703125 0.533650982727814
2048 0.00048828125 0.634306134603931
2048 0.001953125 0.690291840381179
2048 0.0078125 0.729600952948183
2048 0.03125 0.791542584871948
2048 0.125 0.836212030970816
2048 0.5 0.846932698034544
2048 2 0.849315068493151
2048 8 0.810601548540798
8192 3.0517578125E-05 0.528886241810602
8192 0.0001220703125 0.634306134603931
8192 0.00048828125 0.690291840381179
8192 0.001953125 0.730196545562835
8192 0.0078125 0.783204288266826
8192 0.03125 0.829064919594997
8192 0.125 0.848123883263848
8192 0.5 0.849910661107802
8192 2 0.831447290053603
8192 8 0.806432400238237
32768 3.0517578125E-05 0.639070875521144
32768 0.0001220703125 0.687909469922573
32768 0.00048828125 0.724240619416319
32768 0.001953125 0.78499106611078
32768 0.0078125 0.815961882072662
32768 0.03125 0.838594401429422
32768 0.125 0.851101846337105
32768 0.5 0.865396069088743
32768 2 0.842167957117332
32768 8 0.805836807623585
13777.2468675169 0.210224103813429 0.848719475878499
13777.2468675169 0.25 0.84514592019059
13777.2468675169 0.29730177875068 0.852293031566409
13777.2468675169 0.353553390593274 0.850506253722454
13777.2468675169 0.420448207626857 0.846932698034544
13777.2468675169 0.5 0.854675402025015
13777.2468675169 0.594603557501361 0.849910661107802
13777.2468675169 0.707106781186548 0.848123883263848
13777.2468675169 0.840896415253715 0.855270994639666
13777.2468675169 1 0.854675402025015
13777.2468675169 1.18920711500272 0.85288862418106
16384 0.210224103813429 0.848719475878499
16384 0.25 0.859440142942227
16384 0.29730177875068 0.848123883263848
16384 0.353553390593274 0.849910661107802
16384 0.420448207626857 0.853484216795712
16384 0.5 0.850506253722454
16384 0.594603557501361 0.85646217986897
16384 0.707106781186548 0.859440142942227
16384 0.840896415253715 0.857653365098273
16384 1 0.859440142942227
16384 1.18920711500272 0.848719475878499
19483.9693722046 0.210224103813429 0.851697438951757
19483.9693722046 0.25 0.854079809410363
19483.9693722046 0.29730177875068 0.855270994639666
19483.9693722046 0.353553390593274 0.852293031566409
19483.9693722046 0.420448207626857 0.850506253722454
19483.9693722046 0.5 0.848719475878499
19483.9693722046 0.594603557501361 0.848123883263848
19483.9693722046 0.707106781186548 0.846932698034544
19483.9693722046 0.840896415253715 0.857057772483621
19483.9693722046 1 0.852293031566409
19483.9693722046 1.18920711500272 0.852293031566409
23170.4750059208 0.210224103813429 0.851101846337105
23170.4750059208 0.25 0.848719475878499
23170.4750059208 0.29730177875068 0.852293031566409
23170.4750059208 0.353553390593274 0.849315068493151
23170.4750059208 0.420448207626857 0.85288862418106
23170.4750059208 0.5 0.851697438951757
23170.4750059208 0.594603557501361 0.858248957712924
23170.4750059208 0.707106781186548 0.857653365098273
23170.4750059208 0.840896415253715 0.863013698630137
23170.4750059208 1 0.857653365098273
23170.4750059208 1.18920711500272 0.848123883263848
27554.4937350337 0.210224103813429 0.854675402025015
27554.4937350337 0.25 0.85288862418106
27554.4937350337 0.29730177875068 0.844550327575938
27554.4937350337 0.353553390593274 0.848719475878499
27554.4937350337 0.420448207626857 0.845741512805241
27554.4937350337 0.5 0.854675402025015
27554.4937350337 0.594603557501361 0.858844550327576
27554.4937350337 0.707106781186548 0.843954734961286
27554.4937350337 0.840896415253715 0.861226920786182
27554.4937350337 1 0.85288862418106
27554.4937350337 1.18920711500272 0.860035735556879
38967.9387444092 0.210224103813429 0.85288862418106
38967.9387444092 0.25 0.85646217986897
38967.9387444092 0.29730177875068 0.85646217986897
38967.9387444092 0.353553390593274 0.854079809410363
38967.9387444092 0.420448207626857 0.851101846337105
38967.9387444092 0.5 0.850506253722454
38967.9387444092 0.594603557501361 0.863609291244789
38967.9387444092 0.707106781186548 0.853484216795712
38967.9387444092 0.840896415253715 0.860631328171531
38967.9387444092 1 0.855866587254318
38967.9387444092 1.18920711500272 0.86420488385944
46340.9500118416 0.210224103813429 0.849910661107802
46340.9500118416 0.25 0.848719475878499
46340.9500118416 0.29730177875068 0.851101846337105
46340.9500118416 0.353553390593274 0.857057772483621
46340.9500118416 0.420448207626857 0.845741512805241
46340.9500118416 0.5 0.849910661107802
46340.9500118416 0.594603557501361 0.857653365098273
46340.9500118416 0.707106781186548 0.860631328171531
46340.9500118416 0.840896415253715 0.854675402025015
46340.9500118416 1 0.849315068493151
46340.9500118416 1.18920711500272 0.858248957712924
55108.9874700674 0.210224103813429 0.85288862418106
55108.9874700674 0.25 0.849315068493151
55108.9874700674 0.29730177875068 0.851101846337105
55108.9874700674 0.353553390593274 0.852293031566409
55108.9874700674 0.420448207626857 0.855270994639666
55108.9874700674 0.5 0.853484216795712
55108.9874700674 0.594603557501361 0.848719475878499
55108.9874700674 0.707106781186548 0.855866587254318
55108.9874700674 0.840896415253715 0.855270994639666
55108.9874700674 1 0.852293031566409
55108.9874700674 1.18920711500272 0.854079809410363
65536 0.210224103813429 0.855270994639666
65536 0.25 0.849910661107802
65536 0.29730177875068 0.842167957117332
65536 0.353553390593274 0.859440142942227
65536 0.420448207626857 0.852293031566409
65536 0.5 0.861822513400834
65536 0.594603557501361 0.852293031566409
65536 0.707106781186548 0.855270994639666
65536 0.840896415253715 0.863013698630137
65536 1 0.854079809410363
65536 1.18920711500272 0.85288862418106
77935.8774888183 0.210224103813429 0.859440142942227
77935.8774888183 0.25 0.851101846337105
77935.8774888183 0.29730177875068 0.85288862418106
77935.8774888183 0.353553390593274 0.852293031566409
77935.8774888183 0.420448207626857 0.847528290649196
77935.8774888183 0.5 0.852293031566409
77935.8774888183 0.594603557501361 0.849910661107802
77935.8774888183 0.707106781186548 0.848719475878499
77935.8774888183 0.840896415253715 0.858844550327576
77935.8774888183 1 0.855270994639666
77935.8774888183 1.18920711500272 0.853484216795712
