0.03125 3.0517578125E-05 0.508454106280193
0.03125 0.0001220703125 0.508454106280193
0.03125 0.00048828125 0.508454106280193
0.03125 0.001953125 0.508454106280193
0.03125 0.0078125 0.508454106280193
0.03125 0.03125 0.508454106280193
0.03125 0.125 0.508454106280193
0.03125 0.5 0.508454106280193
0.03125 2 0.508454106280193
0.03125 8 0.508454106280193
0.125 3.0517578125E-05 0.508454106280193
0.125 0.0001220703125 0.508454106280193
0.125 0.00048828125 0.508454106280193
0.125 0.001953125 0.508454106280193
0.125 0.0078125 0.508454106280193
0.125 0.03125 0.508454106280193
0.125 0.125 0.508454106280193
0.125 0.5 0.508454106280193
0.125 2 0.552536231884058
0.125 8 0.6243961352657
0.5 3.0517578125E-05 0.508454106280193
0.5 0.0001220703125 0.508454106280193
0.5 0.00048828125 0.508454106280193
0.5 0.001953125 0.508454106280193
0.5 0.0078125 0.508454106280193
0.5 0.03125 0.508454106280193
0.5 0.125 0.508454106280193
0.5 0.5 0.518719806763285
0.5 2 0.596618357487923
0.5 8 0.682367149758454
2 3.0517578125E-05 0.508454106280193
2 0.0001220703125 0.508454106280193
2 0.00048828125 0.508454106280193
2 0.001953125 0.508454106280193
2 0.0078125 0.508454106280193
2 0.03125 0.508454106280193
2 0.125 0.508454106280193
2 0.5 0.573671497584541
2 2 0.658212560386473
2 8 0.763888888888889
8 3.0517578125E-05 0.508454106280193
8 0.0001220703125 0.508454106280193
8 0.00048828125 0.508454106280193
8 0.001953125 0.508454106280193
8 0.0078125 0.508454106280193
8 0.03125 0.508454106280193
8 0.125 0.53804347826087
8 0.5 0.589371980676328
8 2 0.692028985507246
8 8 0.815821256038647
32 3.0517578125E-05 0.508454106280193
32 0.0001220703125 0.508454106280193
32 0.00048828125 0.508454106280193
32 0.001953125 0.508454106280193
32 0.0078125 0.508454106280193
32 0.03125 0.508454106280193
32 0.125 0.579106280193237
32 0.5 0.649154589371981
32 2 0.748792270531401
32 8 0.848429951690821
128 3.0517578125E-05 0.508454106280193
128 0.0001220703125 0.508454106280193
128 0.00048828125 0.508454106280193
128 0.001953125 0.508454106280193
128 0.0078125 0.508454106280193
128 0.03125 0.545893719806763
128 0.125 0.589975845410628
128 0.5 0.677536231884058
128 2 0.805555555555556
128 8 0.881642512077295
512 3.0517578125E-05 0.508454106280193
512 0.0001220703125 0.508454106280193
512 0.00048828125 0.508454106280193
512 0.001953125 0.508454106280193
512 0.0078125 0.508454106280193
512 0.03125 0.586352657004831
512 0.125 0.632246376811594
512 0.5 0.717995169082126
512 2 0.850845410628019
512 8 0.876811594202899
2048 3.0517578125E-05 0.508454106280193
2048 0.0001220703125 0.508454106280193
2048 0.00048828125 0.508454106280193
2048 0.001953125 0.508454106280193
2048 0.0078125 0.547101449275362
2048 0.03125 0.58695652173913
2048 0.125 0.664855072463768
2048 0.5 0.745169082125604
2048 2 0.851449275362319
2048 8 0.897946859903382
8192 3.0517578125E-05 0.508454106280193
8192 0.0001220703125 0.508454106280193
8192 0.00048828125 0.508454106280193
8192 0.001953125 0.509057971014493
8192 0.0078125 0.579710144927536
8192 0.03125 0.615942028985507
8192 0.125 0.693236714975845
8192 0.5 0.793478260869565
8192 2 0.866545893719807
8192 8 0.8756038647343
32768 3.0517578125E-05 0.508454106280193
32768 0.0001220703125 0.508454106280193
32768 0.00048828125 0.508454106280193
32768 0.001953125 0.565217391304348
32768 0.0078125 0.583937198067633
32768 0.03125 0.646739130434783
32768 0.125 0.721618357487923
32768 0.5 0.815821256038647
32768 2 0.880434782608696
32768 8 0.871376811594203
861.077929219804 3.36358566101486 0.863526570048309
861.077929219804 4 0.863526570048309
861.077929219804 4.75682846001088 0.88707729468599
861.077929219804 5.65685424949238 0.884661835748792
861.077929219804 6.72717132202972 0.879227053140097
861.077929219804 8 0.880434782608696
861.077929219804 9.51365692002177 0.88707729468599
861.077929219804 11.3137084989848 0.890700483091787
861.077929219804 13.4543426440594 0.881642512077295
861.077929219804 16 0.889492753623188
861.077929219804 19.0273138400435 0.891908212560386
1024 3.36358566101486 0.855072463768116
1024 4 0.865942028985507
1024 4.75682846001088 0.882850241545894
1024 5.65685424949238 0.88707729468599
1024 6.72717132202972 0.878623188405797
1024 8 0.884661835748792
1024 9.51365692002177 0.88768115942029
1024 11.3137084989848 0.888285024154589
1024 13.4543426440594 0.890700483091787
1024 16 0.886473429951691
1024 19.0273138400435 0.891304347826087
1217.74808576279 3.36358566101486 0.868357487922705
1217.74808576279 4 0.876207729468599
1217.74808576279 4.75682846001088 0.881642512077295
1217.74808576279 5.65685424949238 0.888888888888889
1217.74808576279 6.72717132202972 0.888888888888889
1217.74808576279 8 0.893115942028985
1217.74808576279 9.51365692002177 0.878623188405797
1217.74808576279 11.3137084989848 0.886473429951691
1217.74808576279 13.4543426440594 0.880434782608696
1217.74808576279 16 0.881038647342995
1217.74808576279 19.0273138400435 0.891908212560386
1448.15468787005 3.36358566101486 0.86292270531401
1448.15468787005 4 0.873792270531401
1448.15468787005 4.75682846001088 0.875
1448.15468787005 5.65685424949238 0.882850241545894
1448.15468787005 6.72717132202972 0.892512077294686
1448.15468787005 8 0.891304347826087
1448.15468787005 9.51365692002177 0.881038647342995
1448.15468787005 11.3137084989848 0.882850241545894
1448.15468787005 13.4543426440594 0.885265700483092
1448.15468787005 16 0.891908212560386
1448.15468787005 19.0273138400435 0.897342995169082
1722.15585843961 3.36358566101486 0.867149758454106
1722.15585843961 4 0.880434782608696
1722.15585843961 4.75682846001088 0.88707729468599
1722.15585843961 5.65685424949238 0.882246376811594
1722.15585843961 6.72717132202972 0.878623188405797
1722.15585843961 8 0.885265700483092
1722.15585843961 9.51365692002177 0.879227053140097
1722.15585843961 11.3137084989848 0.88768115942029
1722.15585843961 13.4543426440594 0.894323671497585
1722.15585843961 16 0.881038647342995
1722.15585843961 19.0273138400435 0.890700483091787
2435.49617152557 3.36358566101486 0.883454106280193
2435.49617152557 4 0.884057971014493
2435.49617152557 4.75682846001088 0.888285024154589
2435.49617152557 5.65685424949238 0.883454106280193
2435.49617152557 6.72717132202972 0.890096618357488
2435.49617152557 8 0.885869565217391
2435.49617152557 9.51365692002177 0.885265700483092
2435.49617152557 11.3137084989848 0.881038647342995
2435.49617152557 13.4543426440594 0.892512077294686
2435.49617152557 16 0.881642512077295
2435.49617152557 19.0273138400435 0.894927536231884
2896.3093757401 3.36358566101486 0.876207729468599
2896.3093757401 4 0.88707729468599
2896.3093757401 4.75682846001088 0.890700483091787
2896.3093757401 5.65685424949238 0.88768115942029
2896.3093757401 6.72717132202972 0.882246376811594
2896.3093757401 8 0.873792270531401
2896.3093757401 9.51365692002177 0.882246376811594
2896.3093757401 11.3137084989848 0.889492753623188
2896.3093757401 13.4543426440594 0.882246376811594
2896.3093757401 16 0.886473429951691
2896.3093757401 19.0273138400435 0.881038647342995
3444.31171687921 3.36358566101486 0.8743961352657
3444.31171687921 4 0.885869565217391
3444.31171687921 4.75682846001088 0.891304347826087
3444.31171687921 5.65685424949238 0.885869565217391
3444.31171687921 6.72717132202972 0.884661835748792
3444.31171687921 8 0.878019323671498
3444.31171687921 9.51365692002177 0.873188405797101
3444.31171687921 11.3137084989848 0.8743961352657
3444.31171687921 13.4543426440594 0.881642512077295
3444.31171687921 16 0.885265700483092
3444.31171687921 19.0273138400435 0.876207729468599
4096 3.36358566101486 0.893719806763285
4096 4 0.885869565217391
4096 4.75682846001088 0.880434782608696
4096 5.65685424949238 0.881642512077295
4096 6.72717132202972 0.879830917874396
4096 8 0.884661835748792
4096 9.51365692002177 0.879227053140097
4096 11.3137084989848 0.879830917874396
4096 13.4543426440594 0.879830917874396
4096 16 0.873188405797101
4096 19.0273138400435 0.880434782608696
4870.99234305115 3.36358566101486 0.888888888888889
4870.99234305115 4 0.882246376811594
4870.99234305115 4.75682846001088 0.888888888888889
4870.99234305115 5.65685424949238 0.895531400966184
4870.99234305115 6.72717132202972 0.885869565217391
4870.99234305115 8 0.888285024154589
4870.99234305115 9.51365692002177 0.891908212560386
4870.99234305115 11.3137084989848 0.879227053140097
4870.99234305115 13.4543426440594 0.876207729468599
4870.99234305115 16 0.890096618357488
4870.99234305115 19.0273138400435 0.886473429951691
