0.03125 3.0517578125E-05 0.512228260869565
0.03125 0.0001220703125 0.512228260869565
0.03125 0.00048828125 0.512228260869565
0.03125 0.001953125 0.512228260869565
0.03125 0.0078125 0.512228260869565
0.03125 0.03125 0.512228260869565
0.03125 0.125 0.512228260869565
0.03125 0.5 0.512228260869565
0.03125 2 0.5625
0.03125 8 0.554347826086957
0.125 3.0517578125E-05 0.512228260869565
0.125 0.0001220703125 0.512228260869565
0.125 0.00048828125 0.512228260869565
0.125 0.001953125 0.512228260869565
0.125 0.0078125 0.512228260869565
0.125 0.03125 0.512228260869565
0.125 0.125 0.512228260869565
0.125 0.5 0.604619565217391
0.125 2 0.658967391304348
0.125 8 0.682065217391304
0.5 3.0517578125E-05 0.512228260869565
0.5 0.0001220703125 0.512228260869565
0.5 0.00048828125 0.512228260869565
0.5 0.001953125 0.512228260869565
0.5 0.0078125 0.512228260869565
0.5 0.03125 0.512228260869565
0.5 0.125 0.585597826086957
0.5 0.5 0.634510869565217
0.5 2 0.679347826086957
0.5 8 0.688858695652174
2 3.0517578125E-05 0.512228260869565
2 0.0001220703125 0.512228260869565
2 0.00048828125 0.512228260869565
2 0.001953125 0.512228260869565
2 0.0078125 0.512228260869565
2 0.03125 0.601902173913043
2 0.125 0.619565217391304
2 0.5 0.669836956521739
2 2 0.688858695652174
2 8 0.726902173913043
8 3.0517578125E-05 0.512228260869565
8 0.0001220703125 0.512228260869565
8 0.00048828125 0.512228260869565
8 0.001953125 0.512228260869565
8 0.0078125 0.599184782608696
8 0.03125 0.61820652173913
8 0.125 0.673913043478261
8 0.5 0.664402173913043
8 2 0.714673913043478
8 8 0.728260869565217
32 3.0517578125E-05 0.512228260869565
32 0.0001220703125 0.512228260869565
32 0.00048828125 0.512228260869565
32 0.001953125 0.599184782608696
32 0.0078125 0.611413043478261
32 0.03125 0.66304347826087
32 0.125 0.68070652173913
32 0.5 0.688858695652174
32 2 0.748641304347826
32 8 0.77445652173913
128 3.0517578125E-05 0.512228260869565
128 0.0001220703125 0.512228260869565
128 0.00048828125 0.601902173913043
128 0.001953125 0.620923913043478
128 0.0078125 0.654891304347826
128 0.03125 0.684782608695652
128 0.125 0.691576086956522
128 0.5 0.706521739130435
128 2 0.766304347826087
128 8 0.811141304347826
512 3.0517578125E-05 0.512228260869565
512 0.0001220703125 0.608695652173913
512 0.00048828125 0.615489130434783
512 0.001953125 0.673913043478261
512 0.0078125 0.667119565217391
512 0.03125 0.675271739130435
512 0.125 0.682065217391304
512 0.5 0.760869565217391
512 2 0.786684782608696
512 8 0.820652173913043
2048 3.0517578125E-05 0.599184782608696
2048 0.0001220703125 0.615489130434783
2048 0.00048828125 0.657608695652174
2048 0.001953125 0.652173913043478
2048 0.0078125 0.676630434782609
2048 0.03125 0.669836956521739
2048 0.125 0.739130434782609
2048 0.5 0.779891304347826
2048 2 0.822010869565217
2048 8 0.830163043478261
8192 3.0517578125E-05 0.630434782608696
8192 0.0001220703125 0.654891304347826
8192 0.00048828125 0.661684782608696
8192 0.001953125 0.665760869565217
8192 0.0078125 0.673913043478261
8192 0.03125 0.695652173913043
8192 0.125 0.760869565217391
8192 0.5 0.775815217391304
8192 2 0.817934782608696
8192 8 0.834239130434783
32768 3.0517578125E-05 0.654891304347826
32768 0.0001220703125 0.66304347826087
32768 0.00048828125 0.660326086956522
32768 0.001953125 0.672554347826087
32768 0.0078125 0.671195652173913
32768 0.03125 0.721467391304348
32768 0.125 0.767663043478261
32768 0.5 0.815217391304348
32768 2 0.83695652173913
32768 8 0.832880434782609
13777.2468675169 0.840896415253715 0.813858695652174
13777.2468675169 1 0.826086956521739
13777.2468675169 1.18920711500272 0.826086956521739
13777.2468675169 1.4142135623731 0.832880434782609
13777.2468675169 1.68179283050743 0.834239130434783
13777.2468675169 2 0.824728260869565
13777.2468675169 2.37841423000544 0.826086956521739
13777.2468675169 2.82842712474619 0.831521739130435
13777.2468675169 3.36358566101486 0.816576086956522
13777.2468675169 4 0.8125
13777.2468675169 4.75682846001088 0.824728260869565
16384 0.840896415253715 0.809782608695652
16384 1 0.8125
16384 1.18920711500272 0.802989130434783
16384 1.4142135623731 0.815217391304348
16384 1.68179283050743 0.828804347826087
16384 2 0.827445652173913
16384 2.37841423000544 0.845108695652174
16384 2.82842712474619 0.822010869565217
16384 3.36358566101486 0.826086956521739
16384 4 0.826086956521739
16384 4.75682846001088 0.847826086956522
19483.9693722046 0.840896415253715 0.813858695652174
19483.9693722046 1 0.811141304347826
19483.9693722046 1.18920711500272 0.808423913043478
19483.9693722046 1.4142135623731 0.826086956521739
19483.9693722046 1.68179283050743 0.811141304347826
19483.9693722046 2 0.827445652173913
19483.9693722046 2.37841423000544 0.823369565217391
19483.9693722046 2.82842712474619 0.834239130434783
19483.9693722046 3.36358566101486 0.841032608695652
19483.9693722046 4 0.842391304347826
19483.9693722046 4.75682846001088 0.842391304347826
23170.4750059208 0.840896415253715 0.815217391304348
23170.4750059208 1 0.808423913043478
23170.4750059208 1.18920711500272 0.815217391304348
23170.4750059208 1.4142135623731 0.832880434782609
23170.4750059208 1.68179283050743 0.827445652173913
23170.4750059208 2 0.824728260869565
23170.4750059208 2.37841423000544 0.841032608695652
23170.4750059208 2.82842712474619 0.838315217391304
23170.4750059208 3.36358566101486 0.832880434782609
23170.4750059208 4 0.857336956521739
23170.4750059208 4.75682846001088 0.847826086956522
27554.4937350337 0.840896415253715 0.8125
27554.4937350337 1 0.809782608695652
27554.4937350337 1.18920711500272 0.817934782608696
27554.4937350337 1.4142135623731 0.81929347826087
27554.4937350337 1.68179283050743 0.834239130434783
27554.4937350337 2 0.831521739130435
27554.4937350337 2.37841423000544 0.830163043478261
27554.4937350337 2.82842712474619 0.827445652173913
27554.4937350337 3.36358566101486 0.841032608695652
27554.4937350337 4 0.835597826086957
27554.4937350337 4.75682846001088 0.832880434782609
38967.9387444092 0.840896415253715 0.80570652173913
38967.9387444092 1 0.807065217391304
38967.9387444092 1.18920711500272 0.815217391304348
38967.9387444092 1.4142135623731 0.847826086956522
38967.9387444092 1.68179283050743 0.835597826086957
38967.9387444092 2 0.809782608695652
38967.9387444092 2.37841423000544 0.8125
38967.9387444092 2.82842712474619 0.834239130434783
38967.9387444092 3.36358566101486 0.839673913043478
38967.9387444092 4 0.846467391304348
38967.9387444092 4.75682846001088 0.842391304347826
46340.9500118416 0.840896415253715 0.811141304347826
46340.9500118416 1 0.826086956521739
46340.9500118416 1.18920711500272 0.826086956521739
46340.9500118416 1.4142135623731 0.816576086956522
46340.9500118416 1.68179283050743 0.841032608695652
46340.9500118416 2 0.839673913043478
46340.9500118416 2.37841423000544 0.838315217391304
46340.9500118416 2.82842712474619 0.83695652173913
46340.9500118416 3.36358566101486 0.846467391304348
46340.9500118416 4 0.858695652173913
46340.9500118416 4.75682846001088 0.84375
55108.9874700674 0.840896415253715 0.8125
55108.9874700674 1 0.828804347826087
55108.9874700674 1.18920711500272 0.81929347826087
55108.9874700674 1.4142135623731 0.807065217391304
55108.9874700674 1.68179283050743 0.827445652173913
55108.9874700674 2 0.835597826086957
55108.9874700674 2.37841423000544 0.830163043478261
55108.9874700674 2.82842712474619 0.838315217391304
55108.9874700674 3.36358566101486 0.835597826086957
55108.9874700674 4 0.842391304347826
55108.9874700674 4.75682846001088 0.841032608695652
65536 0.840896415253715 0.8125
65536 1 0.831521739130435
65536 1.18920711500272 0.8125
65536 1.4142135623731 0.835597826086957
65536 1.68179283050743 0.835597826086957
65536 2 0.822010869565217
65536 2.37841423000544 0.831521739130435
65536 2.82842712474619 0.83695652173913
65536 3.36358566101486 0.824728260869565
65536 4 0.849184782608696
65536 4.75682846001088 0.851902173913043
77935.8774888183 0.840896415253715 0.809782608695652
77935.8774888183 1 0.81929347826087
77935.8774888183 1.18920711500272 0.813858695652174
77935.8774888183 1.4142135623731 0.811141304347826
77935.8774888183 1.68179283050743 0.84375
77935.8774888183 2 0.841032608695652
77935.8774888183 2.37841423000544 0.831521739130435
77935.8774888183 2.82842712474619 0.854619565217391
77935.8774888183 3.36358566101486 0.832880434782609
77935.8774888183 4 0.839673913043478
77935.8774888183 4.75682846001088 0.849184782608696
