0.03125 3.0517578125E-05 0.513513513513513
0.03125 0.0001220703125 0.513513513513513
0.03125 0.00048828125 0.513513513513513
0.03125 0.001953125 0.513513513513513
0.03125 0.0078125 0.513513513513513
0.03125 0.03125 0.513513513513513
0.03125 0.125 0.513513513513513
0.03125 0.5 0.513513513513513
0.03125 2 0.513513513513513
0.03125 8 0.513513513513513
0.125 3.0517578125E-05 0.513513513513513
0.125 0.0001220703125 0.513513513513513
0.125 0.00048828125 0.513513513513513
0.125 0.001953125 0.513513513513513
0.125 0.0078125 0.513513513513513
0.125 0.03125 0.513513513513513
0.125 0.125 0.513513513513513
0.125 0.5 0.513513513513513
0.125 2 0.562162162162162
0.125 8 0.582432432432432
0.5 3.0517578125E-05 0.513513513513513
0.5 0.0001220703125 0.513513513513513
0.5 0.00048828125 0.513513513513513
0.5 0.001953125 0.513513513513513
0.5 0.0078125 0.513513513513513
0.5 0.03125 0.513513513513513
0.5 0.125 0.513513513513513
0.5 0.5 0.566216216216216
0.5 2 0.612162162162162
0.5 8 0.644594594594595
2 3.0517578125E-05 0.513513513513513
2 0.0001220703125 0.513513513513513
2 0.00048828125 0.513513513513513
2 0.001953125 0.513513513513513
2 0.0078125 0.513513513513513
2 0.03125 0.513513513513513
2 0.125 0.536486486486486
2 0.5 0.624324324324324
2 2 0.655405405405405
2 8 0.709459459459459
8 3.0517578125E-05 0.513513513513513
8 0.0001220703125 0.513513513513513
8 0.00048828125 0.513513513513513
8 0.001953125 0.513513513513513
8 0.0078125 0.513513513513513
8 0.03125 0.528378378378378
8 0.125 0.612162162162162
8 0.5 0.672972972972973
8 2 0.756756756756757
8 8 0.77972972972973
32 3.0517578125E-05 0.513513513513513
32 0.0001220703125 0.513513513513513
32 0.00048828125 0.513513513513513
32 0.001953125 0.513513513513513
32 0.0078125 0.52972972972973
32 0.03125 0.601351351351351
32 0.125 0.662162162162162
32 0.5 0.748648648648649
32 2 0.77972972972973
32 8 0.789189189189189
128 3.0517578125E-05 0.513513513513513
128 0.0001220703125 0.513513513513513
128 0.00048828125 0.513513513513513
128 0.001953125 0.52972972972973
128 0.0078125 0.590540540540541
128 0.03125 0.654054054054054
128 0.125 0.735135135135135
128 0.5 0.775675675675676
128 2 0.810810810810811
128 8 0.778378378378378
512 3.0517578125E-05 0.513513513513513
512 0.0001220703125 0.513513513513513
512 0.00048828125 0.528378378378378
512 0.001953125 0.586486486486486
512 0.0078125 0.643243243243243
512 0.03125 0.724324324324324
512 0.125 0.760810810810811
512 0.5 0.789189189189189
512 2 0.804054054054054
512 8 0.777027027027027
2048 3.0517578125E-05 0.513513513513513
2048 0.0001220703125 0.528378378378378
2048 0.00048828125 0.585135135135135
2048 0.001953125 0.637837837837838
2048 0.0078125 0.717567567567568
2048 0.03125 0.754054054054054
2048 0.125 0.778378378378378
2048 0.5 0.805405405405405
2048 2 0.797297297297297
2048 8 0.790540540540541
8192 3.0517578125E-05 0.528378378378378
8192 0.0001220703125 0.587837837837838
8192 0.00048828125 0.639189189189189
8192 0.001953125 0.713513513513514
8192 0.0078125 0.743243243243243
8192 0.03125 0.77027027027027
8192 0.125 0.785135135135135
8192 0.5 0.816216216216216
8192 2 0.8
8192 8 0.766216216216216
32768 3.0517578125E-05 0.590540540540541
32768 0.0001220703125 0.632432432432432
32768 0.00048828125 0.712162162162162
32768 0.001953125 0.739189189189189
32768 0.0078125 0.767567567567568
32768 0.03125 0.786486486486486
32768 0.125 0.808108108108108
32768 0.5 0.822972972972973
32768 2 0.777027027027027
32768 8 0.733783783783784
13777.2468675169 0.210224103813429 0.802702702702703
13777.2468675169 0.25 0.783783783783784
13777.2468675169 0.29730177875068 0.818918918918919
13777.2468675169 0.353553390593274 0.813513513513514
13777.2468675169 0.420448207626857 0.8
13777.2468675169 0.5 0.840540540540541
13777.2468675169 0.594603557501361 0.808108108108108
13777.2468675169 0.707106781186548 0.814864864864865
13777.2468675169 0.840896415253715 0.821621621621622
13777.2468675169 1 0.82027027027027
13777.2468675169 1.18920711500272 0.801351351351351
16384 0.210224103813429 0.798648648648649
16384 0.25 0.804054054054054
16384 0.29730177875068 0.817567567567568
16384 0.353553390593274 0.814864864864865
16384 0.420448207626857 0.812162162162162
16384 0.5 0.814864864864865
16384 0.594603557501361 0.809459459459459
16384 0.707106781186548 0.812162162162162
16384 0.840896415253715 0.82027027027027
16384 1 0.82027027027027
16384 1.18920711500272 0.809459459459459
19483.9693722046 0.210224103813429 0.795945945945946
19483.9693722046 0.25 0.804054054054054
19483.9693722046 0.29730177875068 0.824324324324324
19483.9693722046 0.353553390593274 0.817567567567568
19483.9693722046 0.420448207626857 0.824324324324324
19483.9693722046 0.5 0.816216216216216
19483.9693722046 0.594603557501361 0.817567567567568
19483.9693722046 0.707106781186548 0.810810810810811
19483.9693722046 0.840896415253715 0.837837837837838
19483.9693722046 1 0.816216216216216
19483.9693722046 1.18920711500272 0.822972972972973
23170.4750059208 0.210224103813429 0.8
23170.4750059208 0.25 0.797297297297297
23170.4750059208 0.29730177875068 0.806756756756757
23170.4750059208 0.353553390593274 0.822972972972973
23170.4750059208 0.420448207626857 0.818918918918919
23170.4750059208 0.5 0.833783783783784
23170.4750059208 0.594603557501361 0.818918918918919
23170.4750059208 0.707106781186548 0.816216216216216
23170.4750059208 0.840896415253715 0.825675675675676
23170.4750059208 1 0.786486486486486
23170.4750059208 1.18920711500272 0.822972972972973
27554.4937350337 0.210224103813429 0.802702702702703
27554.4937350337 0.25 0.801351351351351
27554.4937350337 0.29730177875068 0.813513513513514
27554.4937350337 0.353553390593274 0.827027027027027
27554.4937350337 0.420448207626857 0.816216216216216
27554.4937350337 0.5 0.818918918918919
27554.4937350337 0.594603557501361 0.813513513513514
27554.4937350337 0.707106781186548 0.82972972972973
27554.4937350337 0.840896415253715 0.833783783783784
27554.4937350337 1 0.808108108108108
27554.4937350337 1.18920711500272 0.810810810810811
38967.9387444092 0.210224103813429 0.82027027027027
38967.9387444092 0.25 0.827027027027027
38967.9387444092 0.29730177875068 0.827027027027027
38967.9387444092 0.353553390593274 0.818918918918919
38967.9387444092 0.420448207626857 0.833783783783784
38967.9387444092 0.5 0.831081081081081
38967.9387444092 0.594603557501361 0.816216216216216
38967.9387444092 0.707106781186548 0.808108108108108
38967.9387444092 0.840896415253715 0.817567567567568
38967.9387444092 1 0.822972972972973
38967.9387444092 1.18920711500272 0.808108108108108
46340.9500118416 0.210224103813429 0.810810810810811
46340.9500118416 0.25 0.816216216216216
46340.9500118416 0.29730177875068 0.813513513513514
46340.9500118416 0.353553390593274 0.836486486486486
46340.9500118416 0.420448207626857 0.836486486486486
46340.9500118416 0.5 0.828378378378378
46340.9500118416 0.594603557501361 0.832432432432432
46340.9500118416 0.707106781186548 0.82027027027027
46340.9500118416 0.840896415253715 0.817567567567568
46340.9500118416 1 0.809459459459459
46340.9500118416 1.18920711500272 0.793243243243243
55108.9874700674 0.210224103813429 0.801351351351351
55108.9874700674 0.25 0.813513513513514
55108.9874700674 0.29730177875068 0.831081081081081
55108.9874700674 0.353553390593274 0.836486486486486
55108.9874700674 0.420448207626857 0.813513513513514
55108.9874700674 0.5 0.828378378378378
55108.9874700674 0.594603557501361 0.82972972972973
55108.9874700674 0.707106781186548 0.806756756756757
55108.9874700674 0.840896415253715 0.809459459459459
55108.9874700674 1 0.813513513513514
55108.9874700674 1.18920711500272 0.806756756756757
65536 0.210224103813429 0.814864864864865
65536 0.25 0.82972972972973
65536 0.29730177875068 0.822972972972973
65536 0.353553390593274 0.816216216216216
65536 0.420448207626857 0.828378378378378
65536 0.5 0.809459459459459
65536 0.594603557501361 0.832432432432432
65536 0.707106781186548 0.82972972972973
65536 0.840896415253715 0.82027027027027
65536 1 0.8
65536 1.18920711500272 0.805405405405405
77935.8774888183 0.210224103813429 0.82027027027027
77935.8774888183 0.25 0.813513513513514
77935.8774888183 0.29730177875068 0.813513513513514
77935.8774888183 0.353553390593274 0.840540540540541
77935.8774888183 0.420448207626857 0.837837837837838
77935.8774888183 0.5 0.825675675675676
77935.8774888183 0.594603557501361 0.82027027027027
77935.8774888183 0.707106781186548 0.818918918918919
77935.8774888183 0.840896415253715 0.818918918918919
77935.8774888183 1 0.783783783783784
77935.8774888183 1.18920711500272 0.805405405405405
