0.03125 3.0517578125E-05 0.510094212651413
0.03125 0.0001220703125 0.510094212651413
0.03125 0.00048828125 0.510094212651413
0.03125 0.001953125 0.510094212651413
0.03125 0.0078125 0.510094212651413
0.03125 0.03125 0.510094212651413
0.03125 0.125 0.510094212651413
0.03125 0.5 0.510094212651413
0.03125 2 0.510094212651413
0.03125 8 0.510094212651413
0.125 3.0517578125E-05 0.510094212651413
0.125 0.0001220703125 0.510094212651413
0.125 0.00048828125 0.510094212651413
0.125 0.001953125 0.510094212651413
0.125 0.0078125 0.510094212651413
0.125 0.03125 0.510094212651413
0.125 0.125 0.510094212651413
0.125 0.5 0.510094212651413
0.125 2 0.567967698519515
0.125 8 0.56393001345895
0.5 3.0517578125E-05 0.510094212651413
0.5 0.0001220703125 0.510094212651413
0.5 0.00048828125 0.510094212651413
0.5 0.001953125 0.510094212651413
0.5 0.0078125 0.510094212651413
0.5 0.03125 0.510094212651413
0.5 0.125 0.510094212651413
0.5 0.5 0.549125168236878
0.5 2 0.611036339165545
0.5 8 0.613728129205922
2 3.0517578125E-05 0.510094212651413
2 0.0001220703125 0.510094212651413
2 0.00048828125 0.510094212651413
2 0.001953125 0.510094212651413
2 0.0078125 0.510094212651413
2 0.03125 0.510094212651413
2 0.125 0.515477792732167
2 0.5 0.646029609690444
2 2 0.647375504710633
2 8 0.674293405114401
8 3.0517578125E-05 0.510094212651413
8 0.0001220703125 0.510094212651413
8 0.00048828125 0.510094212651413
8 0.001953125 0.510094212651413
8 0.0078125 0.510094212651413
8 0.03125 0.510094212651413
8 0.125 0.629878869448183
8 0.5 0.679676985195155
8 2 0.757738896366083
8 8 0.765814266487214
32 3.0517578125E-05 0.510094212651413
32 0.0001220703125 0.510094212651413
32 0.00048828125 0.510094212651413
32 0.001953125 0.510094212651413
32 0.0078125 0.519515477792732
32 0.03125 0.620457604306864
32 0.125 0.693135935397039
32 0.5 0.788694481830417
32 2 0.822341857335128
32 8 0.788694481830417
128 3.0517578125E-05 0.510094212651413
128 0.0001220703125 0.510094212651413
128 0.00048828125 0.510094212651413
128 0.001953125 0.520861372812921
128 0.0078125 0.611036339165545
128 0.03125 0.678331090174966
128 0.125 0.794078061911171
128 0.5 0.837146702557201
128 2 0.837146702557201
128 8 0.823687752355316
512 3.0517578125E-05 0.510094212651413
512 0.0001220703125 0.510094212651413
512 0.00048828125 0.520861372812921
512 0.001953125 0.60699865410498
512 0.0078125 0.662180349932705
512 0.03125 0.772543741588156
512 0.125 0.826379542395693
512 0.5 0.847913862718708
512 2 0.851951547779273
512 8 0.807537012113055
2048 3.0517578125E-05 0.510094212651413
2048 0.0001220703125 0.520861372812921
2048 0.00048828125 0.605652759084791
2048 0.001953125 0.662180349932705
2048 0.0078125 0.772543741588156
2048 0.03125 0.823687752355316
2048 0.125 0.850605652759085
2048 0.5 0.874831763122476
2048 2 0.862718707940781
2048 8 0.808882907133244
8192 3.0517578125E-05 0.518169582772544
8192 0.0001220703125 0.60699865410498
8192 0.00048828125 0.656796769851952
8192 0.001953125 0.771197846567968
8192 0.0078125 0.82907133243607
8192 0.03125 0.838492597577389
8192 0.125 0.860026917900404
8192 0.5 0.889636608344549
8192 2 0.864064602960969
8192 8 0.81157469717362
32768 3.0517578125E-05 0.60699865410498
32768 0.0001220703125 0.660834454912517
32768 0.00048828125 0.773889636608345
32768 0.001953125 0.827725437415882
32768 0.0078125 0.834454912516824
32768 0.03125 0.84656796769852
32768 0.125 0.881561238223419
32768 0.5 0.881561238223419
32768 2 0.842530282637954
32768 8 0.788694481830417
3444.31171687921 0.210224103813429 0.858681022880215
3444.31171687921 0.25 0.862718707940781
3444.31171687921 0.29730177875068 0.862718707940781
3444.31171687921 0.353553390593274 0.869448183041723
3444.31171687921 0.420448207626857 0.860026917900404
3444.31171687921 0.5 0.874831763122476
3444.31171687921 0.594603557501361 0.870794078061911
3444.31171687921 0.707106781186548 0.888290713324361
3444.31171687921 0.840896415253715 0.876177658142665
3444.31171687921 1 0.876177658142665
3444.31171687921 1.18920711500272 0.876177658142665
4096 0.210224103813429 0.85464333781965
4096 0.25 0.849259757738896
4096 0.29730177875068 0.873485868102288
4096 0.353553390593274 0.874831763122476
4096 0.420448207626857 0.88021534320323
4096 0.5 0.881561238223419
4096 0.594603557501361 0.886944818304172
4096 0.707106781186548 0.876177658142665
4096 0.840896415253715 0.885598923283984
4096 1 0.884253028263795
4096 1.18920711500272 0.868102288021534
4870.99234305115 0.210224103813429 0.853297442799462
4870.99234305115 0.25 0.876177658142665
4870.99234305115 0.29730177875068 0.881561238223419
4870.99234305115 0.353553390593274 0.861372812920592
4870.99234305115 0.420448207626857 0.860026917900404
4870.99234305115 0.5 0.864064602960969
4870.99234305115 0.594603557501361 0.865410497981157
4870.99234305115 0.707106781186548 0.88021534320323
4870.99234305115 0.840896415253715 0.878869448183042
4870.99234305115 1 0.882907133243607
4870.99234305115 1.18920711500272 0.876177658142665
5792.6187514802 0.210224103813429 0.855989232839839
5792.6187514802 0.25 0.873485868102288
5792.6187514802 0.29730177875068 0.870794078061911
5792.6187514802 0.353553390593274 0.873485868102288
5792.6187514802 0.420448207626857 0.877523553162853
5792.6187514802 0.5 0.873485868102288
5792.6187514802 0.594603557501361 0.892328398384926
5792.6187514802 0.707106781186548 0.881561238223419
5792.6187514802 0.840896415253715 0.88021534320323
5792.6187514802 1 0.895020188425303
5792.6187514802 1.18920711500272 0.877523553162853
6888.62343375843 0.210224103813429 0.865410497981157
6888.62343375843 0.25 0.878869448183042
6888.62343375843 0.29730177875068 0.865410497981157
6888.62343375843 0.353553390593274 0.869448183041723
6888.62343375843 0.420448207626857 0.851951547779273
6888.62343375843 0.5 0.8721399730821
6888.62343375843 0.594603557501361 0.858681022880215
6888.62343375843 0.707106781186548 0.888290713324361
6888.62343375843 0.840896415253715 0.8721399730821
6888.62343375843 1 0.884253028263795
6888.62343375843 1.18920711500272 0.877523553162853
9741.98468610229 0.210224103813429 0.873485868102288
9741.98468610229 0.25 0.864064602960969
9741.98468610229 0.29730177875068 0.885598923283984
9741.98468610229 0.353553390593274 0.890982503364738
9741.98468610229 0.420448207626857 0.878869448183042
9741.98468610229 0.5 0.885598923283984
9741.98468610229 0.594603557501361 0.890982503364738
9741.98468610229 0.707106781186548 0.868102288021534
9741.98468610229 0.840896415253715 0.864064602960969
9741.98468610229 1 0.888290713324361
9741.98468610229 1.18920711500272 0.866756393001346
11585.2375029604 0.210224103813429 0.8721399730821
11585.2375029604 0.25 0.855989232839839
11585.2375029604 0.29730177875068 0.878869448183042
11585.2375029604 0.353553390593274 0.868102288021534
11585.2375029604 0.420448207626857 0.893674293405114
11585.2375029604 0.5 0.873485868102288
11585.2375029604 0.594603557501361 0.876177658142665
11585.2375029604 0.707106781186548 0.873485868102288
11585.2375029604 0.840896415253715 0.873485868102288
11585.2375029604 1 0.857335127860027
11585.2375029604 1.18920711500272 0.864064602960969
13777.2468675169 0.210224103813429 0.882907133243607
13777.2468675169 0.25 0.870794078061911
13777.2468675169 0.29730177875068 0.890982503364738
13777.2468675169 0.353553390593274 0.878869448183042
13777.2468675169 0.420448207626857 0.881561238223419
13777.2468675169 0.5 0.892328398384926
13777.2468675169 0.594603557501361 0.892328398384926
13777.2468675169 0.707106781186548 0.886944818304172
13777.2468675169 0.840896415253715 0.886944818304172
13777.2468675169 1 0.864064602960969
13777.2468675169 1.18920711500272 0.868102288021534
16384 0.210224103813429 0.886944818304172
16384 0.25 0.88021534320323
16384 0.29730177875068 0.878869448183042
16384 0.353553390593274 0.876177658142665
16384 0.420448207626857 0.877523553162853
16384 0.5 0.89771197846568
16384 0.594603557501361 0.873485868102288
16384 0.707106781186548 0.873485868102288
16384 0.840896415253715 0.889636608344549
16384 1 0.876177658142665
16384 1.18920711500272 0.873485868102288
19483.9693722046 0.210224103813429 0.873485868102288
19483.9693722046 0.25 0.876177658142665
19483.9693722046 0.29730177875068 0.873485868102288
19483.9693722046 0.353553390593274 0.88021534320323
19483.9693722046 0.420448207626857 0.878869448183042
19483.9693722046 0.5 0.878869448183042
19483.9693722046 0.594603557501361 0.877523553162853
19483.9693722046 0.707106781186548 0.858681022880215
19483.9693722046 0.840896415253715 0.882907133243607
19483.9693722046 1 0.8721399730821
19483.9693722046 1.18920711500272 0.858681022880215
