0.03125 3.0517578125E-05 0.423076923076923
0.03125 0.0001220703125 0.423076923076923
0.03125 0.00048828125 0.423076923076923
0.03125 0.001953125 0.423076923076923
0.03125 0.0078125 0.423076923076923
0.03125 0.03125 0.423076923076923
0.03125 0.125 0.423076923076923
0.03125 0.5 0.423076923076923
0.03125 2 0.423076923076923
0.03125 8 0.423076923076923
0.125 3.0517578125E-05 0.423076923076923
0.125 0.0001220703125 0.423076923076923
0.125 0.00048828125 0.423076923076923
0.125 0.001953125 0.423076923076923
0.125 0.0078125 0.423076923076923
0.125 0.03125 0.423076923076923
0.125 0.125 0.423076923076923
0.125 0.5 0.423076923076923
0.125 2 0.5
0.125 8 0.487980769230769
0.5 3.0517578125E-05 0.423076923076923
0.5 0.0001220703125 0.423076923076923
0.5 0.00048828125 0.423076923076923
0.5 0.001953125 0.423076923076923
0.5 0.0078125 0.423076923076923
0.5 0.03125 0.423076923076923
0.5 0.125 0.420673076923077
0.5 0.5 0.483173076923077
0.5 2 0.492788461538462
0.5 8 0.538461538461538
2 3.0517578125E-05 0.423076923076923
2 0.0001220703125 0.423076923076923
2 0.00048828125 0.423076923076923
2 0.001953125 0.423076923076923
2 0.0078125 0.423076923076923
2 0.03125 0.427884615384615
2 0.125 0.454326923076923
2 0.5 0.528846153846154
2 2 0.598557692307692
2 8 0.65625
8 3.0517578125E-05 0.423076923076923
8 0.0001220703125 0.423076923076923
8 0.00048828125 0.423076923076923
8 0.001953125 0.423076923076923
8 0.0078125 0.427884615384615
8 0.03125 0.473557692307692
8 0.125 0.502403846153846
8 0.5 0.632211538461538
8 2 0.701923076923077
8 8 0.716346153846154
32 3.0517578125E-05 0.423076923076923
32 0.0001220703125 0.423076923076923
32 0.00048828125 0.423076923076923
32 0.001953125 0.425480769230769
32 0.0078125 0.466346153846154
32 0.03125 0.495192307692308
32 0.125 0.612980769230769
32 0.5 0.723557692307692
32 2 0.771634615384615
32 8 0.71875
128 3.0517578125E-05 0.423076923076923
128 0.0001220703125 0.423076923076923
128 0.00048828125 0.425480769230769
128 0.001953125 0.463942307692308
128 0.0078125 0.490384615384615
128 0.03125 0.591346153846154
128 0.125 0.754807692307692
128 0.5 0.776442307692308
128 2 0.788461538461538
128 8 0.766826923076923
512 3.0517578125E-05 0.423076923076923
512 0.0001220703125 0.432692307692308
512 0.00048828125 0.454326923076923
512 0.001953125 0.497596153846154
512 0.0078125 0.588942307692308
512 0.03125 0.733173076923077
512 0.125 0.8125
512 0.5 0.793269230769231
512 2 0.778846153846154
512 8 0.725961538461538
2048 3.0517578125E-05 0.430288461538462
2048 0.0001220703125 0.466346153846154
2048 0.00048828125 0.473557692307692
2048 0.001953125 0.588942307692308
2048 0.0078125 0.711538461538462
2048 0.03125 0.810096153846154
2048 0.125 0.824519230769231
2048 0.5 0.836538461538462
2048 2 0.793269230769231
2048 8 0.721153846153846
8192 3.0517578125E-05 0.485576923076923
8192 0.0001220703125 0.492788461538462
8192 0.00048828125 0.605769230769231
8192 0.001953125 0.701923076923077
8192 0.0078125 0.793269230769231
8192 0.03125 0.831730769230769
8192 0.125 0.817307692307692
8192 0.5 0.8125
8192 2 0.78125
8192 8 0.716346153846154
32768 3.0517578125E-05 0.485576923076923
32768 0.0001220703125 0.59375
32768 0.00048828125 0.706730769230769
32768 0.001953125 0.817307692307692
32768 0.0078125 0.829326923076923
32768 0.03125 0.807692307692308
32768 0.125 0.84375
32768 0.5 0.795673076923077
32768 2 0.752403846153846
32768 8 0.697115384615385
13777.2468675169 0.0525560259533572 0.836538461538462
13777.2468675169 0.0625 0.824519230769231
13777.2468675169 0.0743254446876701 0.829326923076923
13777.2468675169 0.0883883476483184 0.814903846153846
13777.2468675169 0.105112051906714 0.826923076923077
13777.2468675169 0.125 0.822115384615385
13777.2468675169 0.14865088937534 0.817307692307692
13777.2468675169 0.176776695296637 0.817307692307692
13777.2468675169 0.210224103813429 0.798076923076923
13777.2468675169 0.25 0.817307692307692
13777.2468675169 0.29730177875068 0.800480769230769
16384 0.0525560259533572 0.822115384615385
16384 0.0625 0.817307692307692
16384 0.0743254446876701 0.831730769230769
16384 0.0883883476483184 0.795673076923077
16384 0.105112051906714 0.8125
16384 0.125 0.822115384615385
16384 0.14865088937534 0.8125
16384 0.176776695296637 0.822115384615385
16384 0.210224103813429 0.822115384615385
16384 0.25 0.829326923076923
16384 0.29730177875068 0.822115384615385
19483.9693722046 0.0525560259533572 0.826923076923077
19483.9693722046 0.0625 0.824519230769231
19483.9693722046 0.0743254446876701 0.831730769230769
19483.9693722046 0.0883883476483184 0.824519230769231
19483.9693722046 0.105112051906714 0.831730769230769
19483.9693722046 0.125 0.822115384615385
19483.9693722046 0.14865088937534 0.817307692307692
19483.9693722046 0.176776695296637 0.817307692307692
19483.9693722046 0.210224103813429 0.786057692307692
19483.9693722046 0.25 0.829326923076923
19483.9693722046 0.29730177875068 0.829326923076923
23170.4750059208 0.0525560259533572 0.814903846153846
23170.4750059208 0.0625 0.810096153846154
23170.4750059208 0.0743254446876701 0.841346153846154
23170.4750059208 0.0883883476483184 0.817307692307692
23170.4750059208 0.105112051906714 0.846153846153846
23170.4750059208 0.125 0.802884615384615
23170.4750059208 0.14865088937534 0.8125
23170.4750059208 0.176776695296637 0.8125
23170.4750059208 0.210224103813429 0.814903846153846
23170.4750059208 0.25 0.814903846153846
23170.4750059208 0.29730177875068 0.805288461538462
27554.4937350337 0.0525560259533572 0.817307692307692
27554.4937350337 0.0625 0.802884615384615
27554.4937350337 0.0743254446876701 0.834134615384615
27554.4937350337 0.0883883476483184 0.807692307692308
27554.4937350337 0.105112051906714 0.802884615384615
27554.4937350337 0.125 0.814903846153846
27554.4937350337 0.14865088937534 0.8125
27554.4937350337 0.176776695296637 0.817307692307692
27554.4937350337 0.210224103813429 0.817307692307692
27554.4937350337 0.25 0.822115384615385
27554.4937350337 0.29730177875068 0.824519230769231
38967.9387444092 0.0525560259533572 0.8125
38967.9387444092 0.0625 0.817307692307692
38967.9387444092 0.0743254446876701 0.826923076923077
38967.9387444092 0.0883883476483184 0.826923076923077
38967.9387444092 0.105112051906714 0.817307692307692
38967.9387444092 0.125 0.817307692307692
38967.9387444092 0.14865088937534 0.826923076923077
38967.9387444092 0.176776695296637 0.831730769230769
38967.9387444092 0.210224103813429 0.817307692307692
38967.9387444092 0.25 0.807692307692308
38967.9387444092 0.29730177875068 0.807692307692308
46340.9500118416 0.0525560259533572 0.824519230769231
46340.9500118416 0.0625 0.805288461538462
46340.9500118416 0.0743254446876701 0.817307692307692
46340.9500118416 0.0883883476483184 0.829326923076923
46340.9500118416 0.105112051906714 0.826923076923077
46340.9500118416 0.125 0.822115384615385
46340.9500118416 0.14865088937534 0.841346153846154
46340.9500118416 0.176776695296637 0.810096153846154
46340.9500118416 0.210224103813429 0.802884615384615
46340.9500118416 0.25 0.798076923076923
46340.9500118416 0.29730177875068 0.814903846153846
55108.9874700674 0.0525560259533572 0.826923076923077
55108.9874700674 0.0625 0.826923076923077
55108.9874700674 0.0743254446876701 0.802884615384615
55108.9874700674 0.0883883476483184 0.829326923076923
55108.9874700674 0.105112051906714 0.826923076923077
55108.9874700674 0.125 0.810096153846154
55108.9874700674 0.14865088937534 0.824519230769231
55108.9874700674 0.176776695296637 0.829326923076923
55108.9874700674 0.210224103813429 0.8125
55108.9874700674 0.25 0.798076923076923
55108.9874700674 0.29730177875068 0.805288461538462
65536 0.0525560259533572 0.822115384615385
65536 0.0625 0.836538461538462
65536 0.0743254446876701 0.834134615384615
65536 0.0883883476483184 0.807692307692308
65536 0.105112051906714 0.817307692307692
65536 0.125 0.826923076923077
65536 0.14865088937534 0.800480769230769
65536 0.176776695296637 0.819711538461538
65536 0.210224103813429 0.826923076923077
65536 0.25 0.8125
65536 0.29730177875068 0.802884615384615
77935.8774888183 0.0525560259533572 0.814903846153846
77935.8774888183 0.0625 0.826923076923077
77935.8774888183 0.0743254446876701 0.836538461538462
77935.8774888183 0.0883883476483184 0.824519230769231
77935.8774888183 0.105112051906714 0.834134615384615
77935.8774888183 0.125 0.814903846153846
77935.8774888183 0.14865088937534 0.834134615384615
77935.8774888183 0.176776695296637 0.8125
77935.8774888183 0.210224103813429 0.788461538461538
77935.8774888183 0.25 0.798076923076923
77935.8774888183 0.29730177875068 0.829326923076923
