labels 0 -1 1
1 0 0.651420478271657 0.0239651884940971 0.324614333234245 
1 0 0.615588807478096 0.0259768426693896 0.358434349852514 
1 1 0.352991095454517 0.0186079795705455 0.628400924974938 
1 1 0.37658244424804 0.0168037395073843 0.606613816244576 
0 1 0.468965027194795 0.0389217183124747 0.49211325449273 
1 0 0.763340931931998 0.0336676813283146 0.202991386739687 
0 0 0.619313210654986 0.0263060964925319 0.354380692852482 
0 0 0.605269464816725 0.0480233174198947 0.34670721776338 
1 1 0.434440332980246 0.0674004011651708 0.498159265854583 
0 0 0.490132006076287 0.0258765341076771 0.483991459816036 
0 0 0.580821803783804 0.0648837161501767 0.35429448006602 
1 1 0.420204789304148 0.0833075787539985 0.496487631941854 
1 1 0.420673833563324 0.0676167748246219 0.511709391612054 
1 1 0.344786934058151 0.0328965860784661 0.622316479863383 
1 1 0.339179889947356 0.0566857589336052 0.604134351119039 
1 1 0.319729274372287 0.0396806830117162 0.640590042615997 
1 1 0.317715083279704 0.0582909240048705 0.623993992715426 
1 1 0.33757862353955 0.0683249143121273 0.594096462148322 
1 1 0.293137369691679 0.0480971967787207 0.658765433529601 
1 1 0.252632460124074 0.0615130498473027 0.685854490028623 
1 1 0.247095773600505 0.0547600880145283 0.698144138384967 
1 1 0.268220564573509 0.061581731707633 0.670197703718857 
1 1 0.286561665097396 0.0635354703293133 0.649902864573291 
0 1 0.280385621271241 0.0437498575739466 0.675864521154813 
0 0 0.589532668370231 0.058722292127631 0.351745039502137 
0 0 0.518558201222071 0.0552914431084576 0.426150355669472 
1 1 0.427576228130879 0.0653632553870499 0.507060516482071 
1 1 0.275099805738202 0.034835976118457 0.690064218143341 
1 1 0.23267380981374 0.0510314439009338 0.716294746285326 
1 1 0.238228450244082 0.0495876430068149 0.712183906749103 
1 1 0.198760212472307 0.0298732310040526 0.771366556523641 
1 1 0.281025503821639 0.0211981446728437 0.697776351505518 
1 1 0.375345557157038 0.0372412495862977 0.587413193256665 
1 1 0.430908644575912 0.0327081329445575 0.53638322247953 
0 0 0.641221982512224 0.210791225236638 0.147986792251138 
0 0 0.677995885361798 0.145365455712758 0.176638658925444 
0 0 0.666032122118418 0.107553894041036 0.226413983840546 
0 -1 0.212176436832261 0.774890292676449 0.0129332704912891 
0 -1 0.330575879516128 0.663223700451929 0.0062004200319425 
-1 -1 0.36265302618252 0.63436948120759 0.00297749260989006 
-1 -1 0.27269980550427 0.725147236413106 0.00215295808262353 
-1 0 0.650923388190483 0.347761055901312 0.00131555590820563 
-1 0 0.584261434003289 0.415290615823703 0.000447950173007473 
-1 0 0.77270510987303 0.226848606310937 0.000446283816033052 
-1 0 0.727906395247077 0.27171863493778 0.00037496981514309 
-1 0 0.5322202090022 0.467536697544361 0.00024309345343871 
-1 0 0.794793260743643 0.205118704967119 8.80342892385103E-05 
-1 0 0.759690557416114 0.239688841893121 0.000620600690764963 
-1 -1 0.464451670318841 0.535111532465939 0.000436797215219767 
-1 0 0.596897557619123 0.402770642510018 0.000331799870859045 
-1 0 0.683534516535976 0.316180230064023 0.000285253400001067 
-1 0 0.612180070974862 0.387507816733371 0.000312112291767128 
-1 0 0.671117895973183 0.328382398432732 0.000499705594085491 
-1 0 0.728039777966411 0.271571444000616 0.000388778032973442 
-1 0 0.746814218703106 0.252691036262356 0.000494745034537787 
-1 0 0.794363676979657 0.205154598105248 0.000481724915094844 
-1 -1 0.138150624983764 0.861555595235483 0.000293779780753519 
-1 -1 0.362846940689719 0.636468715907593 0.000684343402687689 
0 -1 0.40497421035006 0.591977065026357 0.00304872462358306 
0 -1 0.468435834810017 0.527681496862608 0.00388266832737474 
0 0 0.829642366731718 0.168380486364523 0.00197714690375939 
0 0 0.86211621498843 0.13450952381254 0.0033742611990295 
0 0 0.839291717499516 0.155852313509005 0.00485596899147885 
0 0 0.83859460540732 0.148533921815022 0.0128714727776581 
0 0 0.642405280594099 0.321251054452717 0.0363436649531835 
0 0 0.579130329013589 0.394685865407389 0.0261838055790216 
0 0 0.862979953434505 0.11917141282385 0.0178486337416453 
0 0 0.857966815097118 0.119214753124366 0.022818431778516 
0 0 0.63280740949511 0.344210917319635 0.0229816731852553 
0 0 0.778342922017278 0.175494739829418 0.0461623381533043 
0 0 0.536184831841971 0.401872591192879 0.06194257696515 
0 0 0.532530656054128 0.414324877974941 0.0531444659709311 
0 0 0.790587983610216 0.146300752411741 0.0631112639780437 
0 -1 0.446532833418873 0.488587862364665 0.0648793042164624 
0 0 0.729015732266104 0.212838788845806 0.0581454788880903 
0 0 0.708801503702133 0.260192407387615 0.0310060889102528 
0 0 0.543997897536705 0.419854325056496 0.0361477774067999 
0 0 0.481179923360272 0.437221699975881 0.0815983766638467 
0 -1 0.393521307916382 0.51677863549904 0.0897000565845775 
0 0 0.485276977696065 0.431475388176377 0.0832476341275574 
0 0 0.571112597949637 0.359621480649802 0.0692659214005614 
0 0 0.531947317621888 0.331618695742128 0.136433986635984 
0 0 0.723719315461595 0.123953289710171 0.152327394828235 
0 0 0.44424062238715 0.42071615498463 0.135043222628221 
0 0 0.492319216650528 0.286149762088725 0.221531021260748 
0 0 0.693521972964185 0.111482847313458 0.194995179722356 
0 0 0.624565397005839 0.19479405574151 0.18064054725265 
0 0 0.624301273219811 0.186357584969189 0.189341141811 
0 0 0.593472608099511 0.161882251506317 0.244645140394171 
0 0 0.635258764343756 0.0938306530748131 0.270910582581431 
0 0 0.655317607405652 0.154225110766424 0.190457281827924 
0 0 0.50129475718981 0.235178662426202 0.263526580383988 
0 0 0.496608872444187 0.119770397070904 0.383620730484909 
0 0 0.549684743980396 0.154807240002505 0.295508016017099 
0 1 0.345030021138193 0.0542457638332096 0.600724215028597 
0 1 0.246913924620183 0.038204961062842 0.714881114316975 
0 1 0.186913358110106 0.0292359740464156 0.783850667843479 
0 1 0.218351934891324 0.0227997141754266 0.75884835093325 
0 1 0.302995502514358 0.0316733417671706 0.665331155718471 
0 0 0.583439642853244 0.0183324198735121 0.398227937273245 
0 1 0.300400452580626 0.0150126064239359 0.684586940995438 
1 0 0.638967775610156 0.027414394121466 0.333617830268378 
1 0 0.550876396776575 0.0210470900145949 0.42807651320883 
0 0 0.513886388671606 0.0225955594225358 0.463518051905858 
0 0 0.807988191460533 0.0448752064117994 0.147136602127668 
1 0 0.740468112033418 0.0590636881606645 0.200468199805918 
1 0 0.481726440756156 0.0389157069044277 0.479357852339416 
0 1 0.391484417873866 0.0334282143690337 0.5750873677571 
0 0 0.515953854454374 0.0754250884137418 0.408621057131885 
1 0 0.538026282615126 0.067471585671737 0.394502131713136 
0 1 0.395592445355715 0.0333016790036495 0.571105875640635 
0 0 0.551136206265885 0.0759420781271582 0.372921715606957 
0 0 0.716435426172164 0.198632727019481 0.084931846808355 
0 0 0.776668285189552 0.13072873369328 0.0926029811171685 
0 0 0.751752323469207 0.140582038290841 0.107665638239952 
0 0 0.669427027074104 0.189079509394939 0.141493463530957 
1 0 0.640696544632691 0.115332620322824 0.243970835044485 
1 0 0.476282957438913 0.0832322247666409 0.440484817794446 
1 0 0.464302076865034 0.0835464154160239 0.452151507718943 
0 1 0.449477450373131 0.073023833346304 0.477498716280565 
0 0 0.582506288943571 0.0571255682856447 0.360368142770785 
0 0 0.692720560479122 0.0994129167803539 0.207866522740524 
0 0 0.605883325890148 0.110229721646481 0.283886952463371 
0 0 0.556705866089788 0.156037245795658 0.287256888114553 
0 1 0.41005604336047 0.157270624036917 0.432673332602613 
0 0 0.591388267226997 0.0594797739230463 0.349131958849957 
0 0 0.578497483235209 0.104537763314732 0.316964753450059 
0 0 0.652845784668689 0.138188948776453 0.208965266554858 
0 0 0.738746426602643 0.144502211901582 0.116751361495774 
0 0 0.59551983705451 0.131960586745744 0.272519576199746 
0 1 0.414399706712625 0.160258888131491 0.425341405155884 
0 0 0.655561433219243 0.176456892761567 0.16798167401919 
0 0 0.611737025419312 0.206227557694865 0.182035416885823 
0 0 0.644298095641277 0.206581890276656 0.149120014082067 
0 0 0.625321397009661 0.23739219688619 0.137286406104149 
0 0 0.585414000416578 0.249558391853569 0.165027607729853 
0 0 0.53617583593454 0.278258212971986 0.185565951093474 
0 0 0.464063190574775 0.22114035856903 0.314796450856194 
0 0 0.667085993276123 0.0969682917965359 0.235945714927341 
0 0 0.590636050969128 0.187869157594912 0.22149479143596 
1 0 0.605343852030214 0.155806776435505 0.23884937153428 
1 0 0.596803428375649 0.156434331056583 0.246762240567768 
0 0 0.566201849298083 0.148052626212578 0.28574552448934 
0 0 0.556897943974956 0.165498686445811 0.277603369579233 
0 0 0.565848449684066 0.146644143219025 0.287507407096909 
0 0 0.596981246082054 0.237499315495056 0.16551943842289 
0 0 0.553986667055274 0.203794723013555 0.24221860993117 
0 0 0.490296622544862 0.199764609230499 0.309938768224638 
0 0 0.527335796097444 0.238870018610163 0.233794185292393 
0 0 0.581025613999748 0.157608135025669 0.261366250974584 
0 0 0.450671601444361 0.250865325242986 0.298463073312653 
-1 0 0.564195870905186 0.277932017980772 0.157872111114041 
0 0 0.542355275635242 0.321649554370956 0.135995169993802 
-1 0 0.511702283703998 0.36589801977197 0.122399696524032 
0 0 0.476897554000172 0.386256417062338 0.13684602893749 
0 0 0.630141000314834 0.179443187630566 0.1904158120546 
0 0 0.645708793072344 0.150942719605996 0.20334848732166 
0 0 0.600999061267007 0.132863518401799 0.266137420331194 
0 1 0.450214076380633 0.0902372645212633 0.459548659098104 
0 0 0.543923052360346 0.115897221481171 0.340179726158483 
0 0 0.577806136177428 0.107261997245377 0.314931866577195 
0 0 0.578113342228513 0.139579816706807 0.28230684106468 
0 0 0.53797550989895 0.148090488373369 0.31393400172768 
0 0 0.485659542369112 0.0708612176508726 0.443479239980015 
0 0 0.52956555018073 0.37359079993123 0.0968436498880392 
0 0 0.682040641133998 0.155358890321297 0.162600468544706 
0 1 0.408073276470923 0.119941581173076 0.471985142356001 
0 0 0.64434839184661 0.125865873113228 0.229785735040163 
0 0 0.672145524573893 0.23217827838473 0.0956761970413763 
0 0 0.692250036925893 0.200103279610374 0.107646683463733 
-1 0 0.675165937083576 0.221230889970277 0.103603172946148 
-1 0 0.628551499387661 0.278041076178084 0.0934074244342548 
-1 0 0.601288466961332 0.304443858637892 0.0942676744007753 
-1 0 0.633349621437626 0.279859726836924 0.0867906517254498 
-1 0 0.639496750163933 0.267112475582099 0.0933907742539683 
-1 0 0.70706808806763 0.206178598718509 0.0867533132138612 
0 0 0.697460971254264 0.159571842625461 0.142967186120275 
-1 0 0.689034539738888 0.201394529065969 0.109570931195143 
0 0 0.584824207722069 0.36887196589129 0.0463038263866411 
0 0 0.679263703473511 0.189170032197131 0.131566264329358 
-1 0 0.582883074299637 0.290202661100755 0.126914264599608 
-1 0 0.548480587378123 0.336126215482973 0.115393197138904 
-1 0 0.751354900594666 0.148397753073323 0.100247346332011 
-1 0 0.506826191127828 0.385149148463526 0.108024660408646 
-1 0 0.579578161633404 0.312664092311753 0.107757746054843 
-1 0 0.580536744834926 0.357229164325998 0.0622340908390763 
-1 0 0.496042987427866 0.411769479853807 0.0921875327183268 
-1 0 0.499951782888866 0.402191039803869 0.0978571773072643 
