labels 0 -1 1
0 0 0.749592598068733 0.249882811728875 0.00052459020239261 
0 0 0.716988831893691 0.28286540208892 0.000145766017389565 
0 0 0.553860680959414 0.445841687310386 0.000297631730200345 
0 -1 0.474343705132308 0.524828144647044 0.000828150220648489 
0 0 0.877031255160693 0.122812248841947 0.000156495997360317 
0 0 0.823517772326887 0.17645186265381 3.03650193029574E-05 
0 0 0.680442528355798 0.319505334943989 5.21367002133364E-05 
-1 -1 0.399956436603889 0.599873385052857 0.000170178343253589 
-1 -1 0.26846908340546 0.731512712363339 1.82042312013333E-05 
-1 0 0.554984178382086 0.444906562071324 0.00010925954658935 
0 0 0.973008382959371 0.0268762028921788 0.000115414148450548 
0 0 0.989646743725988 0.00977165169123581 0.000581604582776257 
0 0 0.973944833142928 0.0251209858044004 0.000934181052671721 
0 0 0.922108954804921 0.0777829154436906 0.000108129751388265 
0 0 0.87652341831343 0.123410142978231 6.64387083385674E-05 
0 0 0.68966290137522 0.310257702225713 7.9396399067149E-05 
0 0 0.530035781004476 0.469475187031661 0.000489031963863205 
0 -1 0.425152300542341 0.574716681927334 0.000131017530325444 
-1 -1 0.426969388624349 0.572956210161998 7.44012136524233E-05 
-1 -1 0.432538728993795 0.567391998887965 6.92721182397997E-05 
-1 -1 0.303582494739293 0.696330023809201 8.7481451506187E-05 
-1 0 0.514220015898091 0.485598259585602 0.000181724516307411 
-1 0 0.948167654235896 0.0508893453866327 0.000943000377470894 
-1 0 0.939260907617888 0.0605326155812672 0.000206476800844147 
-1 0 0.845343917995213 0.154564874697634 9.12073071525676E-05 
0 0 0.651543691262076 0.348293622524601 0.000162686213323207 
0 0 0.973088092956407 0.0231919751979463 0.00371993184564688 
0 0 0.975319971489889 0.0142437678147417 0.0104362606953688 
0 0 0.96277884822637 0.01734355394889 0.01987759782474 
0 0 0.891593052924082 0.0267792679258496 0.0816276791500681 
0 0 0.611459734510645 0.0733845466142641 0.31515571887509 
0 0 0.518586182967486 0.0379259445270564 0.443487872505458 
0 0 0.920284572786229 0.0127316975383756 0.0669837296753949 
0 0 0.897601024681147 0.0143883149430519 0.088010660375801 
0 0 0.920924014158612 0.00729979379246518 0.0717761920489229 
0 0 0.943369627249902 0.0152399827267999 0.0413903900232979 
0 0 0.964777659235819 0.0287132116772347 0.00650912908694575 
0 0 0.988108709696699 0.00950572643021852 0.00238556387308226 
0 0 0.972886443194789 0.0225186632598256 0.00459489354538519 
-1 0 0.990528792932967 0.00618105091225061 0.00329015615478252 
-1 0 0.989586470358459 0.0089054289150523 0.00150810072648883 
-1 0 0.994567014683321 0.00302751517478536 0.00240547014189387 
-1 0 0.993518951187906 0.00541639247694638 0.00106465633514816 
-1 0 0.979985991363528 0.0180492557104255 0.00196475292604646 
0 0 0.971947044623798 0.0268212391830901 0.00123171619311187 
0 0 0.989614882994628 0.00881797543214326 0.00156714157322836 
0 0 0.989157524088471 0.00813019413410531 0.00271228177742391 
0 0 0.97540636208094 0.0183871370630611 0.00620650085599877 
0 0 0.950183238648366 0.0420946856639777 0.00772207568765626 
0 0 0.962368242556023 0.0306240010532524 0.00700775639072493 
0 0 0.994737597870716 0.00387821578036743 0.00138418634891619 
0 0 0.982092042630327 0.0146192450399243 0.00328871232974871 
0 0 0.989559886148171 0.0089558325118789 0.00148428133995002 
0 0 0.960035574856727 0.0392205702525521 0.000743854890720604 
-1 0 0.96016809637928 0.0391440180315191 0.00068788558920086 
-1 0 0.92898456462204 0.070362681786385 0.000652753591575265 
-1 0 0.887179598278526 0.111654413971817 0.00116598774965676 
-1 0 0.859231839184812 0.139614220372241 0.00115394044294657 
-1 0 0.959568966280396 0.0392066363328155 0.00122439738678839 
-1 0 0.961143622386969 0.037994947943449 0.000861429669581991 
-1 0 0.971233979485091 0.0153543968179902 0.0134116236969181 
-1 0 0.971512947922668 0.0251284436106757 0.00335860846665608 
-1 0 0.930789336577781 0.0669513689009918 0.00225929452122768 
-1 0 0.933349908011302 0.0644208961089887 0.00222919587970955 
-1 0 0.952800625814414 0.0446857299578971 0.00251364422768864 
-1 0 0.975774602874464 0.0218698375536582 0.00235555957187827 
-1 0 0.959758347218715 0.0388114446435935 0.00143020813769155 
-1 0 0.94424872375161 0.0539498886482098 0.00180138760018061 
-1 0 0.946639496908797 0.0525701233590101 0.000790379732192475 
-1 0 0.953235925576532 0.0455966362616858 0.00116743816178235 
-1 0 0.893686101539826 0.105100401106187 0.00121349735398678 
-1 0 0.857745366976835 0.141354279778965 0.000900353244199352 
-1 0 0.874933289510423 0.124645612346542 0.000421098143034047 
-1 0 0.896357248067333 0.102327615131068 0.00131513680159872 
-1 0 0.791514207987461 0.207765540756772 0.000720251255766734 
-1 0 0.605804461446426 0.39310408413837 0.00109145441520442 
-1 0 0.662931114352783 0.33472312962077 0.00234575602644662 
-1 0 0.864721845994607 0.133786263545838 0.00149189045955565 
-1 0 0.824533379024812 0.173133648213149 0.00233297276203928 
-1 0 0.680805402696159 0.315934823326831 0.00325977397700942 
-1 0 0.894507269456675 0.104238728774372 0.00125400176895297 
-1 0 0.860173310230702 0.138328891524613 0.00149779824468465 
-1 0 0.713150199937664 0.283792716478043 0.00305708358429223 
-1 0 0.830886224130005 0.166539357758117 0.00257441811187783 
-1 0 0.720687799681603 0.276706129591326 0.00260607072707133 
-1 0 0.762027893745136 0.235908893142361 0.00206321311250353 
-1 0 0.709679200455553 0.28916859410823 0.00115220543621697 
-1 0 0.656366648870046 0.342740065098322 0.000893286031632143 
-1 0 0.609169123017021 0.389923129417515 0.000907747565463825 
-1 0 0.565356188351014 0.433712445200802 0.000931366448184583 
-1 -1 0.424345201894498 0.575171793424491 0.000483004681011093 
-1 0 0.503966427794274 0.495213676725746 0.000819895479980144 
-1 0 0.586322653825148 0.412432076127307 0.00124527004754558 
-1 -1 0.491427864029097 0.506695776228243 0.00187635974266016 
-1 -1 0.321560456706094 0.677509888458386 0.000929654835520598 
-1 -1 0.39674088249265 0.602314952566333 0.00094416494101709 
-1 -1 0.373186489180193 0.625380684474811 0.00143282634499588 
-1 -1 0.331503766488464 0.667342763104353 0.00115347040718325 
-1 -1 0.198585692326197 0.800632962757133 0.000781344916669627 
-1 -1 0.139381191239549 0.860132681016182 0.000486127744268011 
-1 -1 0.107650614394989 0.891902373835866 0.000447011769144905 
-1 -1 0.052274716872878 0.947517831481283 0.00020745164583921 
-1 -1 0.0381021213357734 0.961756863609321 0.000141015054905663 
-1 -1 0.0901580473284241 0.909485121880545 0.000356830791031064 
-1 -1 0.103546736693519 0.895961103242411 0.000492160064069993 
-1 -1 0.0588285976364221 0.941071243456624 0.000100158906953504 
-1 -1 0.0515045181390848 0.948383769692374 0.000111712168540656 
-1 -1 0.0730492807182124 0.926684775894032 0.000265943387756077 
-1 -1 0.0903872201232627 0.909308441192486 0.000304338684251359 
-1 -1 0.0203822811505839 0.979515451455003 0.000102267394412938 
-1 -1 0.0130959569446683 0.986854306210115 4.97368452160289E-05 
-1 -1 0.0295322568289857 0.97038586206125 8.18811097647973E-05 
-1 -1 0.0115593438294897 0.98839116842421 4.9487746299943E-05 
-1 -1 0.0276727884009589 0.972223558733471 0.000103652865569766 
-1 -1 0.0737298512915857 0.926060503401414 0.000209645307000748 
0 -1 0.186912099583672 0.812756657504012 0.000331242912315875 
0 -1 0.279743419058035 0.719677603361581 0.000578977580384443 
0 -1 0.432391504897358 0.565772540267163 0.0018359548354789 
0 0 0.647846786950015 0.345663820881095 0.00648939216889054 
0 0 0.770173055527937 0.208487092429654 0.0213398520424098 
0 0 0.671446649272407 0.320963924774637 0.00758942595295595 
0 -1 0.262911161258632 0.722430730688089 0.0146581080532785 
0 -1 0.384997766388007 0.601767071594774 0.0132351620172179 
0 -1 0.177740395822192 0.810502543424782 0.011757060753026 
0 -1 0.37786951863145 0.604615260448054 0.0175152209204965 
0 0 0.636312596675155 0.328994328547439 0.0346930747774071 
0 0 0.774581990034155 0.179033392248971 0.0463846177168747 
0 0 0.783389638954553 0.186900319944127 0.0297100411013199 
0 0 0.701255249682219 0.263742128758364 0.035002621559418 
0 0 0.488672425981691 0.442942681081539 0.0683848929367699 
0 0 0.697582245588033 0.24419137375794 0.0582263806540277 
0 0 0.680278016178339 0.263691758399383 0.0560302254222777 
0 -1 0.457202148419897 0.476441311572196 0.0663565400079074 
0 -1 0.440912401908469 0.519168454474856 0.0399191436166752 
0 0 0.586504530400055 0.372935139338419 0.0405603302615269 
0 0 0.547712997516331 0.416134617367254 0.0361523851164146 
0 0 0.506927034354416 0.469871452523604 0.0232015131219801 
0 0 0.647058189978968 0.330546920420228 0.0223948896008037 
0 0 0.671464122557136 0.287723281952212 0.0408125954906528 
0 0 0.492308944876946 0.46467450122948 0.0430165538935737 
0 -1 0.307858360406401 0.672080811970469 0.0200608276231293 
-1 -1 0.421650462515454 0.56062683790416 0.0177226995803861 
-1 -1 0.410345870636103 0.573906422905252 0.0157477064586448 
-1 0 0.505841752704419 0.474642571731705 0.0195156755638754 
-1 -1 0.481665206074393 0.492275412767567 0.0260593811580398 
-1 0 0.517293371702006 0.447328704389936 0.0353779239080585 
-1 0 0.540947407043185 0.443107991333215 0.015944601623599 
-1 -1 0.472529557939604 0.517474343692895 0.00999609836750113 
-1 -1 0.461502346633072 0.531972459072922 0.0065251942940061 
-1 -1 0.458505637266044 0.534411106606209 0.00708325612774721 
-1 -1 0.388338126419639 0.604315775732085 0.00734609784827594 
-1 -1 0.477383331483095 0.512561141199743 0.010055527317162 
-1 -1 0.446869759397874 0.531533695495671 0.0215965451064546 
-1 -1 0.467900523953992 0.515088588196853 0.0170108878491543 
-1 0 0.504026064878318 0.483398184848471 0.0125757502732109 
-1 0 0.527050755353542 0.458201684415066 0.014747560231392 
-1 0 0.566083719397352 0.417268682867583 0.0166475977350646 
-1 0 0.548334351154603 0.437224164238541 0.0144414846068565 
-1 0 0.508041089219293 0.48053458489604 0.011424325884667 
-1 0 0.5662284285644 0.420364565674518 0.0134070057610812 
-1 0 0.634265036164759 0.344389270871766 0.0213456929634753 
-1 0 0.520454989738781 0.469889474478566 0.00965553578265312 
-1 -1 0.43101533221071 0.556804137407637 0.0121805303816537 
-1 -1 0.438397758627698 0.55137139774031 0.010230843631992 
-1 -1 0.400744536634703 0.591908076428712 0.0073473869365853 
-1 -1 0.293319285845179 0.70228215186848 0.00439856228634038 
-1 -1 0.221005593768157 0.776048692493882 0.00294571373796151 
-1 -1 0.172535122860136 0.825102148319095 0.00236272882076831 
-1 -1 0.139395101171505 0.858080119323427 0.00252477950506751 
-1 -1 0.181938619898224 0.814996074226626 0.00306530587515019 
-1 -1 0.133218390290083 0.863947131687329 0.00283447802258785 
-1 -1 0.119956106957437 0.877894756064839 0.00214913697772359 
-1 -1 0.190856079525979 0.806227620140334 0.00291630033368738 
-1 -1 0.209740468416764 0.787595290842967 0.00266424074026893 
-1 -1 0.26307912119012 0.731813935418329 0.0051069433915511 
-1 -1 0.405457801882915 0.592475419245926 0.0020667788711586 
-1 -1 0.398032708888013 0.597554849684174 0.00441244142781286 
0 0 0.545930338884943 0.449596391090577 0.00447327002447935 
0 0 0.633807239126126 0.360305499814507 0.00588726105936665 
0 0 0.761114984963542 0.227309833509326 0.0115751815271316 
0 0 0.841563483183919 0.131589673371692 0.0268468434443893 
0 0 0.860646358454122 0.103140885507123 0.036212756038755 
0 0 0.809382461840558 0.17197080990698 0.0186467282524621 
0 -1 0.473649676435477 0.478716788381883 0.0476335351826397 
0 0 0.576245608944231 0.382876191684165 0.0408781993716046 
