0.03125 3.0517578125E-05 0.487074829931973
0.03125 0.0001220703125 0.487074829931973
0.03125 0.00048828125 0.487074829931973
0.03125 0.001953125 0.487074829931973
0.03125 0.0078125 0.487074829931973
0.03125 0.03125 0.487074829931973
0.03125 0.125 0.487074829931973
0.03125 0.5 0.487074829931973
0.03125 2 0.48843537414966
0.03125 8 0.495238095238095
0.125 3.0517578125E-05 0.487074829931973
0.125 0.0001220703125 0.487074829931973
0.125 0.00048828125 0.487074829931973
0.125 0.001953125 0.487074829931973
0.125 0.0078125 0.487074829931973
0.125 0.03125 0.487074829931973
0.125 0.125 0.487074829931973
0.125 0.5 0.563265306122449
0.125 2 0.628571428571429
0.125 8 0.651700680272109
0.5 3.0517578125E-05 0.487074829931973
0.5 0.0001220703125 0.487074829931973
0.5 0.00048828125 0.487074829931973
0.5 0.001953125 0.487074829931973
0.5 0.0078125 0.487074829931973
0.5 0.03125 0.487074829931973
0.5 0.125 0.561904761904762
0.5 0.5 0.668027210884354
0.5 2 0.702040816326531
0.5 8 0.731972789115646
2 3.0517578125E-05 0.487074829931973
2 0.0001220703125 0.487074829931973
2 0.00048828125 0.487074829931973
2 0.001953125 0.487074829931973
2 0.0078125 0.487074829931973
2 0.03125 0.552380952380952
2 0.125 0.629931972789116
2 0.5 0.717006802721088
2 2 0.770068027210884
2 8 0.785034013605442
8 3.0517578125E-05 0.487074829931973
8 0.0001220703125 0.487074829931973
8 0.00048828125 0.487074829931973
8 0.001953125 0.487074829931973
8 0.0078125 0.579591836734694
8 0.03125 0.621768707482993
8 0.125 0.729251700680272
8 0.5 0.760544217687075
8 2 0.8
8 8 0.83265306122449
32 3.0517578125E-05 0.487074829931973
32 0.0001220703125 0.487074829931973
32 0.00048828125 0.487074829931973
32 0.001953125 0.579591836734694
32 0.0078125 0.619047619047619
32 0.03125 0.726530612244898
32 0.125 0.752380952380952
32 0.5 0.79047619047619
32 2 0.804081632653061
32 8 0.850340136054422
128 3.0517578125E-05 0.487074829931973
128 0.0001220703125 0.487074829931973
128 0.00048828125 0.579591836734694
128 0.001953125 0.621768707482993
128 0.0078125 0.738775510204082
128 0.03125 0.742857142857143
128 0.125 0.775510204081633
128 0.5 0.80952380952381
128 2 0.827210884353741
128 8 0.834013605442177
512 3.0517578125E-05 0.487074829931973
512 0.0001220703125 0.585034013605442
512 0.00048828125 0.610884353741497
512 0.001953125 0.730612244897959
512 0.0078125 0.755102040816326
512 0.03125 0.771428571428571
512 0.125 0.778231292517007
512 0.5 0.813605442176871
512 2 0.836734693877551
512 8 0.802721088435374
2048 3.0517578125E-05 0.574149659863946
2048 0.0001220703125 0.62312925170068
2048 0.00048828125 0.741496598639456
2048 0.001953125 0.752380952380952
2048 0.0078125 0.761904761904762
2048 0.03125 0.778231292517007
2048 0.125 0.795918367346939
2048 0.5 0.827210884353741
2048 2 0.838095238095238
2048 8 0.82312925170068
8192 3.0517578125E-05 0.62312925170068
8192 0.0001220703125 0.746938775510204
8192 0.00048828125 0.759183673469388
8192 0.001953125 0.756462585034014
8192 0.0078125 0.77687074829932
8192 0.03125 0.77687074829932
8192 0.125 0.806802721088435
8192 0.5 0.838095238095238
8192 2 0.827210884353741
8192 8 0.795918367346939
32768 3.0517578125E-05 0.745578231292517
32768 0.0001220703125 0.752380952380952
32768 0.00048828125 0.755102040816326
32768 0.001953125 0.772789115646259
32768 0.0078125 0.79047619047619
32768 0.03125 0.808163265306122
32768 0.125 0.836734693877551
32768 0.5 0.834013605442177
32768 2 0.786394557823129
32768 8 0.79047619047619
13.4543426440594 3.36358566101486 0.812244897959184
13.4543426440594 4 0.831292517006803
13.4543426440594 4.75682846001088 0.831292517006803
13.4543426440594 5.65685424949238 0.810884353741497
13.4543426440594 6.72717132202972 0.829931972789116
13.4543426440594 8 0.835374149659864
13.4543426440594 9.51365692002177 0.82312925170068
13.4543426440594 11.3137084989848 0.835374149659864
13.4543426440594 13.4543426440594 0.825850340136054
13.4543426440594 16 0.805442176870748
13.4543426440594 19.0273138400435 0.827210884353741
16 3.36358566101486 0.825850340136054
16 4 0.816326530612245
16 4.75682846001088 0.817687074829932
16 5.65685424949238 0.82312925170068
16 6.72717132202972 0.836734693877551
16 8 0.829931972789116
16 9.51365692002177 0.827210884353741
16 11.3137084989848 0.814965986394558
16 13.4543426440594 0.806802721088435
16 16 0.825850340136054
16 19.0273138400435 0.831292517006803
19.0273138400435 3.36358566101486 0.821768707482993
19.0273138400435 4 0.821768707482993
19.0273138400435 4.75682846001088 0.828571428571429
19.0273138400435 5.65685424949238 0.834013605442177
19.0273138400435 6.72717132202972 0.835374149659864
19.0273138400435 8 0.836734693877551
19.0273138400435 9.51365692002177 0.848979591836735
19.0273138400435 11.3137084989848 0.821768707482993
19.0273138400435 13.4543426440594 0.821768707482993
19.0273138400435 16 0.820408163265306
19.0273138400435 19.0273138400435 0.812244897959184
22.6274169979695 3.36358566101486 0.812244897959184
22.6274169979695 4 0.82312925170068
22.6274169979695 4.75682846001088 0.839455782312925
22.6274169979695 5.65685424949238 0.821768707482993
22.6274169979695 6.72717132202972 0.831292517006803
22.6274169979695 8 0.838095238095238
22.6274169979695 9.51365692002177 0.842176870748299
22.6274169979695 11.3137084989848 0.835374149659864
22.6274169979695 13.4543426440594 0.827210884353741
22.6274169979695 16 0.828571428571429
22.6274169979695 19.0273138400435 0.80952380952381
26.9086852881189 3.36358566101486 0.80952380952381
26.9086852881189 4 0.827210884353741
26.9086852881189 4.75682846001088 0.834013605442177
26.9086852881189 5.65685424949238 0.846258503401361
26.9086852881189 6.72717132202972 0.834013605442177
26.9086852881189 8 0.836734693877551
26.9086852881189 9.51365692002177 0.824489795918367
26.9086852881189 11.3137084989848 0.834013605442177
26.9086852881189 13.4543426440594 0.83265306122449
26.9086852881189 16 0.813605442176871
26.9086852881189 19.0273138400435 0.80952380952381
38.0546276800871 3.36358566101486 0.824489795918367
38.0546276800871 4 0.82312925170068
38.0546276800871 4.75682846001088 0.825850340136054
38.0546276800871 5.65685424949238 0.831292517006803
38.0546276800871 6.72717132202972 0.839455782312925
38.0546276800871 8 0.834013605442177
38.0546276800871 9.51365692002177 0.82312925170068
38.0546276800871 11.3137084989848 0.831292517006803
38.0546276800871 13.4543426440594 0.821768707482993
38.0546276800871 16 0.814965986394558
38.0546276800871 19.0273138400435 0.801360544217687
45.254833995939 3.36358566101486 0.824489795918367
45.254833995939 4 0.820408163265306
45.254833995939 4.75682846001088 0.828571428571429
45.254833995939 5.65685424949238 0.834013605442177
45.254833995939 6.72717132202972 0.814965986394558
45.254833995939 8 0.82312925170068
45.254833995939 9.51365692002177 0.850340136054422
45.254833995939 11.3137084989848 0.838095238095238
45.254833995939 13.4543426440594 0.835374149659864
45.254833995939 16 0.835374149659864
45.254833995939 19.0273138400435 0.812244897959184
53.8173705762377 3.36358566101486 0.83265306122449
53.8173705762377 4 0.831292517006803
53.8173705762377 4.75682846001088 0.831292517006803
53.8173705762377 5.65685424949238 0.829931972789116
53.8173705762377 6.72717132202972 0.831292517006803
53.8173705762377 8 0.839455782312925
53.8173705762377 9.51365692002177 0.829931972789116
53.8173705762377 11.3137084989848 0.847619047619048
53.8173705762377 13.4543426440594 0.80952380952381
53.8173705762377 16 0.814965986394558
53.8173705762377 19.0273138400435 0.805442176870748
64 3.36358566101486 0.836734693877551
64 4 0.835374149659864
64 4.75682846001088 0.835374149659864
64 5.65685424949238 0.82312925170068
64 6.72717132202972 0.816326530612245
64 8 0.820408163265306
64 9.51365692002177 0.840816326530612
64 11.3137084989848 0.824489795918367
64 13.4543426440594 0.836734693877551
64 16 0.828571428571429
64 19.0273138400435 0.816326530612245
76.1092553601741 3.36358566101486 0.819047619047619
76.1092553601741 4 0.836734693877551
76.1092553601741 4.75682846001088 0.838095238095238
76.1092553601741 5.65685424949238 0.824489795918367
76.1092553601741 6.72717132202972 0.825850340136054
76.1092553601741 8 0.834013605442177
76.1092553601741 9.51365692002177 0.824489795918367
76.1092553601741 11.3137084989848 0.819047619047619
76.1092553601741 13.4543426440594 0.831292517006803
76.1092553601741 16 0.821768707482993
76.1092553601741 19.0273138400435 0.814965986394558
