0.03125 3.0517578125E-05 0.489159891598916
0.03125 0.0001220703125 0.489159891598916
0.03125 0.00048828125 0.489159891598916
0.03125 0.001953125 0.489159891598916
0.03125 0.0078125 0.489159891598916
0.03125 0.03125 0.489159891598916
0.03125 0.125 0.489159891598916
0.03125 0.5 0.489159891598916
0.03125 2 0.489159891598916
0.03125 8 0.489159891598916
0.125 3.0517578125E-05 0.489159891598916
0.125 0.0001220703125 0.489159891598916
0.125 0.00048828125 0.489159891598916
0.125 0.001953125 0.489159891598916
0.125 0.0078125 0.489159891598916
0.125 0.03125 0.489159891598916
0.125 0.125 0.489159891598916
0.125 0.5 0.489159891598916
0.125 2 0.600271002710027
0.125 8 0.612466124661247
0.5 3.0517578125E-05 0.489159891598916
0.5 0.0001220703125 0.489159891598916
0.5 0.00048828125 0.489159891598916
0.5 0.001953125 0.489159891598916
0.5 0.0078125 0.489159891598916
0.5 0.03125 0.489159891598916
0.5 0.125 0.489159891598916
0.5 0.5 0.578590785907859
0.5 2 0.672086720867209
0.5 8 0.727642276422764
2 3.0517578125E-05 0.489159891598916
2 0.0001220703125 0.489159891598916
2 0.00048828125 0.489159891598916
2 0.001953125 0.489159891598916
2 0.0078125 0.489159891598916
2 0.03125 0.489159891598916
2 0.125 0.584010840108401
2 0.5 0.723577235772358
2 2 0.776422764227642
2 8 0.794037940379404
8 3.0517578125E-05 0.489159891598916
8 0.0001220703125 0.489159891598916
8 0.00048828125 0.489159891598916
8 0.001953125 0.489159891598916
8 0.0078125 0.489159891598916
8 0.03125 0.582655826558266
8 0.125 0.734417344173442
8 0.5 0.79810298102981
8 2 0.806233062330623
8 8 0.795392953929539
32 3.0517578125E-05 0.489159891598916
32 0.0001220703125 0.489159891598916
32 0.00048828125 0.489159891598916
32 0.001953125 0.489159891598916
32 0.0078125 0.577235772357724
32 0.03125 0.730352303523035
32 0.125 0.791327913279133
32 0.5 0.811653116531165
32 2 0.823848238482385
32 8 0.819783197831978
128 3.0517578125E-05 0.489159891598916
128 0.0001220703125 0.489159891598916
128 0.00048828125 0.489159891598916
128 0.001953125 0.574525745257453
128 0.0078125 0.730352303523035
128 0.03125 0.780487804878049
128 0.125 0.799457994579946
128 0.5 0.833333333333333
128 2 0.826558265582656
128 8 0.831978319783198
512 3.0517578125E-05 0.489159891598916
512 0.0001220703125 0.489159891598916
512 0.00048828125 0.577235772357724
512 0.001953125 0.7289972899729
512 0.0078125 0.773712737127371
512 0.03125 0.800813008130081
512 0.125 0.814363143631436
512 0.5 0.849593495934959
512 2 0.838753387533875
512 8 0.799457994579946
2048 3.0517578125E-05 0.489159891598916
2048 0.0001220703125 0.577235772357724
2048 0.00048828125 0.726287262872629
2048 0.001953125 0.7710027100271
2048 0.0078125 0.802168021680217
2048 0.03125 0.817073170731707
2048 0.125 0.842818428184282
2048 0.5 0.848238482384824
2048 2 0.831978319783198
2048 8 0.802168021680217
8192 3.0517578125E-05 0.574525745257453
8192 0.0001220703125 0.724932249322493
8192 0.00048828125 0.775067750677507
8192 0.001953125 0.791327913279133
8192 0.0078125 0.819783197831978
8192 0.03125 0.823848238482385
8192 0.125 0.850948509485095
8192 0.5 0.849593495934959
8192 2 0.823848238482385
8192 8 0.752032520325203
32768 3.0517578125E-05 0.730352303523035
32768 0.0001220703125 0.769647696476965
32768 0.00048828125 0.795392953929539
32768 0.001953125 0.817073170731707
32768 0.0078125 0.834688346883469
32768 0.03125 0.838753387533875
32768 0.125 0.848238482384824
32768 0.5 0.829268292682927
32768 2 0.808943089430894
32768 8 0.780487804878049
3444.31171687921 0.0525560259533572 0.83739837398374
3444.31171687921 0.0625 0.82520325203252
3444.31171687921 0.0743254446876701 0.83739837398374
3444.31171687921 0.0883883476483184 0.841463414634146
3444.31171687921 0.105112051906714 0.849593495934959
3444.31171687921 0.125 0.846883468834688
3444.31171687921 0.14865088937534 0.850948509485095
3444.31171687921 0.176776695296637 0.842818428184282
3444.31171687921 0.210224103813429 0.849593495934959
3444.31171687921 0.25 0.849593495934959
3444.31171687921 0.29730177875068 0.840108401084011
4096 0.0525560259533572 0.818428184281843
4096 0.0625 0.83739837398374
4096 0.0743254446876701 0.841463414634146
4096 0.0883883476483184 0.842818428184282
4096 0.105112051906714 0.848238482384824
4096 0.125 0.844173441734417
4096 0.14865088937534 0.844173441734417
4096 0.176776695296637 0.857723577235772
4096 0.210224103813429 0.846883468834688
4096 0.25 0.856368563685637
4096 0.29730177875068 0.849593495934959
4870.99234305115 0.0525560259533572 0.833333333333333
4870.99234305115 0.0625 0.834688346883469
4870.99234305115 0.0743254446876701 0.83739837398374
4870.99234305115 0.0883883476483184 0.83739837398374
4870.99234305115 0.105112051906714 0.857723577235772
4870.99234305115 0.125 0.845528455284553
4870.99234305115 0.14865088937534 0.848238482384824
4870.99234305115 0.176776695296637 0.846883468834688
4870.99234305115 0.210224103813429 0.85230352303523
4870.99234305115 0.25 0.846883468834688
4870.99234305115 0.29730177875068 0.845528455284553
5792.6187514802 0.0525560259533572 0.831978319783198
5792.6187514802 0.0625 0.840108401084011
5792.6187514802 0.0743254446876701 0.848238482384824
5792.6187514802 0.0883883476483184 0.838753387533875
5792.6187514802 0.105112051906714 0.857723577235772
5792.6187514802 0.125 0.848238482384824
5792.6187514802 0.14865088937534 0.845528455284553
5792.6187514802 0.176776695296637 0.846883468834688
5792.6187514802 0.210224103813429 0.834688346883469
5792.6187514802 0.25 0.840108401084011
5792.6187514802 0.29730177875068 0.840108401084011
6888.62343375843 0.0525560259533572 0.840108401084011
6888.62343375843 0.0625 0.845528455284553
6888.62343375843 0.0743254446876701 0.83739837398374
6888.62343375843 0.0883883476483184 0.83739837398374
6888.62343375843 0.105112051906714 0.850948509485095
6888.62343375843 0.125 0.831978319783198
6888.62343375843 0.14865088937534 0.853658536585366
6888.62343375843 0.176776695296637 0.846883468834688
6888.62343375843 0.210224103813429 0.844173441734417
6888.62343375843 0.25 0.844173441734417
6888.62343375843 0.29730177875068 0.826558265582656
9741.98468610229 0.0525560259533572 0.844173441734417
9741.98468610229 0.0625 0.841463414634146
9741.98468610229 0.0743254446876701 0.853658536585366
9741.98468610229 0.0883883476483184 0.860433604336043
9741.98468610229 0.105112051906714 0.844173441734417
9741.98468610229 0.125 0.844173441734417
9741.98468610229 0.14865088937534 0.844173441734417
9741.98468610229 0.176776695296637 0.849593495934959
9741.98468610229 0.210224103813429 0.850948509485095
9741.98468610229 0.25 0.848238482384824
9741.98468610229 0.29730177875068 0.845528455284553
11585.2375029604 0.0525560259533572 0.850948509485095
11585.2375029604 0.0625 0.844173441734417
11585.2375029604 0.0743254446876701 0.853658536585366
11585.2375029604 0.0883883476483184 0.845528455284553
11585.2375029604 0.105112051906714 0.846883468834688
11585.2375029604 0.125 0.850948509485095
11585.2375029604 0.14865088937534 0.834688346883469
11585.2375029604 0.176776695296637 0.846883468834688
11585.2375029604 0.210224103813429 0.855013550135501
11585.2375029604 0.25 0.834688346883469
11585.2375029604 0.29730177875068 0.849593495934959
13777.2468675169 0.0525560259533572 0.844173441734417
13777.2468675169 0.0625 0.85230352303523
13777.2468675169 0.0743254446876701 0.838753387533875
13777.2468675169 0.0883883476483184 0.850948509485095
13777.2468675169 0.105112051906714 0.846883468834688
13777.2468675169 0.125 0.850948509485095
13777.2468675169 0.14865088937534 0.846883468834688
13777.2468675169 0.176776695296637 0.853658536585366
13777.2468675169 0.210224103813429 0.841463414634146
13777.2468675169 0.25 0.85230352303523
13777.2468675169 0.29730177875068 0.853658536585366
16384 0.0525560259533572 0.857723577235772
16384 0.0625 0.855013550135501
16384 0.0743254446876701 0.849593495934959
16384 0.0883883476483184 0.853658536585366
16384 0.105112051906714 0.842818428184282
16384 0.125 0.83739837398374
16384 0.14865088937534 0.841463414634146
16384 0.176776695296637 0.840108401084011
16384 0.210224103813429 0.855013550135501
16384 0.25 0.85230352303523
16384 0.29730177875068 0.840108401084011
19483.9693722046 0.0525560259533572 0.838753387533875
19483.9693722046 0.0625 0.846883468834688
19483.9693722046 0.0743254446876701 0.833333333333333
19483.9693722046 0.0883883476483184 0.846883468834688
19483.9693722046 0.105112051906714 0.855013550135501
19483.9693722046 0.125 0.848238482384824
19483.9693722046 0.14865088937534 0.849593495934959
19483.9693722046 0.176776695296637 0.842818428184282
19483.9693722046 0.210224103813429 0.841463414634146
19483.9693722046 0.25 0.838753387533875
19483.9693722046 0.29730177875068 0.844173441734417
