0.03125 3.0517578125E-05 0.484268125854993
0.03125 0.0001220703125 0.484268125854993
0.03125 0.00048828125 0.484268125854993
0.03125 0.001953125 0.484268125854993
0.03125 0.0078125 0.484268125854993
0.03125 0.03125 0.484268125854993
0.03125 0.125 0.484268125854993
0.03125 0.5 0.484268125854993
0.03125 2 0.503419972640219
0.03125 8 0.500683994528044
0.125 3.0517578125E-05 0.484268125854993
0.125 0.0001220703125 0.484268125854993
0.125 0.00048828125 0.484268125854993
0.125 0.001953125 0.484268125854993
0.125 0.0078125 0.484268125854993
0.125 0.03125 0.484268125854993
0.125 0.125 0.484268125854993
0.125 0.5 0.560875512995896
0.125 2 0.662106703146375
0.125 8 0.682626538987688
0.5 3.0517578125E-05 0.484268125854993
0.5 0.0001220703125 0.484268125854993
0.5 0.00048828125 0.484268125854993
0.5 0.001953125 0.484268125854993
0.5 0.0078125 0.484268125854993
0.5 0.03125 0.484268125854993
0.5 0.125 0.547195622435021
0.5 0.5 0.616963064295486
0.5 2 0.696306429548564
0.5 8 0.782489740082079
2 3.0517578125E-05 0.484268125854993
2 0.0001220703125 0.484268125854993
2 0.00048828125 0.484268125854993
2 0.001953125 0.484268125854993
2 0.0078125 0.484268125854993
2 0.03125 0.534883720930233
2 0.125 0.599179206566347
2 0.5 0.673050615595075
2 2 0.768809849521204
2 8 0.819425444596443
8 3.0517578125E-05 0.484268125854993
8 0.0001220703125 0.484268125854993
8 0.00048828125 0.484268125854993
8 0.001953125 0.484268125854993
8 0.0078125 0.537619699042408
8 0.03125 0.606019151846785
8 0.125 0.666210670314637
8 0.5 0.757865937072503
8 2 0.792065663474692
8 8 0.838577291381669
32 3.0517578125E-05 0.484268125854993
32 0.0001220703125 0.484268125854993
32 0.00048828125 0.484268125854993
32 0.001953125 0.53625170998632
32 0.0078125 0.600547195622435
32 0.03125 0.660738714090287
32 0.125 0.734610123119015
32 0.5 0.766073871409029
32 2 0.820793433652531
32 8 0.842681258549932
128 3.0517578125E-05 0.484268125854993
128 0.0001220703125 0.484268125854993
128 0.00048828125 0.53625170998632
128 0.001953125 0.566347469220246
128 0.0078125 0.656634746922025
128 0.03125 0.730506155950752
128 0.125 0.752393980848153
128 0.5 0.807113543091655
128 2 0.842681258549932
128 8 0.856361149110807
512 3.0517578125E-05 0.484268125854993
512 0.0001220703125 0.537619699042408
512 0.00048828125 0.607387140902873
512 0.001953125 0.649794801641587
512 0.0078125 0.705882352941177
512 0.03125 0.757865937072503
512 0.125 0.771545827633379
512 0.5 0.831737346101231
512 2 0.838577291381669
512 8 0.861833105335157
2048 3.0517578125E-05 0.534883720930233
2048 0.0001220703125 0.590971272229822
2048 0.00048828125 0.65389876880985
2048 0.001953125 0.703146374829001
2048 0.0078125 0.745554035567715
2048 0.03125 0.760601915184679
2048 0.125 0.778385772913817
2048 0.5 0.827633378932969
2048 2 0.852257181942544
2048 8 0.846785225718194
8192 3.0517578125E-05 0.589603283173735
8192 0.0001220703125 0.656634746922025
8192 0.00048828125 0.709986320109439
8192 0.001953125 0.727770177838577
8192 0.0078125 0.751025991792066
8192 0.03125 0.756497948016416
8192 0.125 0.823529411764706
8192 0.5 0.834473324213406
8192 2 0.86593707250342
8192 8 0.829001367989056
32768 3.0517578125E-05 0.6593707250342
32768 0.0001220703125 0.704514363885089
32768 0.00048828125 0.734610123119015
32768 0.001953125 0.751025991792066
32768 0.0078125 0.760601915184679
32768 0.03125 0.772913816689466
32768 0.125 0.824897400820793
32768 0.5 0.848153214774282
32768 2 0.844049247606019
32768 8 0.839945280437757
3444.31171687921 0.840896415253715 0.849521203830369
3444.31171687921 1 0.846785225718194
3444.31171687921 1.18920711500272 0.856361149110807
3444.31171687921 1.4142135623731 0.846785225718194
3444.31171687921 1.68179283050743 0.867305061559507
3444.31171687921 2 0.841313269493844
3444.31171687921 2.37841423000544 0.864569083447332
3444.31171687921 2.82842712474619 0.846785225718194
3444.31171687921 3.36358566101486 0.848153214774282
3444.31171687921 4 0.849521203830369
3444.31171687921 4.75682846001088 0.841313269493844
4096 0.840896415253715 0.856361149110807
4096 1 0.852257181942544
4096 1.18920711500272 0.846785225718194
4096 1.4142135623731 0.857729138166895
4096 1.68179283050743 0.853625170998632
4096 2 0.867305061559507
4096 2.37841423000544 0.853625170998632
4096 2.82842712474619 0.861833105335157
4096 3.36358566101486 0.86593707250342
4096 4 0.852257181942544
4096 4.75682846001088 0.844049247606019
4870.99234305115 0.840896415253715 0.842681258549932
4870.99234305115 1 0.848153214774282
4870.99234305115 1.18920711500272 0.835841313269494
4870.99234305115 1.4142135623731 0.856361149110807
4870.99234305115 1.68179283050743 0.868673050615595
4870.99234305115 2 0.837209302325581
4870.99234305115 2.37841423000544 0.86046511627907
4870.99234305115 2.82842712474619 0.841313269493844
4870.99234305115 3.36358566101486 0.842681258549932
4870.99234305115 4 0.845417236662107
4870.99234305115 4.75682846001088 0.846785225718194
5792.6187514802 0.840896415253715 0.861833105335157
5792.6187514802 1 0.838577291381669
5792.6187514802 1.18920711500272 0.849521203830369
5792.6187514802 1.4142135623731 0.857729138166895
5792.6187514802 1.68179283050743 0.848153214774282
5792.6187514802 2 0.839945280437757
5792.6187514802 2.37841423000544 0.850889192886457
5792.6187514802 2.82842712474619 0.852257181942544
5792.6187514802 3.36358566101486 0.85499316005472
5792.6187514802 4 0.846785225718194
5792.6187514802 4.75682846001088 0.842681258549932
6888.62343375843 0.840896415253715 0.857729138166895
6888.62343375843 1 0.849521203830369
6888.62343375843 1.18920711500272 0.853625170998632
6888.62343375843 1.4142135623731 0.839945280437757
6888.62343375843 1.68179283050743 0.86046511627907
6888.62343375843 2 0.838577291381669
6888.62343375843 2.37841423000544 0.857729138166895
6888.62343375843 2.82842712474619 0.85499316005472
6888.62343375843 3.36358566101486 0.837209302325581
6888.62343375843 4 0.849521203830369
6888.62343375843 4.75682846001088 0.849521203830369
9741.98468610229 0.840896415253715 0.857729138166895
9741.98468610229 1 0.859097127222982
9741.98468610229 1.18920711500272 0.87140902872777
9741.98468610229 1.4142135623731 0.867305061559507
9741.98468610229 1.68179283050743 0.848153214774282
9741.98468610229 2 0.846785225718194
9741.98468610229 2.37841423000544 0.85499316005472
9741.98468610229 2.82842712474619 0.837209302325581
9741.98468610229 3.36358566101486 0.844049247606019
9741.98468610229 4 0.845417236662107
9741.98468610229 4.75682846001088 0.829001367989056
11585.2375029604 0.840896415253715 0.849521203830369
11585.2375029604 1 0.863201094391245
11585.2375029604 1.18920711500272 0.848153214774282
11585.2375029604 1.4142135623731 0.87688098495212
11585.2375029604 1.68179283050743 0.880984952120383
11585.2375029604 2 0.848153214774282
11585.2375029604 2.37841423000544 0.850889192886457
11585.2375029604 2.82842712474619 0.831737346101231
11585.2375029604 3.36358566101486 0.863201094391245
11585.2375029604 4 0.850889192886457
11585.2375029604 4.75682846001088 0.833105335157319
13777.2468675169 0.840896415253715 0.850889192886457
13777.2468675169 1 0.839945280437757
13777.2468675169 1.18920711500272 0.867305061559507
13777.2468675169 1.4142135623731 0.850889192886457
13777.2468675169 1.68179283050743 0.859097127222982
13777.2468675169 2 0.857729138166895
13777.2468675169 2.37841423000544 0.837209302325581
13777.2468675169 2.82842712474619 0.841313269493844
13777.2468675169 3.36358566101486 0.853625170998632
13777.2468675169 4 0.852257181942544
13777.2468675169 4.75682846001088 0.849521203830369
16384 0.840896415253715 0.856361149110807
16384 1 0.868673050615595
16384 1.18920711500272 0.878248974008208
16384 1.4142135623731 0.879616963064295
16384 1.68179283050743 0.846785225718194
16384 2 0.872777017783858
16384 2.37841423000544 0.859097127222982
16384 2.82842712474619 0.868673050615595
16384 3.36358566101486 0.841313269493844
16384 4 0.849521203830369
16384 4.75682846001088 0.835841313269494
19483.9693722046 0.840896415253715 0.86593707250342
19483.9693722046 1 0.86046511627907
19483.9693722046 1.18920711500272 0.850889192886457
19483.9693722046 1.4142135623731 0.856361149110807
19483.9693722046 1.68179283050743 0.861833105335157
19483.9693722046 2 0.849521203830369
19483.9693722046 2.37841423000544 0.86593707250342
19483.9693722046 2.82842712474619 0.844049247606019
19483.9693722046 3.36358566101486 0.827633378932969
19483.9693722046 4 0.827633378932969
19483.9693722046 4.75682846001088 0.829001367989056
