0.03125 3.0517578125E-05 0.505446623093682
0.03125 0.0001220703125 0.505446623093682
0.03125 0.00048828125 0.505446623093682
0.03125 0.001953125 0.505446623093682
0.03125 0.0078125 0.505446623093682
0.03125 0.03125 0.505446623093682
0.03125 0.125 0.505446623093682
0.03125 0.5 0.505446623093682
0.03125 2 0.505446623093682
0.03125 8 0.505446623093682
0.125 3.0517578125E-05 0.505446623093682
0.125 0.0001220703125 0.505446623093682
0.125 0.00048828125 0.505446623093682
0.125 0.001953125 0.505446623093682
0.125 0.0078125 0.505446623093682
0.125 0.03125 0.505446623093682
0.125 0.125 0.505446623093682
0.125 0.5 0.505446623093682
0.125 2 0.587145969498911
0.125 8 0.601307189542484
0.5 3.0517578125E-05 0.505446623093682
0.5 0.0001220703125 0.505446623093682
0.5 0.00048828125 0.505446623093682
0.5 0.001953125 0.505446623093682
0.5 0.0078125 0.505446623093682
0.5 0.03125 0.505446623093682
0.5 0.125 0.505446623093682
0.5 0.5 0.600217864923747
0.5 2 0.619825708061002
0.5 8 0.712418300653595
2 3.0517578125E-05 0.505446623093682
2 0.0001220703125 0.505446623093682
2 0.00048828125 0.505446623093682
2 0.001953125 0.505446623093682
2 0.0078125 0.505446623093682
2 0.03125 0.505446623093682
2 0.125 0.584967320261438
2 0.5 0.649237472766884
2 2 0.713507625272331
2 8 0.753812636165577
8 3.0517578125E-05 0.505446623093682
8 0.0001220703125 0.505446623093682
8 0.00048828125 0.505446623093682
8 0.001953125 0.505446623093682
8 0.0078125 0.505446623093682
8 0.03125 0.566448801742919
8 0.125 0.667755991285403
8 0.5 0.683006535947712
8 2 0.726579520697168
8 8 0.779956427015251
32 3.0517578125E-05 0.505446623093682
32 0.0001220703125 0.505446623093682
32 0.00048828125 0.505446623093682
32 0.001953125 0.505446623093682
32 0.0078125 0.555555555555556
32 0.03125 0.654684095860566
32 0.125 0.698257080610022
32 0.5 0.710239651416122
32 2 0.757080610021787
32 8 0.827886710239651
128 3.0517578125E-05 0.505446623093682
128 0.0001220703125 0.505446623093682
128 0.00048828125 0.505446623093682
128 0.001953125 0.550108932461874
128 0.0078125 0.652505446623094
128 0.03125 0.694989106753813
128 0.125 0.705882352941177
128 0.5 0.740740740740741
128 2 0.790849673202614
128 8 0.859477124183007
512 3.0517578125E-05 0.505446623093682
512 0.0001220703125 0.505446623093682
512 0.00048828125 0.546840958605665
512 0.001953125 0.64161220043573
512 0.0078125 0.677559912854031
512 0.03125 0.710239651416122
512 0.125 0.713507625272331
512 0.5 0.761437908496732
512 2 0.815904139433551
512 8 0.859477124183007
2048 3.0517578125E-05 0.505446623093682
2048 0.0001220703125 0.549019607843137
2048 0.00048828125 0.640522875816993
2048 0.001953125 0.675381263616558
2048 0.0078125 0.698257080610022
2048 0.03125 0.711328976034858
2048 0.125 0.73202614379085
2048 0.5 0.785403050108932
2048 2 0.833333333333333
2048 8 0.815904139433551
8192 3.0517578125E-05 0.55119825708061
8192 0.0001220703125 0.640522875816993
8192 0.00048828125 0.676470588235294
8192 0.001953125 0.694989106753813
8192 0.0078125 0.703703703703704
8192 0.03125 0.708061002178649
8192 0.125 0.741830065359477
8192 0.5 0.777777777777778
8192 2 0.845315904139434
8192 8 0.811546840958606
32768 3.0517578125E-05 0.639433551198257
32768 0.0001220703125 0.669934640522876
32768 0.00048828125 0.690631808278867
32768 0.001953125 0.693899782135076
32768 0.0078125 0.700435729847495
32768 0.03125 0.717864923747277
32768 0.125 0.770152505446623
32768 0.5 0.826797385620915
32768 2 0.830065359477124
32768 8 0.79520697167756
53.8173705762377 3.36358566101486 0.803921568627451
53.8173705762377 4 0.815904139433551
53.8173705762377 4.75682846001088 0.820261437908497
53.8173705762377 5.65685424949238 0.823529411764706
53.8173705762377 6.72717132202972 0.838779956427015
53.8173705762377 8 0.837690631808279
53.8173705762377 9.51365692002177 0.862745098039216
53.8173705762377 11.3137084989848 0.854030501089325
53.8173705762377 13.4543426440594 0.850762527233116
53.8173705762377 16 0.864923747276688
53.8173705762377 19.0273138400435 0.852941176470588
64 3.36358566101486 0.793028322440087
64 4 0.799564270152505
64 4.75682846001088 0.816993464052288
64 5.65685424949238 0.838779956427015
64 6.72717132202972 0.837690631808279
64 8 0.868191721132898
64 9.51365692002177 0.855119825708061
64 11.3137084989848 0.842047930283224
64 13.4543426440594 0.861655773420479
64 16 0.860566448801743
64 19.0273138400435 0.852941176470588
76.1092553601741 3.36358566101486 0.808278867102396
76.1092553601741 4 0.818082788671024
76.1092553601741 4.75682846001088 0.838779956427015
76.1092553601741 5.65685424949238 0.835511982570806
76.1092553601741 6.72717132202972 0.847494553376906
76.1092553601741 8 0.859477124183007
76.1092553601741 9.51365692002177 0.862745098039216
76.1092553601741 11.3137084989848 0.859477124183007
76.1092553601741 13.4543426440594 0.857298474945534
76.1092553601741 16 0.857298474945534
76.1092553601741 19.0273138400435 0.862745098039216
90.5096679918781 3.36358566101486 0.802832244008715
90.5096679918781 4 0.828976034858388
90.5096679918781 4.75682846001088 0.821350762527233
90.5096679918781 5.65685424949238 0.82244008714597
90.5096679918781 6.72717132202972 0.859477124183007
90.5096679918781 8 0.864923747276688
90.5096679918781 9.51365692002177 0.860566448801743
90.5096679918781 11.3137084989848 0.869281045751634
90.5096679918781 13.4543426440594 0.852941176470588
90.5096679918781 16 0.847494553376906
90.5096679918781 19.0273138400435 0.842047930283224
107.634741152475 3.36358566101486 0.820261437908497
107.634741152475 4 0.810457516339869
107.634741152475 4.75682846001088 0.830065359477124
107.634741152475 5.65685424949238 0.850762527233116
107.634741152475 6.72717132202972 0.84640522875817
107.634741152475 8 0.857298474945534
107.634741152475 9.51365692002177 0.84640522875817
107.634741152475 11.3137084989848 0.847494553376906
107.634741152475 13.4543426440594 0.849673202614379
107.634741152475 16 0.842047930283224
107.634741152475 19.0273138400435 0.85838779956427
152.218510720348 3.36358566101486 0.816993464052288
152.218510720348 4 0.832244008714597
152.218510720348 4.75682846001088 0.838779956427015
152.218510720348 5.65685424949238 0.84640522875817
152.218510720348 6.72717132202972 0.845315904139434
152.218510720348 8 0.851851851851852
152.218510720348 9.51365692002177 0.85838779956427
152.218510720348 11.3137084989848 0.854030501089325
152.218510720348 13.4543426440594 0.863834422657952
152.218510720348 16 0.851851851851852
152.218510720348 19.0273138400435 0.839869281045752
181.019335983756 3.36358566101486 0.83442265795207
181.019335983756 4 0.831154684095861
181.019335983756 4.75682846001088 0.840958605664488
181.019335983756 5.65685424949238 0.859477124183007
181.019335983756 6.72717132202972 0.84640522875817
181.019335983756 8 0.851851851851852
181.019335983756 9.51365692002177 0.84640522875817
181.019335983756 11.3137084989848 0.844226579520697
181.019335983756 13.4543426440594 0.857298474945534
181.019335983756 16 0.855119825708061
181.019335983756 19.0273138400435 0.845315904139434
215.269482304951 3.36358566101486 0.82244008714597
215.269482304951 4 0.847494553376906
215.269482304951 4.75682846001088 0.848583877995643
215.269482304951 5.65685424949238 0.839869281045752
215.269482304951 6.72717132202972 0.867102396514161
215.269482304951 8 0.849673202614379
215.269482304951 9.51365692002177 0.859477124183007
215.269482304951 11.3137084989848 0.842047930283224
215.269482304951 13.4543426440594 0.850762527233116
215.269482304951 16 0.842047930283224
215.269482304951 19.0273138400435 0.859477124183007
256 3.36358566101486 0.827886710239651
256 4 0.84640522875817
256 4.75682846001088 0.847494553376906
256 5.65685424949238 0.859477124183007
256 6.72717132202972 0.837690631808279
256 8 0.862745098039216
256 9.51365692002177 0.84640522875817
256 11.3137084989848 0.849673202614379
256 13.4543426440594 0.854030501089325
256 16 0.859477124183007
256 19.0273138400435 0.837690631808279
304.437021440697 3.36358566101486 0.837690631808279
304.437021440697 4 0.837690631808279
304.437021440697 4.75682846001088 0.852941176470588
304.437021440697 5.65685424949238 0.862745098039216
304.437021440697 6.72717132202972 0.861655773420479
304.437021440697 8 0.848583877995643
304.437021440697 9.51365692002177 0.862745098039216
304.437021440697 11.3137084989848 0.840958605664488
304.437021440697 13.4543426440594 0.831154684095861
304.437021440697 16 0.839869281045752
304.437021440697 19.0273138400435 0.840958605664488
