0.03125 3.0517578125E-05 0.497782705099778
0.03125 0.0001220703125 0.497782705099778
0.03125 0.00048828125 0.497782705099778
0.03125 0.001953125 0.497782705099778
0.03125 0.0078125 0.497782705099778
0.03125 0.03125 0.497782705099778
0.03125 0.125 0.497782705099778
0.03125 0.5 0.497782705099778
0.03125 2 0.497782705099778
0.03125 8 0.497782705099778
0.125 3.0517578125E-05 0.497782705099778
0.125 0.0001220703125 0.497782705099778
0.125 0.00048828125 0.497782705099778
0.125 0.001953125 0.497782705099778
0.125 0.0078125 0.497782705099778
0.125 0.03125 0.497782705099778
0.125 0.125 0.497782705099778
0.125 0.5 0.496674057649667
0.125 2 0.568736141906874
0.125 8 0.635254988913526
0.5 3.0517578125E-05 0.497782705099778
0.5 0.0001220703125 0.497782705099778
0.5 0.00048828125 0.497782705099778
0.5 0.001953125 0.497782705099778
0.5 0.0078125 0.497782705099778
0.5 0.03125 0.497782705099778
0.5 0.125 0.497782705099778
0.5 0.5 0.562084257206208
0.5 2 0.635254988913526
0.5 8 0.729490022172949
2 3.0517578125E-05 0.497782705099778
2 0.0001220703125 0.497782705099778
2 0.00048828125 0.497782705099778
2 0.001953125 0.497782705099778
2 0.0078125 0.497782705099778
2 0.03125 0.497782705099778
2 0.125 0.533259423503326
2 0.5 0.606430155210643
2 2 0.685144124168514
2 8 0.799334811529933
8 3.0517578125E-05 0.497782705099778
8 0.0001220703125 0.497782705099778
8 0.00048828125 0.497782705099778
8 0.001953125 0.497782705099778
8 0.0078125 0.497782705099778
8 0.03125 0.539911308203991
8 0.125 0.580931263858093
8 0.5 0.627494456762749
8 2 0.771618625277162
8 8 0.844789356984479
32 3.0517578125E-05 0.497782705099778
32 0.0001220703125 0.497782705099778
32 0.00048828125 0.497782705099778
32 0.001953125 0.497782705099778
32 0.0078125 0.527716186252772
32 0.03125 0.5509977827051
32 0.125 0.600886917960089
32 0.5 0.684035476718404
32 2 0.799334811529933
32 8 0.890243902439024
128 3.0517578125E-05 0.497782705099778
128 0.0001220703125 0.497782705099778
128 0.00048828125 0.494456762749446
128 0.001953125 0.529933481152993
128 0.0078125 0.544345898004435
128 0.03125 0.580931263858093
128 0.125 0.639689578713969
128 0.5 0.742793791574279
128 2 0.853658536585366
128 8 0.891352549889135
512 3.0517578125E-05 0.497782705099778
512 0.0001220703125 0.497782705099778
512 0.00048828125 0.529933481152993
512 0.001953125 0.531042128603104
512 0.0078125 0.553215077605322
512 0.03125 0.610864745011086
512 0.125 0.676274944567627
512 0.5 0.798226164079823
512 2 0.883592017738359
512 8 0.894678492239468
2048 3.0517578125E-05 0.497782705099778
2048 0.0001220703125 0.524390243902439
2048 0.00048828125 0.546563192904656
2048 0.001953125 0.543237250554324
2048 0.0078125 0.580931263858093
2048 0.03125 0.647450110864745
2048 0.125 0.712860310421286
2048 0.5 0.843680709534368
2048 2 0.879157427937916
2048 8 0.89689578713969
8192 3.0517578125E-05 0.527716186252772
8192 0.0001220703125 0.544345898004435
8192 0.00048828125 0.545454545454545
8192 0.001953125 0.545454545454545
8192 0.0078125 0.605321507760532
8192 0.03125 0.669623059866962
8192 0.125 0.752771618625277
8192 0.5 0.869179600886918
8192 2 0.899113082039911
8192 8 0.866962305986696
32768 3.0517578125E-05 0.542128603104213
32768 0.0001220703125 0.536585365853659
32768 0.00048828125 0.552106430155211
32768 0.001953125 0.596452328159645
32768 0.0078125 0.657427937915743
32768 0.03125 0.686252771618625
32768 0.125 0.804878048780488
32768 0.5 0.885809312638581
32768 2 0.875831485587583
32768 8 0.865853658536585
3444.31171687921 0.840896415253715 0.882483370288248
3444.31171687921 1 0.879157427937916
3444.31171687921 1.18920711500272 0.883592017738359
3444.31171687921 1.4142135623731 0.88470066518847
3444.31171687921 1.68179283050743 0.872505543237251
3444.31171687921 2 0.88470066518847
3444.31171687921 2.37841423000544 0.886917960088692
3444.31171687921 2.82842712474619 0.879157427937916
3444.31171687921 3.36358566101486 0.881374722838137
3444.31171687921 4 0.881374722838137
3444.31171687921 4.75682846001088 0.883592017738359
4096 0.840896415253715 0.876940133037694
4096 1 0.879157427937916
4096 1.18920711500272 0.878048780487805
4096 1.4142135623731 0.874722838137472
4096 1.68179283050743 0.883592017738359
4096 2 0.889135254988914
4096 2.37841423000544 0.874722838137472
4096 2.82842712474619 0.875831485587583
4096 3.36358566101486 0.886917960088692
4096 4 0.89689578713969
4096 4.75682846001088 0.878048780487805
4870.99234305115 0.840896415253715 0.885809312638581
4870.99234305115 1 0.872505543237251
4870.99234305115 1.18920711500272 0.886917960088692
4870.99234305115 1.4142135623731 0.880266075388027
4870.99234305115 1.68179283050743 0.883592017738359
4870.99234305115 2 0.875831485587583
4870.99234305115 2.37841423000544 0.893569844789357
4870.99234305115 2.82842712474619 0.895787139689579
4870.99234305115 3.36358566101486 0.880266075388027
4870.99234305115 4 0.894678492239468
4870.99234305115 4.75682846001088 0.881374722838137
5792.6187514802 0.840896415253715 0.88470066518847
5792.6187514802 1 0.880266075388027
5792.6187514802 1.18920711500272 0.88470066518847
5792.6187514802 1.4142135623731 0.885809312638581
5792.6187514802 1.68179283050743 0.8980044345898
5792.6187514802 2 0.886917960088692
5792.6187514802 2.37841423000544 0.886917960088692
5792.6187514802 2.82842712474619 0.888026607538803
5792.6187514802 3.36358566101486 0.872505543237251
5792.6187514802 4 0.888026607538803
5792.6187514802 4.75682846001088 0.875831485587583
6888.62343375843 0.840896415253715 0.87139689578714
6888.62343375843 1 0.881374722838137
6888.62343375843 1.18920711500272 0.873614190687361
6888.62343375843 1.4142135623731 0.874722838137472
6888.62343375843 1.68179283050743 0.881374722838137
6888.62343375843 2 0.876940133037694
6888.62343375843 2.37841423000544 0.865853658536585
6888.62343375843 2.82842712474619 0.891352549889135
6888.62343375843 3.36358566101486 0.888026607538803
6888.62343375843 4 0.883592017738359
6888.62343375843 4.75682846001088 0.888026607538803
9741.98468610229 0.840896415253715 0.880266075388027
9741.98468610229 1 0.879157427937916
9741.98468610229 1.18920711500272 0.870288248337029
9741.98468610229 1.4142135623731 0.876940133037694
9741.98468610229 1.68179283050743 0.881374722838137
9741.98468610229 2 0.889135254988914
9741.98468610229 2.37841423000544 0.876940133037694
9741.98468610229 2.82842712474619 0.885809312638581
9741.98468610229 3.36358566101486 0.868070953436807
9741.98468610229 4 0.878048780487805
9741.98468610229 4.75682846001088 0.878048780487805
11585.2375029604 0.840896415253715 0.873614190687361
11585.2375029604 1 0.878048780487805
11585.2375029604 1.18920711500272 0.870288248337029
11585.2375029604 1.4142135623731 0.880266075388027
11585.2375029604 1.68179283050743 0.889135254988914
11585.2375029604 2 0.891352549889135
11585.2375029604 2.37841423000544 0.869179600886918
11585.2375029604 2.82842712474619 0.881374722838137
11585.2375029604 3.36358566101486 0.872505543237251
11585.2375029604 4 0.883592017738359
11585.2375029604 4.75682846001088 0.880266075388027
13777.2468675169 0.840896415253715 0.883592017738359
13777.2468675169 1 0.883592017738359
13777.2468675169 1.18920711500272 0.888026607538803
13777.2468675169 1.4142135623731 0.879157427937916
13777.2468675169 1.68179283050743 0.882483370288248
13777.2468675169 2 0.879157427937916
13777.2468675169 2.37841423000544 0.881374722838137
13777.2468675169 2.82842712474619 0.883592017738359
13777.2468675169 3.36358566101486 0.890243902439024
13777.2468675169 4 0.87139689578714
13777.2468675169 4.75682846001088 0.874722838137472
16384 0.840896415253715 0.886917960088692
16384 1 0.866962305986696
16384 1.18920711500272 0.880266075388027
16384 1.4142135623731 0.880266075388027
16384 1.68179283050743 0.881374722838137
16384 2 0.873614190687361
16384 2.37841423000544 0.892461197339246
16384 2.82842712474619 0.888026607538803
16384 3.36358566101486 0.878048780487805
16384 4 0.879157427937916
16384 4.75682846001088 0.869179600886918
19483.9693722046 0.840896415253715 0.880266075388027
19483.9693722046 1 0.878048780487805
19483.9693722046 1.18920711500272 0.883592017738359
19483.9693722046 1.4142135623731 0.873614190687361
19483.9693722046 1.68179283050743 0.883592017738359
19483.9693722046 2 0.88470066518847
19483.9693722046 2.37841423000544 0.885809312638581
19483.9693722046 2.82842712474619 0.882483370288248
19483.9693722046 3.36358566101486 0.880266075388027
19483.9693722046 4 0.883592017738359
19483.9693722046 4.75682846001088 0.864745011086475
