0.03125 3.0517578125E-05 0.706081081081081
0.03125 0.0001220703125 0.706081081081081
0.03125 0.00048828125 0.706081081081081
0.03125 0.001953125 0.706081081081081
0.03125 0.0078125 0.706081081081081
0.03125 0.03125 0.706081081081081
0.03125 0.125 0.706081081081081
0.03125 0.5 0.706081081081081
0.03125 2 0.706081081081081
0.03125 8 0.706081081081081
0.125 3.0517578125E-05 0.706081081081081
0.125 0.0001220703125 0.706081081081081
0.125 0.00048828125 0.706081081081081
0.125 0.001953125 0.706081081081081
0.125 0.0078125 0.706081081081081
0.125 0.03125 0.706081081081081
0.125 0.125 0.706081081081081
0.125 0.5 0.706081081081081
0.125 2 0.706081081081081
0.125 8 0.706081081081081
0.5 3.0517578125E-05 0.706081081081081
0.5 0.0001220703125 0.706081081081081
0.5 0.00048828125 0.706081081081081
0.5 0.001953125 0.706081081081081
0.5 0.0078125 0.706081081081081
0.5 0.03125 0.706081081081081
0.5 0.125 0.706081081081081
0.5 0.5 0.706081081081081
0.5 2 0.706081081081081
0.5 8 0.706081081081081
2 3.0517578125E-05 0.706081081081081
2 0.0001220703125 0.706081081081081
2 0.00048828125 0.706081081081081
2 0.001953125 0.706081081081081
2 0.0078125 0.706081081081081
2 0.03125 0.706081081081081
2 0.125 0.706081081081081
2 0.5 0.706081081081081
2 2 0.719594594594595
2 8 0.773648648648649
8 3.0517578125E-05 0.706081081081081
8 0.0001220703125 0.706081081081081
8 0.00048828125 0.706081081081081
8 0.001953125 0.706081081081081
8 0.0078125 0.706081081081081
8 0.03125 0.706081081081081
8 0.125 0.706081081081081
8 0.5 0.760135135135135
8 2 0.807432432432432
8 8 0.844594594594595
32 3.0517578125E-05 0.706081081081081
32 0.0001220703125 0.706081081081081
32 0.00048828125 0.706081081081081
32 0.001953125 0.706081081081081
32 0.0078125 0.706081081081081
32 0.03125 0.706081081081081
32 0.125 0.773648648648649
32 0.5 0.824324324324324
32 2 0.841216216216216
32 8 0.861486486486487
128 3.0517578125E-05 0.706081081081081
128 0.0001220703125 0.706081081081081
128 0.00048828125 0.706081081081081
128 0.001953125 0.706081081081081
128 0.0078125 0.706081081081081
128 0.03125 0.780405405405405
128 0.125 0.827702702702703
128 0.5 0.820945945945946
128 2 0.847972972972973
128 8 0.878378378378378
512 3.0517578125E-05 0.706081081081081
512 0.0001220703125 0.706081081081081
512 0.00048828125 0.706081081081081
512 0.001953125 0.706081081081081
512 0.0078125 0.77027027027027
512 0.03125 0.841216216216216
512 0.125 0.831081081081081
512 0.5 0.864864864864865
512 2 0.85472972972973
512 8 0.85472972972973
2048 3.0517578125E-05 0.706081081081081
2048 0.0001220703125 0.706081081081081
2048 0.00048828125 0.706081081081081
2048 0.001953125 0.773648648648649
2048 0.0078125 0.834459459459459
2048 0.03125 0.851351351351351
2048 0.125 0.858108108108108
2048 0.5 0.885135135135135
2048 2 0.861486486486487
2048 8 0.810810810810811
8192 3.0517578125E-05 0.706081081081081
8192 0.0001220703125 0.706081081081081
8192 0.00048828125 0.773648648648649
8192 0.001953125 0.827702702702703
8192 0.0078125 0.844594594594595
8192 0.03125 0.868243243243243
8192 0.125 0.878378378378378
8192 0.5 0.847972972972973
8192 2 0.844594594594595
8192 8 0.831081081081081
32768 3.0517578125E-05 0.706081081081081
32768 0.0001220703125 0.766891891891892
32768 0.00048828125 0.827702702702703
32768 0.001953125 0.85472972972973
32768 0.0078125 0.871621621621622
32768 0.03125 0.858108108108108
32768 0.125 0.881756756756757
32768 0.5 0.868243243243243
32768 2 0.871621621621622
32768 8 0.807432432432432
861.077929219804 0.210224103813429 0.858108108108108
861.077929219804 0.25 0.844594594594595
861.077929219804 0.29730177875068 0.831081081081081
861.077929219804 0.353553390593274 0.885135135135135
861.077929219804 0.420448207626857 0.85472972972973
861.077929219804 0.5 0.875
861.077929219804 0.594603557501361 0.861486486486487
861.077929219804 0.707106781186548 0.858108108108108
861.077929219804 0.840896415253715 0.864864864864865
861.077929219804 1 0.891891891891892
861.077929219804 1.18920711500272 0.864864864864865
1024 0.210224103813429 0.844594594594595
1024 0.25 0.851351351351351
1024 0.29730177875068 0.861486486486487
1024 0.353553390593274 0.85472972972973
1024 0.420448207626857 0.881756756756757
1024 0.5 0.871621621621622
1024 0.594603557501361 0.881756756756757
1024 0.707106781186548 0.885135135135135
1024 0.840896415253715 0.864864864864865
1024 1 0.875
1024 1.18920711500272 0.881756756756757
1217.74808576279 0.210224103813429 0.861486486486487
1217.74808576279 0.25 0.858108108108108
1217.74808576279 0.29730177875068 0.871621621621622
1217.74808576279 0.353553390593274 0.858108108108108
1217.74808576279 0.420448207626857 0.858108108108108
1217.74808576279 0.5 0.864864864864865
1217.74808576279 0.594603557501361 0.881756756756757
1217.74808576279 0.707106781186548 0.885135135135135
1217.74808576279 0.840896415253715 0.878378378378378
1217.74808576279 1 0.858108108108108
1217.74808576279 1.18920711500272 0.868243243243243
1448.15468787005 0.210224103813429 0.841216216216216
1448.15468787005 0.25 0.875
1448.15468787005 0.29730177875068 0.878378378378378
1448.15468787005 0.353553390593274 0.864864864864865
1448.15468787005 0.420448207626857 0.871621621621622
1448.15468787005 0.5 0.871621621621622
1448.15468787005 0.594603557501361 0.881756756756757
1448.15468787005 0.707106781186548 0.858108108108108
1448.15468787005 0.840896415253715 0.875
1448.15468787005 1 0.888513513513513
1448.15468787005 1.18920711500272 0.89527027027027
1722.15585843961 0.210224103813429 0.85472972972973
1722.15585843961 0.25 0.861486486486487
1722.15585843961 0.29730177875068 0.878378378378378
1722.15585843961 0.353553390593274 0.868243243243243
1722.15585843961 0.420448207626857 0.861486486486487
1722.15585843961 0.5 0.861486486486487
1722.15585843961 0.594603557501361 0.881756756756757
1722.15585843961 0.707106781186548 0.885135135135135
1722.15585843961 0.840896415253715 0.885135135135135
1722.15585843961 1 0.888513513513513
1722.15585843961 1.18920711500272 0.864864864864865
2435.49617152557 0.210224103813429 0.85472972972973
2435.49617152557 0.25 0.858108108108108
2435.49617152557 0.29730177875068 0.878378378378378
2435.49617152557 0.353553390593274 0.871621621621622
2435.49617152557 0.420448207626857 0.864864864864865
2435.49617152557 0.5 0.878378378378378
2435.49617152557 0.594603557501361 0.885135135135135
2435.49617152557 0.707106781186548 0.868243243243243
2435.49617152557 0.840896415253715 0.851351351351351
2435.49617152557 1 0.881756756756757
2435.49617152557 1.18920711500272 0.905405405405405
2896.3093757401 0.210224103813429 0.875
2896.3093757401 0.25 0.875
2896.3093757401 0.29730177875068 0.875
2896.3093757401 0.353553390593274 0.858108108108108
2896.3093757401 0.420448207626857 0.888513513513513
2896.3093757401 0.5 0.875
2896.3093757401 0.594603557501361 0.898648648648649
2896.3093757401 0.707106781186548 0.888513513513513
2896.3093757401 0.840896415253715 0.888513513513513
2896.3093757401 1 0.888513513513513
2896.3093757401 1.18920711500272 0.847972972972973
3444.31171687921 0.210224103813429 0.881756756756757
3444.31171687921 0.25 0.875
3444.31171687921 0.29730177875068 0.868243243243243
3444.31171687921 0.353553390593274 0.831081081081081
3444.31171687921 0.420448207626857 0.902027027027027
3444.31171687921 0.5 0.908783783783784
3444.31171687921 0.594603557501361 0.871621621621622
3444.31171687921 0.707106781186548 0.881756756756757
3444.31171687921 0.840896415253715 0.881756756756757
3444.31171687921 1 0.875
3444.31171687921 1.18920711500272 0.881756756756757
4096 0.210224103813429 0.885135135135135
4096 0.25 0.871621621621622
4096 0.29730177875068 0.881756756756757
4096 0.353553390593274 0.871621621621622
4096 0.420448207626857 0.864864864864865
4096 0.5 0.905405405405405
4096 0.594603557501361 0.881756756756757
4096 0.707106781186548 0.881756756756757
4096 0.840896415253715 0.898648648648649
4096 1 0.858108108108108
4096 1.18920711500272 0.878378378378378
4870.99234305115 0.210224103813429 0.875
4870.99234305115 0.25 0.875
4870.99234305115 0.29730177875068 0.875
4870.99234305115 0.353553390593274 0.871621621621622
4870.99234305115 0.420448207626857 0.891891891891892
4870.99234305115 0.5 0.885135135135135
4870.99234305115 0.594603557501361 0.851351351351351
4870.99234305115 0.707106781186548 0.858108108108108
4870.99234305115 0.840896415253715 0.908783783783784
4870.99234305115 1 0.871621621621622
4870.99234305115 1.18920711500272 0.858108108108108
