0.03125 3.0517578125E-05 0.524503311258278
0.03125 0.0001220703125 0.524503311258278
0.03125 0.00048828125 0.524503311258278
0.03125 0.001953125 0.524503311258278
0.03125 0.0078125 0.524503311258278
0.03125 0.03125 0.524503311258278
0.03125 0.125 0.524503311258278
0.03125 0.5 0.524503311258278
0.03125 2 0.524503311258278
0.03125 8 0.524503311258278
0.125 3.0517578125E-05 0.524503311258278
0.125 0.0001220703125 0.524503311258278
0.125 0.00048828125 0.524503311258278
0.125 0.001953125 0.524503311258278
0.125 0.0078125 0.524503311258278
0.125 0.03125 0.524503311258278
0.125 0.125 0.524503311258278
0.125 0.5 0.524503311258278
0.125 2 0.524503311258278
0.125 8 0.527152317880795
0.5 3.0517578125E-05 0.524503311258278
0.5 0.0001220703125 0.524503311258278
0.5 0.00048828125 0.524503311258278
0.5 0.001953125 0.524503311258278
0.5 0.0078125 0.524503311258278
0.5 0.03125 0.524503311258278
0.5 0.125 0.524503311258278
0.5 0.5 0.524503311258278
0.5 2 0.552317880794702
0.5 8 0.621192052980132
2 3.0517578125E-05 0.524503311258278
2 0.0001220703125 0.524503311258278
2 0.00048828125 0.524503311258278
2 0.001953125 0.524503311258278
2 0.0078125 0.524503311258278
2 0.03125 0.524503311258278
2 0.125 0.524503311258278
2 0.5 0.56953642384106
2 2 0.704635761589404
2 8 0.720529801324503
8 3.0517578125E-05 0.524503311258278
8 0.0001220703125 0.524503311258278
8 0.00048828125 0.524503311258278
8 0.001953125 0.524503311258278
8 0.0078125 0.524503311258278
8 0.03125 0.524503311258278
8 0.125 0.565562913907285
8 0.5 0.721854304635762
8 2 0.794701986754967
8 8 0.770860927152318
32 3.0517578125E-05 0.524503311258278
32 0.0001220703125 0.524503311258278
32 0.00048828125 0.524503311258278
32 0.001953125 0.524503311258278
32 0.0078125 0.524503311258278
32 0.03125 0.558940397350993
32 0.125 0.752317880794702
32 0.5 0.781456953642384
32 2 0.798675496688742
32 8 0.786754966887417
128 3.0517578125E-05 0.524503311258278
128 0.0001220703125 0.524503311258278
128 0.00048828125 0.524503311258278
128 0.001953125 0.524503311258278
128 0.0078125 0.557615894039735
128 0.03125 0.737748344370861
128 0.125 0.782781456953642
128 0.5 0.806622516556291
128 2 0.811920529801324
128 8 0.798675496688742
512 3.0517578125E-05 0.524503311258278
512 0.0001220703125 0.524503311258278
512 0.00048828125 0.524503311258278
512 0.001953125 0.552317880794702
512 0.0078125 0.739072847682119
512 0.03125 0.774834437086093
512 0.125 0.798675496688742
512 0.5 0.813245033112583
512 2 0.809271523178808
512 8 0.788079470198676
2048 3.0517578125E-05 0.524503311258278
2048 0.0001220703125 0.524503311258278
2048 0.00048828125 0.550993377483444
2048 0.001953125 0.732450331125828
2048 0.0078125 0.772185430463576
2048 0.03125 0.788079470198676
2048 0.125 0.815894039735099
2048 0.5 0.809271523178808
2048 2 0.813245033112583
2048 8 0.756291390728477
8192 3.0517578125E-05 0.524503311258278
8192 0.0001220703125 0.552317880794702
8192 0.00048828125 0.73112582781457
8192 0.001953125 0.766887417218543
8192 0.0078125 0.785430463576159
8192 0.03125 0.796026490066225
8192 0.125 0.827814569536424
8192 0.5 0.815894039735099
8192 2 0.789403973509934
8192 8 0.724503311258278
32768 3.0517578125E-05 0.544370860927152
32768 0.0001220703125 0.727152317880795
32768 0.00048828125 0.770860927152318
32768 0.001953125 0.788079470198676
32768 0.0078125 0.790728476821192
32768 0.03125 0.817218543046358
32768 0.125 0.819867549668874
32768 0.5 0.821192052980132
32768 2 0.768211920529801
32768 8 0.713907284768212
3444.31171687921 0.0525560259533572 0.810596026490066
3444.31171687921 0.0625 0.796026490066225
3444.31171687921 0.0743254446876701 0.814569536423841
3444.31171687921 0.0883883476483184 0.819867549668874
3444.31171687921 0.105112051906714 0.822516556291391
3444.31171687921 0.125 0.823841059602649
3444.31171687921 0.14865088937534 0.822516556291391
3444.31171687921 0.176776695296637 0.814569536423841
3444.31171687921 0.210224103813429 0.822516556291391
3444.31171687921 0.25 0.813245033112583
3444.31171687921 0.29730177875068 0.819867549668874
4096 0.0525560259533572 0.803973509933775
4096 0.0625 0.813245033112583
4096 0.0743254446876701 0.813245033112583
4096 0.0883883476483184 0.817218543046358
4096 0.105112051906714 0.821192052980132
4096 0.125 0.823841059602649
4096 0.14865088937534 0.831788079470199
4096 0.176776695296637 0.80794701986755
4096 0.210224103813429 0.831788079470199
4096 0.25 0.80794701986755
4096 0.29730177875068 0.802649006622517
4870.99234305115 0.0525560259533572 0.805298013245033
4870.99234305115 0.0625 0.815894039735099
4870.99234305115 0.0743254446876701 0.821192052980132
4870.99234305115 0.0883883476483184 0.814569536423841
4870.99234305115 0.105112051906714 0.819867549668874
4870.99234305115 0.125 0.815894039735099
4870.99234305115 0.14865088937534 0.809271523178808
4870.99234305115 0.176776695296637 0.813245033112583
4870.99234305115 0.210224103813429 0.821192052980132
4870.99234305115 0.25 0.831788079470199
4870.99234305115 0.29730177875068 0.80794701986755
5792.6187514802 0.0525560259533572 0.813245033112583
5792.6187514802 0.0625 0.805298013245033
5792.6187514802 0.0743254446876701 0.814569536423841
5792.6187514802 0.0883883476483184 0.815894039735099
5792.6187514802 0.105112051906714 0.83046357615894
5792.6187514802 0.125 0.83046357615894
5792.6187514802 0.14865088937534 0.826490066225166
5792.6187514802 0.176776695296637 0.822516556291391
5792.6187514802 0.210224103813429 0.834437086092715
5792.6187514802 0.25 0.814569536423841
5792.6187514802 0.29730177875068 0.818543046357616
6888.62343375843 0.0525560259533572 0.815894039735099
6888.62343375843 0.0625 0.817218543046358
6888.62343375843 0.0743254446876701 0.823841059602649
6888.62343375843 0.0883883476483184 0.821192052980132
6888.62343375843 0.105112051906714 0.823841059602649
6888.62343375843 0.125 0.822516556291391
6888.62343375843 0.14865088937534 0.825165562913907
6888.62343375843 0.176776695296637 0.814569536423841
6888.62343375843 0.210224103813429 0.823841059602649
6888.62343375843 0.25 0.818543046357616
6888.62343375843 0.29730177875068 0.822516556291391
9741.98468610229 0.0525560259533572 0.821192052980132
9741.98468610229 0.0625 0.811920529801324
9741.98468610229 0.0743254446876701 0.821192052980132
9741.98468610229 0.0883883476483184 0.823841059602649
9741.98468610229 0.105112051906714 0.822516556291391
9741.98468610229 0.125 0.829139072847682
9741.98468610229 0.14865088937534 0.829139072847682
9741.98468610229 0.176776695296637 0.823841059602649
9741.98468610229 0.210224103813429 0.825165562913907
9741.98468610229 0.25 0.825165562913907
9741.98468610229 0.29730177875068 0.829139072847682
11585.2375029604 0.0525560259533572 0.825165562913907
11585.2375029604 0.0625 0.821192052980132
11585.2375029604 0.0743254446876701 0.826490066225166
11585.2375029604 0.0883883476483184 0.829139072847682
11585.2375029604 0.105112051906714 0.829139072847682
11585.2375029604 0.125 0.818543046357616
11585.2375029604 0.14865088937534 0.817218543046358
11585.2375029604 0.176776695296637 0.829139072847682
11585.2375029604 0.210224103813429 0.831788079470199
11585.2375029604 0.25 0.819867549668874
11585.2375029604 0.29730177875068 0.825165562913907
13777.2468675169 0.0525560259533572 0.814569536423841
13777.2468675169 0.0625 0.811920529801324
13777.2468675169 0.0743254446876701 0.815894039735099
13777.2468675169 0.0883883476483184 0.825165562913907
13777.2468675169 0.105112051906714 0.829139072847682
13777.2468675169 0.125 0.809271523178808
13777.2468675169 0.14865088937534 0.823841059602649
13777.2468675169 0.176776695296637 0.825165562913907
13777.2468675169 0.210224103813429 0.821192052980132
13777.2468675169 0.25 0.819867549668874
13777.2468675169 0.29730177875068 0.826490066225166
16384 0.0525560259533572 0.813245033112583
16384 0.0625 0.819867549668874
16384 0.0743254446876701 0.831788079470199
16384 0.0883883476483184 0.827814569536424
16384 0.105112051906714 0.822516556291391
16384 0.125 0.822516556291391
16384 0.14865088937534 0.827814569536424
16384 0.176776695296637 0.826490066225166
16384 0.210224103813429 0.809271523178808
16384 0.25 0.815894039735099
16384 0.29730177875068 0.825165562913907
19483.9693722046 0.0525560259533572 0.822516556291391
19483.9693722046 0.0625 0.822516556291391
19483.9693722046 0.0743254446876701 0.821192052980132
19483.9693722046 0.0883883476483184 0.819867549668874
19483.9693722046 0.105112051906714 0.83046357615894
19483.9693722046 0.125 0.815894039735099
19483.9693722046 0.14865088937534 0.825165562913907
19483.9693722046 0.176776695296637 0.822516556291391
19483.9693722046 0.210224103813429 0.834437086092715
19483.9693722046 0.25 0.83046357615894
19483.9693722046 0.29730177875068 0.819867549668874
