0.03125 3.0517578125E-05 0.457967377666248
0.03125 0.0001220703125 0.457967377666248
0.03125 0.00048828125 0.457967377666248
0.03125 0.001953125 0.457967377666248
0.03125 0.0078125 0.457967377666248
0.03125 0.03125 0.457967377666248
0.03125 0.125 0.457967377666248
0.03125 0.5 0.457967377666248
0.03125 2 0.45922208281054
0.03125 8 0.457967377666248
0.125 3.0517578125E-05 0.457967377666248
0.125 0.0001220703125 0.457967377666248
0.125 0.00048828125 0.457967377666248
0.125 0.001953125 0.457967377666248
0.125 0.0078125 0.457967377666248
0.125 0.03125 0.457967377666248
0.125 0.125 0.457967377666248
0.125 0.5 0.486825595984944
0.125 2 0.5633626097867
0.125 8 0.582183186951067
0.5 3.0517578125E-05 0.457967377666248
0.5 0.0001220703125 0.457967377666248
0.5 0.00048828125 0.457967377666248
0.5 0.001953125 0.457967377666248
0.5 0.0078125 0.457967377666248
0.5 0.03125 0.457967377666248
0.5 0.125 0.466750313676286
0.5 0.5 0.618569636135508
0.5 2 0.638644918444166
0.5 8 0.642409033877039
2 3.0517578125E-05 0.457967377666248
2 0.0001220703125 0.457967377666248
2 0.00048828125 0.457967377666248
2 0.001953125 0.457967377666248
2 0.0078125 0.457967377666248
2 0.03125 0.468005018820577
2 0.125 0.601003764115433
2 0.5 0.661229611041405
2 2 0.686323713927227
2 8 0.697616060225847
8 3.0517578125E-05 0.457967377666248
8 0.0001220703125 0.457967377666248
8 0.00048828125 0.457967377666248
8 0.001953125 0.457967377666248
8 0.0078125 0.466750313676286
8 0.03125 0.612296110414053
8 0.125 0.672521957340025
8 0.5 0.718946047678795
8 2 0.73525721455458
8 8 0.734002509410289
32 3.0517578125E-05 0.457967377666248
32 0.0001220703125 0.457967377666248
32 0.00048828125 0.457967377666248
32 0.001953125 0.475533249686324
32 0.0078125 0.601003764115433
32 0.03125 0.683814303638645
32 0.125 0.736511919698871
32 0.5 0.766624843161857
32 2 0.779171894604768
32 8 0.749058971141782
128 3.0517578125E-05 0.457967377666248
128 0.0001220703125 0.457967377666248
128 0.00048828125 0.473023839397742
128 0.001953125 0.616060225846926
128 0.0078125 0.693851944792974
128 0.03125 0.739021329987453
128 0.125 0.766624843161857
128 0.5 0.79297365119197
128 2 0.803011292346299
128 8 0.79297365119197
512 3.0517578125E-05 0.457967377666248
512 0.0001220703125 0.464240903387704
512 0.00048828125 0.603513174404015
512 0.001953125 0.687578419071518
512 0.0078125 0.747804265997491
512 0.03125 0.772898368883312
512 0.125 0.795483061480552
512 0.5 0.820577164366374
512 2 0.79297365119197
512 8 0.780426599749059
2048 3.0517578125E-05 0.456712672521957
2048 0.0001220703125 0.604767879548306
2048 0.00048828125 0.683814303638645
2048 0.001953125 0.742785445420326
2048 0.0078125 0.771643663739021
2048 0.03125 0.79297365119197
2048 0.125 0.809284818067754
2048 0.5 0.82810539523212
2048 2 0.814303638644918
2048 8 0.767879548306148
8192 3.0517578125E-05 0.606022584692597
8192 0.0001220703125 0.680050188205772
8192 0.00048828125 0.740276035131744
8192 0.001953125 0.77038895859473
8192 0.0078125 0.794228356336261
8192 0.03125 0.810539523212045
8192 0.125 0.82810539523212
8192 0.5 0.81555834378921
8192 2 0.819322459222083
8192 8 0.782936010037641
32768 3.0517578125E-05 0.678795483061481
32768 0.0001220703125 0.73525721455458
32768 0.00048828125 0.757841907151819
32768 0.001953125 0.791718946047679
32768 0.0078125 0.811794228356336
32768 0.03125 0.823086574654956
32768 0.125 0.834378920953576
32768 0.5 0.82810539523212
32768 2 0.819322459222083
32768 8 0.766624843161857
13777.2468675169 0.0525560259533572 0.820577164366374
13777.2468675169 0.0625 0.820577164366374
13777.2468675169 0.0743254446876701 0.835633626097867
13777.2468675169 0.0883883476483184 0.820577164366374
13777.2468675169 0.105112051906714 0.825595984943538
13777.2468675169 0.125 0.825595984943538
13777.2468675169 0.14865088937534 0.831869510664994
13777.2468675169 0.176776695296637 0.823086574654956
13777.2468675169 0.210224103813429 0.825595984943538
13777.2468675169 0.25 0.825595984943538
13777.2468675169 0.29730177875068 0.836888331242158
16384 0.0525560259533572 0.816813048933501
16384 0.0625 0.823086574654956
16384 0.0743254446876701 0.81555834378921
16384 0.0883883476483184 0.824341279799247
16384 0.105112051906714 0.825595984943538
16384 0.125 0.818067754077792
16384 0.14865088937534 0.81555834378921
16384 0.176776695296637 0.825595984943538
16384 0.210224103813429 0.833124215809285
16384 0.25 0.823086574654956
16384 0.29730177875068 0.835633626097867
19483.9693722046 0.0525560259533572 0.813048933500627
19483.9693722046 0.0625 0.818067754077792
19483.9693722046 0.0743254446876701 0.821831869510665
19483.9693722046 0.0883883476483184 0.819322459222083
19483.9693722046 0.105112051906714 0.831869510664994
19483.9693722046 0.125 0.831869510664994
19483.9693722046 0.14865088937534 0.833124215809285
19483.9693722046 0.176776695296637 0.830614805520703
19483.9693722046 0.210224103813429 0.818067754077792
19483.9693722046 0.25 0.825595984943538
19483.9693722046 0.29730177875068 0.833124215809285
23170.4750059208 0.0525560259533572 0.824341279799247
23170.4750059208 0.0625 0.813048933500627
23170.4750059208 0.0743254446876701 0.829360100376412
23170.4750059208 0.0883883476483184 0.825595984943538
23170.4750059208 0.105112051906714 0.816813048933501
23170.4750059208 0.125 0.829360100376412
23170.4750059208 0.14865088937534 0.823086574654956
23170.4750059208 0.176776695296637 0.830614805520703
23170.4750059208 0.210224103813429 0.821831869510665
23170.4750059208 0.25 0.843161856963614
23170.4750059208 0.29730177875068 0.82810539523212
27554.4937350337 0.0525560259533572 0.814303638644918
27554.4937350337 0.0625 0.829360100376412
27554.4937350337 0.0743254446876701 0.823086574654956
27554.4937350337 0.0883883476483184 0.821831869510665
27554.4937350337 0.105112051906714 0.82810539523212
27554.4937350337 0.125 0.826850690087829
27554.4937350337 0.14865088937534 0.821831869510665
27554.4937350337 0.176776695296637 0.81555834378921
27554.4937350337 0.210224103813429 0.834378920953576
27554.4937350337 0.25 0.818067754077792
27554.4937350337 0.29730177875068 0.840652446675031
38967.9387444092 0.0525560259533572 0.816813048933501
38967.9387444092 0.0625 0.825595984943538
38967.9387444092 0.0743254446876701 0.830614805520703
38967.9387444092 0.0883883476483184 0.810539523212045
38967.9387444092 0.105112051906714 0.826850690087829
38967.9387444092 0.125 0.825595984943538
38967.9387444092 0.14865088937534 0.826850690087829
38967.9387444092 0.176776695296637 0.821831869510665
38967.9387444092 0.210224103813429 0.831869510664994
38967.9387444092 0.25 0.841907151819322
38967.9387444092 0.29730177875068 0.845671267252196
46340.9500118416 0.0525560259533572 0.820577164366374
46340.9500118416 0.0625 0.820577164366374
46340.9500118416 0.0743254446876701 0.846925972396487
46340.9500118416 0.0883883476483184 0.831869510664994
46340.9500118416 0.105112051906714 0.826850690087829
46340.9500118416 0.125 0.81555834378921
46340.9500118416 0.14865088937534 0.843161856963614
46340.9500118416 0.176776695296637 0.836888331242158
46340.9500118416 0.210224103813429 0.820577164366374
46340.9500118416 0.25 0.824341279799247
46340.9500118416 0.29730177875068 0.819322459222083
55108.9874700674 0.0525560259533572 0.829360100376412
55108.9874700674 0.0625 0.823086574654956
55108.9874700674 0.0743254446876701 0.829360100376412
55108.9874700674 0.0883883476483184 0.826850690087829
55108.9874700674 0.105112051906714 0.82810539523212
55108.9874700674 0.125 0.820577164366374
55108.9874700674 0.14865088937534 0.819322459222083
55108.9874700674 0.176776695296637 0.825595984943538
55108.9874700674 0.210224103813429 0.834378920953576
55108.9874700674 0.25 0.845671267252196
55108.9874700674 0.29730177875068 0.836888331242158
65536 0.0525560259533572 0.826850690087829
65536 0.0625 0.831869510664994
65536 0.0743254446876701 0.825595984943538
65536 0.0883883476483184 0.824341279799247
65536 0.105112051906714 0.835633626097867
65536 0.125 0.82810539523212
65536 0.14865088937534 0.829360100376412
65536 0.176776695296637 0.831869510664994
65536 0.210224103813429 0.844416562107905
65536 0.25 0.836888331242158
65536 0.29730177875068 0.833124215809285
77935.8774888183 0.0525560259533572 0.826850690087829
77935.8774888183 0.0625 0.834378920953576
77935.8774888183 0.0743254446876701 0.819322459222083
77935.8774888183 0.0883883476483184 0.820577164366374
77935.8774888183 0.105112051906714 0.831869510664994
77935.8774888183 0.125 0.830614805520703
77935.8774888183 0.14865088937534 0.836888331242158
77935.8774888183 0.176776695296637 0.849435382685069
77935.8774888183 0.210224103813429 0.843161856963614
77935.8774888183 0.25 0.844416562107905
77935.8774888183 0.29730177875068 0.840652446675031
