0.03125 3.0517578125E-05 0.501882057716437
0.03125 0.0001220703125 0.501882057716437
0.03125 0.00048828125 0.501882057716437
0.03125 0.001953125 0.501882057716437
0.03125 0.0078125 0.501882057716437
0.03125 0.03125 0.501882057716437
0.03125 0.125 0.501882057716437
0.03125 0.5 0.501882057716437
0.03125 2 0.501882057716437
0.03125 8 0.501882057716437
0.125 3.0517578125E-05 0.501882057716437
0.125 0.0001220703125 0.501882057716437
0.125 0.00048828125 0.501882057716437
0.125 0.001953125 0.501882057716437
0.125 0.0078125 0.501882057716437
0.125 0.03125 0.501882057716437
0.125 0.125 0.501882057716437
0.125 0.5 0.501882057716437
0.125 2 0.501882057716437
0.125 8 0.50564617314931
0.5 3.0517578125E-05 0.501882057716437
0.5 0.0001220703125 0.501882057716437
0.5 0.00048828125 0.501882057716437
0.5 0.001953125 0.501882057716437
0.5 0.0078125 0.501882057716437
0.5 0.03125 0.501882057716437
0.5 0.125 0.501882057716437
0.5 0.5 0.513174404015056
0.5 2 0.554579673776663
0.5 8 0.558343789209536
2 3.0517578125E-05 0.501882057716437
2 0.0001220703125 0.501882057716437
2 0.00048828125 0.501882057716437
2 0.001953125 0.501882057716437
2 0.0078125 0.501882057716437
2 0.03125 0.501882057716437
2 0.125 0.520702634880803
2 0.5 0.579673776662484
2 2 0.644918444165621
2 8 0.66624843161857
8 3.0517578125E-05 0.501882057716437
8 0.0001220703125 0.501882057716437
8 0.00048828125 0.501882057716437
8 0.001953125 0.501882057716437
8 0.0078125 0.501882057716437
8 0.03125 0.523212045169385
8 0.125 0.578419071518193
8 0.5 0.675031367628607
8 2 0.728983688833124
8 8 0.744040150564617
32 3.0517578125E-05 0.501882057716437
32 0.0001220703125 0.501882057716437
32 0.00048828125 0.501882057716437
32 0.001953125 0.501882057716437
32 0.0078125 0.521957340025094
32 0.03125 0.580928481806775
32 0.125 0.681304893350063
32 0.5 0.746549560853199
32 2 0.795483061480552
32 8 0.811794228356336
128 3.0517578125E-05 0.501882057716437
128 0.0001220703125 0.501882057716437
128 0.00048828125 0.501882057716437
128 0.001953125 0.520702634880803
128 0.0078125 0.579673776662484
128 0.03125 0.672521957340025
128 0.125 0.725219573400251
128 0.5 0.810539523212045
128 2 0.820577164366374
128 8 0.806775407779172
512 3.0517578125E-05 0.501882057716437
512 0.0001220703125 0.501882057716437
512 0.00048828125 0.524466750313676
512 0.001953125 0.575909661229611
512 0.0078125 0.678795483061481
512 0.03125 0.734002509410289
512 0.125 0.791718946047679
512 0.5 0.841907151819322
512 2 0.835633626097867
512 8 0.830614805520703
2048 3.0517578125E-05 0.501882057716437
2048 0.0001220703125 0.524466750313676
2048 0.00048828125 0.577164366373902
2048 0.001953125 0.675031367628607
2048 0.0078125 0.736511919698871
2048 0.03125 0.790464240903388
2048 0.125 0.819322459222083
2048 0.5 0.840652446675031
2048 2 0.823086574654956
2048 8 0.797992471769134
8192 3.0517578125E-05 0.520702634880803
8192 0.0001220703125 0.57465495608532
8192 0.00048828125 0.696361355081556
8192 0.001953125 0.741530740276035
8192 0.0078125 0.795483061480552
8192 0.03125 0.81555834378921
8192 0.125 0.846925972396487
8192 0.5 0.845671267252196
8192 2 0.836888331242158
8192 8 0.799247176913425
32768 3.0517578125E-05 0.57465495608532
32768 0.0001220703125 0.687578419071518
32768 0.00048828125 0.726474278544542
32768 0.001953125 0.794228356336261
32768 0.0078125 0.810539523212045
32768 0.03125 0.85069008782936
32768 0.125 0.867001254705144
32768 0.5 0.845671267252196
32768 2 0.830614805520703
32768 8 0.799247176913425
13777.2468675169 0.0525560259533572 0.844416562107905
13777.2468675169 0.0625 0.83939774153074
13777.2468675169 0.0743254446876701 0.851944792973651
13777.2468675169 0.0883883476483184 0.848180677540778
13777.2468675169 0.105112051906714 0.860727728983689
13777.2468675169 0.125 0.859473023839398
13777.2468675169 0.14865088937534 0.859473023839398
13777.2468675169 0.176776695296637 0.851944792973651
13777.2468675169 0.210224103813429 0.849435382685069
13777.2468675169 0.25 0.856963613550816
13777.2468675169 0.29730177875068 0.856963613550816
16384 0.0525560259533572 0.853199498117942
16384 0.0625 0.841907151819322
16384 0.0743254446876701 0.858218318695107
16384 0.0883883476483184 0.848180677540778
16384 0.105112051906714 0.864491844416562
16384 0.125 0.848180677540778
16384 0.14865088937534 0.86198243412798
16384 0.176776695296637 0.854454203262233
16384 0.210224103813429 0.846925972396487
16384 0.25 0.853199498117942
16384 0.29730177875068 0.855708908406524
19483.9693722046 0.0525560259533572 0.851944792973651
19483.9693722046 0.0625 0.845671267252196
19483.9693722046 0.0743254446876701 0.85069008782936
19483.9693722046 0.0883883476483184 0.855708908406524
19483.9693722046 0.105112051906714 0.864491844416562
19483.9693722046 0.125 0.865746549560853
19483.9693722046 0.14865088937534 0.851944792973651
19483.9693722046 0.176776695296637 0.85069008782936
19483.9693722046 0.210224103813429 0.848180677540778
19483.9693722046 0.25 0.849435382685069
19483.9693722046 0.29730177875068 0.844416562107905
23170.4750059208 0.0525560259533572 0.840652446675031
23170.4750059208 0.0625 0.846925972396487
23170.4750059208 0.0743254446876701 0.851944792973651
23170.4750059208 0.0883883476483184 0.860727728983689
23170.4750059208 0.105112051906714 0.851944792973651
23170.4750059208 0.125 0.85069008782936
23170.4750059208 0.14865088937534 0.846925972396487
23170.4750059208 0.176776695296637 0.855708908406524
23170.4750059208 0.210224103813429 0.845671267252196
23170.4750059208 0.25 0.844416562107905
23170.4750059208 0.29730177875068 0.853199498117942
27554.4937350337 0.0525560259533572 0.844416562107905
27554.4937350337 0.0625 0.851944792973651
27554.4937350337 0.0743254446876701 0.855708908406524
27554.4937350337 0.0883883476483184 0.85069008782936
27554.4937350337 0.105112051906714 0.854454203262233
27554.4937350337 0.125 0.856963613550816
27554.4937350337 0.14865088937534 0.841907151819322
27554.4937350337 0.176776695296637 0.845671267252196
27554.4937350337 0.210224103813429 0.848180677540778
27554.4937350337 0.25 0.853199498117942
27554.4937350337 0.29730177875068 0.844416562107905
38967.9387444092 0.0525560259533572 0.858218318695107
38967.9387444092 0.0625 0.849435382685069
38967.9387444092 0.0743254446876701 0.855708908406524
38967.9387444092 0.0883883476483184 0.856963613550816
38967.9387444092 0.105112051906714 0.85069008782936
38967.9387444092 0.125 0.860727728983689
38967.9387444092 0.14865088937534 0.846925972396487
38967.9387444092 0.176776695296637 0.85069008782936
38967.9387444092 0.210224103813429 0.844416562107905
38967.9387444092 0.25 0.845671267252196
38967.9387444092 0.29730177875068 0.845671267252196
46340.9500118416 0.0525560259533572 0.855708908406524
46340.9500118416 0.0625 0.851944792973651
46340.9500118416 0.0743254446876701 0.858218318695107
46340.9500118416 0.0883883476483184 0.851944792973651
46340.9500118416 0.105112051906714 0.840652446675031
46340.9500118416 0.125 0.859473023839398
46340.9500118416 0.14865088937534 0.863237139272271
46340.9500118416 0.176776695296637 0.836888331242158
46340.9500118416 0.210224103813429 0.849435382685069
46340.9500118416 0.25 0.83939774153074
46340.9500118416 0.29730177875068 0.85069008782936
55108.9874700674 0.0525560259533572 0.853199498117942
55108.9874700674 0.0625 0.843161856963614
55108.9874700674 0.0743254446876701 0.860727728983689
55108.9874700674 0.0883883476483184 0.854454203262233
55108.9874700674 0.105112051906714 0.845671267252196
55108.9874700674 0.125 0.851944792973651
55108.9874700674 0.14865088937534 0.845671267252196
55108.9874700674 0.176776695296637 0.846925972396487
55108.9874700674 0.210224103813429 0.843161856963614
55108.9874700674 0.25 0.841907151819322
55108.9874700674 0.29730177875068 0.843161856963614
65536 0.0525560259533572 0.855708908406524
65536 0.0625 0.855708908406524
65536 0.0743254446876701 0.860727728983689
65536 0.0883883476483184 0.848180677540778
65536 0.105112051906714 0.860727728983689
65536 0.125 0.844416562107905
65536 0.14865088937534 0.840652446675031
65536 0.176776695296637 0.855708908406524
65536 0.210224103813429 0.853199498117942
65536 0.25 0.849435382685069
65536 0.29730177875068 0.829360100376412
77935.8774888183 0.0525560259533572 0.858218318695107
77935.8774888183 0.0625 0.848180677540778
77935.8774888183 0.0743254446876701 0.835633626097867
77935.8774888183 0.0883883476483184 0.85069008782936
77935.8774888183 0.105112051906714 0.858218318695107
77935.8774888183 0.125 0.849435382685069
77935.8774888183 0.14865088937534 0.853199498117942
77935.8774888183 0.176776695296637 0.844416562107905
77935.8774888183 0.210224103813429 0.836888331242158
77935.8774888183 0.25 0.843161856963614
77935.8774888183 0.29730177875068 0.846925972396487
