0.03125 3.0517578125E-05 0.602258469259724
0.03125 0.0001220703125 0.602258469259724
0.03125 0.00048828125 0.602258469259724
0.03125 0.001953125 0.602258469259724
0.03125 0.0078125 0.602258469259724
0.03125 0.03125 0.602258469259724
0.03125 0.125 0.602258469259724
0.03125 0.5 0.602258469259724
0.03125 2 0.602258469259724
0.03125 8 0.602258469259724
0.125 3.0517578125E-05 0.602258469259724
0.125 0.0001220703125 0.602258469259724
0.125 0.00048828125 0.602258469259724
0.125 0.001953125 0.602258469259724
0.125 0.0078125 0.602258469259724
0.125 0.03125 0.602258469259724
0.125 0.125 0.602258469259724
0.125 0.5 0.602258469259724
0.125 2 0.602258469259724
0.125 8 0.607277289836888
0.5 3.0517578125E-05 0.602258469259724
0.5 0.0001220703125 0.602258469259724
0.5 0.00048828125 0.602258469259724
0.5 0.001953125 0.602258469259724
0.5 0.0078125 0.602258469259724
0.5 0.03125 0.602258469259724
0.5 0.125 0.602258469259724
0.5 0.5 0.613550815558344
0.5 2 0.681304893350063
0.5 8 0.715181932245922
2 3.0517578125E-05 0.602258469259724
2 0.0001220703125 0.602258469259724
2 0.00048828125 0.602258469259724
2 0.001953125 0.602258469259724
2 0.0078125 0.602258469259724
2 0.03125 0.602258469259724
2 0.125 0.617314930991217
2 0.5 0.710163111668758
2 2 0.762860727728984
2 8 0.779171894604768
8 3.0517578125E-05 0.602258469259724
8 0.0001220703125 0.602258469259724
8 0.00048828125 0.602258469259724
8 0.001953125 0.602258469259724
8 0.0078125 0.602258469259724
8 0.03125 0.618569636135508
8 0.125 0.722710163111669
8 0.5 0.769134253450439
8 2 0.790464240903388
8 8 0.80426599749059
32 3.0517578125E-05 0.602258469259724
32 0.0001220703125 0.602258469259724
32 0.00048828125 0.602258469259724
32 0.001953125 0.602258469259724
32 0.0078125 0.618569636135508
32 0.03125 0.730238393977415
32 0.125 0.77038895859473
32 0.5 0.808030112923463
32 2 0.821831869510665
32 8 0.819322459222083
128 3.0517578125E-05 0.602258469259724
128 0.0001220703125 0.602258469259724
128 0.00048828125 0.602258469259724
128 0.001953125 0.619824341279799
128 0.0078125 0.728983688833124
128 0.03125 0.766624843161857
128 0.125 0.790464240903388
128 0.5 0.838143036386449
128 2 0.851944792973651
128 8 0.81555834378921
512 3.0517578125E-05 0.602258469259724
512 0.0001220703125 0.602258469259724
512 0.00048828125 0.617314930991217
512 0.001953125 0.728983688833124
512 0.0078125 0.766624843161857
512 0.03125 0.786700125470514
512 0.125 0.824341279799247
512 0.5 0.855708908406524
512 2 0.83939774153074
512 8 0.826850690087829
2048 3.0517578125E-05 0.602258469259724
2048 0.0001220703125 0.619824341279799
2048 0.00048828125 0.730238393977415
2048 0.001953125 0.762860727728984
2048 0.0078125 0.78168130489335
2048 0.03125 0.82810539523212
2048 0.125 0.83939774153074
2048 0.5 0.855708908406524
2048 2 0.860727728983689
2048 8 0.836888331242158
8192 3.0517578125E-05 0.622333751568381
8192 0.0001220703125 0.731493099121706
8192 0.00048828125 0.762860727728984
8192 0.001953125 0.777917189460477
8192 0.0078125 0.816813048933501
8192 0.03125 0.846925972396487
8192 0.125 0.854454203262233
8192 0.5 0.869510664993726
8192 2 0.85069008782936
8192 8 0.829360100376412
32768 3.0517578125E-05 0.728983688833124
32768 0.0001220703125 0.764115432873275
32768 0.00048828125 0.78168130489335
32768 0.001953125 0.813048933500627
32768 0.0078125 0.83939774153074
32768 0.03125 0.841907151819322
32768 0.125 0.86198243412798
32768 0.5 0.854454203262233
32768 2 0.840652446675031
32768 8 0.810539523212045
3444.31171687921 0.210224103813429 0.856963613550816
3444.31171687921 0.25 0.860727728983689
3444.31171687921 0.29730177875068 0.853199498117942
3444.31171687921 0.353553390593274 0.843161856963614
3444.31171687921 0.420448207626857 0.860727728983689
3444.31171687921 0.5 0.854454203262233
3444.31171687921 0.594603557501361 0.856963613550816
3444.31171687921 0.707106781186548 0.860727728983689
3444.31171687921 0.840896415253715 0.849435382685069
3444.31171687921 1 0.838143036386449
3444.31171687921 1.18920711500272 0.867001254705144
4096 0.210224103813429 0.856963613550816
4096 0.25 0.85069008782936
4096 0.29730177875068 0.855708908406524
4096 0.353553390593274 0.856963613550816
4096 0.420448207626857 0.841907151819322
4096 0.5 0.859473023839398
4096 0.594603557501361 0.844416562107905
4096 0.707106781186548 0.854454203262233
4096 0.840896415253715 0.856963613550816
4096 1 0.855708908406524
4096 1.18920711500272 0.85069008782936
4870.99234305115 0.210224103813429 0.846925972396487
4870.99234305115 0.25 0.85069008782936
4870.99234305115 0.29730177875068 0.854454203262233
4870.99234305115 0.353553390593274 0.856963613550816
4870.99234305115 0.420448207626857 0.863237139272271
4870.99234305115 0.5 0.858218318695107
4870.99234305115 0.594603557501361 0.851944792973651
4870.99234305115 0.707106781186548 0.843161856963614
4870.99234305115 0.840896415253715 0.851944792973651
4870.99234305115 1 0.849435382685069
4870.99234305115 1.18920711500272 0.841907151819322
5792.6187514802 0.210224103813429 0.86198243412798
5792.6187514802 0.25 0.846925972396487
5792.6187514802 0.29730177875068 0.849435382685069
5792.6187514802 0.353553390593274 0.849435382685069
5792.6187514802 0.420448207626857 0.859473023839398
5792.6187514802 0.5 0.863237139272271
5792.6187514802 0.594603557501361 0.851944792973651
5792.6187514802 0.707106781186548 0.856963613550816
5792.6187514802 0.840896415253715 0.85069008782936
5792.6187514802 1 0.851944792973651
5792.6187514802 1.18920711500272 0.834378920953576
6888.62343375843 0.210224103813429 0.859473023839398
6888.62343375843 0.25 0.848180677540778
6888.62343375843 0.29730177875068 0.854454203262233
6888.62343375843 0.353553390593274 0.867001254705144
6888.62343375843 0.420448207626857 0.853199498117942
6888.62343375843 0.5 0.868255959849435
6888.62343375843 0.594603557501361 0.86198243412798
6888.62343375843 0.707106781186548 0.867001254705144
6888.62343375843 0.840896415253715 0.858218318695107
6888.62343375843 1 0.85069008782936
6888.62343375843 1.18920711500272 0.851944792973651
9741.98468610229 0.210224103813429 0.859473023839398
9741.98468610229 0.25 0.86198243412798
9741.98468610229 0.29730177875068 0.858218318695107
9741.98468610229 0.353553390593274 0.860727728983689
9741.98468610229 0.420448207626857 0.860727728983689
9741.98468610229 0.5 0.859473023839398
9741.98468610229 0.594603557501361 0.855708908406524
9741.98468610229 0.707106781186548 0.863237139272271
9741.98468610229 0.840896415253715 0.841907151819322
9741.98468610229 1 0.844416562107905
9741.98468610229 1.18920711500272 0.834378920953576
11585.2375029604 0.210224103813429 0.863237139272271
11585.2375029604 0.25 0.846925972396487
11585.2375029604 0.29730177875068 0.855708908406524
11585.2375029604 0.353553390593274 0.867001254705144
11585.2375029604 0.420448207626857 0.85069008782936
11585.2375029604 0.5 0.870765370138018
11585.2375029604 0.594603557501361 0.867001254705144
11585.2375029604 0.707106781186548 0.856963613550816
11585.2375029604 0.840896415253715 0.869510664993726
11585.2375029604 1 0.853199498117942
11585.2375029604 1.18920711500272 0.855708908406524
13777.2468675169 0.210224103813429 0.848180677540778
13777.2468675169 0.25 0.838143036386449
13777.2468675169 0.29730177875068 0.849435382685069
13777.2468675169 0.353553390593274 0.859473023839398
13777.2468675169 0.420448207626857 0.864491844416562
13777.2468675169 0.5 0.858218318695107
13777.2468675169 0.594603557501361 0.868255959849435
13777.2468675169 0.707106781186548 0.856963613550816
13777.2468675169 0.840896415253715 0.854454203262233
13777.2468675169 1 0.854454203262233
13777.2468675169 1.18920711500272 0.848180677540778
16384 0.210224103813429 0.864491844416562
16384 0.25 0.856963613550816
16384 0.29730177875068 0.843161856963614
16384 0.353553390593274 0.872020075282309
16384 0.420448207626857 0.864491844416562
16384 0.5 0.858218318695107
16384 0.594603557501361 0.867001254705144
16384 0.707106781186548 0.877038895859473
16384 0.840896415253715 0.845671267252196
16384 1 0.831869510664994
16384 1.18920711500272 0.86198243412798
19483.9693722046 0.210224103813429 0.856963613550816
19483.9693722046 0.25 0.868255959849435
19483.9693722046 0.29730177875068 0.853199498117942
19483.9693722046 0.353553390593274 0.8732747804266
19483.9693722046 0.420448207626857 0.854454203262233
19483.9693722046 0.5 0.8732747804266
19483.9693722046 0.594603557501361 0.856963613550816
19483.9693722046 0.707106781186548 0.85069008782936
19483.9693722046 0.840896415253715 0.851944792973651
19483.9693722046 1 0.848180677540778
19483.9693722046 1.18920711500272 0.851944792973651
