0.03125 3.0517578125E-05 0.40276035131744
0.03125 0.0001220703125 0.40276035131744
0.03125 0.00048828125 0.40276035131744
0.03125 0.001953125 0.40276035131744
0.03125 0.0078125 0.40276035131744
0.03125 0.03125 0.40276035131744
0.03125 0.125 0.40276035131744
0.03125 0.5 0.506900878293601
0.03125 2 0.506900878293601
0.03125 8 0.474278544542033
0.125 3.0517578125E-05 0.40276035131744
0.125 0.0001220703125 0.40276035131744
0.125 0.00048828125 0.40276035131744
0.125 0.001953125 0.40276035131744
0.125 0.0078125 0.40276035131744
0.125 0.03125 0.40276035131744
0.125 0.125 0.495608531994981
0.125 0.5 0.542032622333752
0.125 2 0.582183186951067
0.125 8 0.590966122961104
0.5 3.0517578125E-05 0.40276035131744
0.5 0.0001220703125 0.40276035131744
0.5 0.00048828125 0.40276035131744
0.5 0.001953125 0.40276035131744
0.5 0.0078125 0.40276035131744
0.5 0.03125 0.504391468005019
0.5 0.125 0.520702634880803
0.5 0.5 0.603513174404015
0.5 2 0.63237139272271
0.5 8 0.651191969887077
2 3.0517578125E-05 0.40276035131744
2 0.0001220703125 0.40276035131744
2 0.00048828125 0.40276035131744
2 0.001953125 0.40276035131744
2 0.0078125 0.510664993726474
2 0.03125 0.520702634880803
2 0.125 0.618569636135508
2 0.5 0.682559598494354
2 2 0.698870765370138
2 8 0.692597239648683
8 3.0517578125E-05 0.40276035131744
8 0.0001220703125 0.40276035131744
8 0.00048828125 0.40276035131744
8 0.001953125 0.500627352572146
8 0.0078125 0.523212045169385
8 0.03125 0.62107904642409
8 0.125 0.686323713927227
8 0.5 0.73525721455458
8 2 0.750313676286073
8 8 0.744040150564617
32 3.0517578125E-05 0.40276035131744
32 0.0001220703125 0.40276035131744
32 0.00048828125 0.499372647427854
32 0.001953125 0.514429109159348
32 0.0078125 0.607277289836888
32 0.03125 0.695106649937265
32 0.125 0.755332496863237
32 0.5 0.785445420326223
32 2 0.785445420326223
32 8 0.780426599749059
128 3.0517578125E-05 0.40276035131744
128 0.0001220703125 0.500627352572146
128 0.00048828125 0.518193224592221
128 0.001953125 0.611041405269762
128 0.0078125 0.673776662484316
128 0.03125 0.741530740276035
128 0.125 0.777917189460477
128 0.5 0.80426599749059
128 2 0.805520702634881
128 8 0.810539523212045
512 3.0517578125E-05 0.50564617314931
512 0.0001220703125 0.514429109159348
512 0.00048828125 0.59723964868256
512 0.001953125 0.66624843161857
512 0.0078125 0.741530740276035
512 0.03125 0.78168130489335
512 0.125 0.806775407779172
512 0.5 0.844416562107905
512 2 0.840652446675031
512 8 0.826850690087829
2048 3.0517578125E-05 0.511919698870765
2048 0.0001220703125 0.59723964868256
2048 0.00048828125 0.671267252195734
2048 0.001953125 0.742785445420326
2048 0.0078125 0.803011292346299
2048 0.03125 0.797992471769134
2048 0.125 0.844416562107905
2048 0.5 0.840652446675031
2048 2 0.840652446675031
2048 8 0.81555834378921
8192 3.0517578125E-05 0.599749058971142
8192 0.0001220703125 0.658720200752823
8192 0.00048828125 0.73525721455458
8192 0.001953125 0.784190715181932
8192 0.0078125 0.819322459222083
8192 0.03125 0.834378920953576
8192 0.125 0.86198243412798
8192 0.5 0.86198243412798
8192 2 0.83939774153074
8192 8 0.829360100376412
32768 3.0517578125E-05 0.668757841907152
32768 0.0001220703125 0.73525721455458
32768 0.00048828125 0.782936010037641
32768 0.001953125 0.825595984943538
32768 0.0078125 0.843161856963614
32768 0.03125 0.848180677540778
32768 0.125 0.864491844416562
32768 0.5 0.856963613550816
32768 2 0.826850690087829
32768 8 0.79297365119197
13777.2468675169 0.0525560259533572 0.854454203262233
13777.2468675169 0.0625 0.858218318695107
13777.2468675169 0.0743254446876701 0.86198243412798
13777.2468675169 0.0883883476483184 0.865746549560853
13777.2468675169 0.105112051906714 0.865746549560853
13777.2468675169 0.125 0.851944792973651
13777.2468675169 0.14865088937534 0.863237139272271
13777.2468675169 0.176776695296637 0.868255959849435
13777.2468675169 0.210224103813429 0.859473023839398
13777.2468675169 0.25 0.869510664993726
13777.2468675169 0.29730177875068 0.8732747804266
16384 0.0525560259533572 0.867001254705144
16384 0.0625 0.855708908406524
16384 0.0743254446876701 0.858218318695107
16384 0.0883883476483184 0.864491844416562
16384 0.105112051906714 0.869510664993726
16384 0.125 0.869510664993726
16384 0.14865088937534 0.864491844416562
16384 0.176776695296637 0.864491844416562
16384 0.210224103813429 0.854454203262233
16384 0.25 0.874529485570891
16384 0.29730177875068 0.874529485570891
19483.9693722046 0.0525560259533572 0.855708908406524
19483.9693722046 0.0625 0.867001254705144
19483.9693722046 0.0743254446876701 0.867001254705144
19483.9693722046 0.0883883476483184 0.856963613550816
19483.9693722046 0.105112051906714 0.863237139272271
19483.9693722046 0.125 0.856963613550816
19483.9693722046 0.14865088937534 0.863237139272271
19483.9693722046 0.176776695296637 0.869510664993726
19483.9693722046 0.210224103813429 0.867001254705144
19483.9693722046 0.25 0.870765370138018
19483.9693722046 0.29730177875068 0.877038895859473
23170.4750059208 0.0525560259533572 0.859473023839398
23170.4750059208 0.0625 0.855708908406524
23170.4750059208 0.0743254446876701 0.860727728983689
23170.4750059208 0.0883883476483184 0.851944792973651
23170.4750059208 0.105112051906714 0.864491844416562
23170.4750059208 0.125 0.855708908406524
23170.4750059208 0.14865088937534 0.865746549560853
23170.4750059208 0.176776695296637 0.870765370138018
23170.4750059208 0.210224103813429 0.868255959849435
23170.4750059208 0.25 0.864491844416562
23170.4750059208 0.29730177875068 0.867001254705144
27554.4937350337 0.0525560259533572 0.870765370138018
27554.4937350337 0.0625 0.865746549560853
27554.4937350337 0.0743254446876701 0.867001254705144
27554.4937350337 0.0883883476483184 0.859473023839398
27554.4937350337 0.105112051906714 0.870765370138018
27554.4937350337 0.125 0.869510664993726
27554.4937350337 0.14865088937534 0.869510664993726
27554.4937350337 0.176776695296637 0.875784190715182
27554.4937350337 0.210224103813429 0.870765370138018
27554.4937350337 0.25 0.869510664993726
27554.4937350337 0.29730177875068 0.879548306148055
38967.9387444092 0.0525560259533572 0.86198243412798
38967.9387444092 0.0625 0.865746549560853
38967.9387444092 0.0743254446876701 0.853199498117942
38967.9387444092 0.0883883476483184 0.856963613550816
38967.9387444092 0.105112051906714 0.86198243412798
38967.9387444092 0.125 0.869510664993726
38967.9387444092 0.14865088937534 0.874529485570891
38967.9387444092 0.176776695296637 0.859473023839398
38967.9387444092 0.210224103813429 0.86198243412798
38967.9387444092 0.25 0.86198243412798
38967.9387444092 0.29730177875068 0.864491844416562
46340.9500118416 0.0525560259533572 0.86198243412798
46340.9500118416 0.0625 0.875784190715182
46340.9500118416 0.0743254446876701 0.856963613550816
46340.9500118416 0.0883883476483184 0.868255959849435
46340.9500118416 0.105112051906714 0.868255959849435
46340.9500118416 0.125 0.870765370138018
46340.9500118416 0.14865088937534 0.851944792973651
46340.9500118416 0.176776695296637 0.874529485570891
46340.9500118416 0.210224103813429 0.864491844416562
46340.9500118416 0.25 0.863237139272271
46340.9500118416 0.29730177875068 0.8732747804266
55108.9874700674 0.0525560259533572 0.872020075282309
55108.9874700674 0.0625 0.858218318695107
55108.9874700674 0.0743254446876701 0.859473023839398
55108.9874700674 0.0883883476483184 0.867001254705144
55108.9874700674 0.105112051906714 0.867001254705144
55108.9874700674 0.125 0.868255959849435
55108.9874700674 0.14865088937534 0.877038895859473
55108.9874700674 0.176776695296637 0.874529485570891
55108.9874700674 0.210224103813429 0.8732747804266
55108.9874700674 0.25 0.859473023839398
55108.9874700674 0.29730177875068 0.875784190715182
65536 0.0525560259533572 0.859473023839398
65536 0.0625 0.867001254705144
65536 0.0743254446876701 0.860727728983689
65536 0.0883883476483184 0.86198243412798
65536 0.105112051906714 0.872020075282309
65536 0.125 0.865746549560853
65536 0.14865088937534 0.870765370138018
65536 0.176776695296637 0.870765370138018
65536 0.210224103813429 0.867001254705144
65536 0.25 0.86198243412798
65536 0.29730177875068 0.856963613550816
77935.8774888183 0.0525560259533572 0.856963613550816
77935.8774888183 0.0625 0.872020075282309
77935.8774888183 0.0743254446876701 0.865746549560853
77935.8774888183 0.0883883476483184 0.86198243412798
77935.8774888183 0.105112051906714 0.868255959849435
77935.8774888183 0.125 0.867001254705144
77935.8774888183 0.14865088937534 0.86198243412798
77935.8774888183 0.176776695296637 0.863237139272271
77935.8774888183 0.210224103813429 0.867001254705144
77935.8774888183 0.25 0.856963613550816
77935.8774888183 0.29730177875068 0.846925972396487
