0.03125 3.0517578125E-05 0.457967377666248
0.03125 0.0001220703125 0.457967377666248
0.03125 0.00048828125 0.457967377666248
0.03125 0.001953125 0.457967377666248
0.03125 0.0078125 0.457967377666248
0.03125 0.03125 0.457967377666248
0.03125 0.125 0.457967377666248
0.03125 0.5 0.457967377666248
0.03125 2 0.457967377666248
0.03125 8 0.457967377666248
0.125 3.0517578125E-05 0.457967377666248
0.125 0.0001220703125 0.457967377666248
0.125 0.00048828125 0.457967377666248
0.125 0.001953125 0.457967377666248
0.125 0.0078125 0.457967377666248
0.125 0.03125 0.457967377666248
0.125 0.125 0.457967377666248
0.125 0.5 0.469259723964868
0.125 2 0.5633626097867
0.125 8 0.575909661229611
0.5 3.0517578125E-05 0.457967377666248
0.5 0.0001220703125 0.457967377666248
0.5 0.00048828125 0.457967377666248
0.5 0.001953125 0.457967377666248
0.5 0.0078125 0.457967377666248
0.5 0.03125 0.457967377666248
0.5 0.125 0.469259723964868
0.5 0.5 0.612296110414053
0.5 2 0.629861982434128
0.5 8 0.634880803011292
2 3.0517578125E-05 0.457967377666248
2 0.0001220703125 0.457967377666248
2 0.00048828125 0.457967377666248
2 0.001953125 0.457967377666248
2 0.0078125 0.457967377666248
2 0.03125 0.470514429109159
2 0.125 0.614805520702635
2 0.5 0.653701380175659
2 2 0.686323713927227
2 8 0.686323713927227
8 3.0517578125E-05 0.457967377666248
8 0.0001220703125 0.457967377666248
8 0.00048828125 0.457967377666248
8 0.001953125 0.457967377666248
8 0.0078125 0.470514429109159
8 0.03125 0.608531994981179
8 0.125 0.659974905897114
8 0.5 0.720200752823087
8 2 0.737766624843162
8 8 0.718946047678795
32 3.0517578125E-05 0.457967377666248
32 0.0001220703125 0.457967377666248
32 0.00048828125 0.457967377666248
32 0.001953125 0.475533249686324
32 0.0078125 0.613550815558344
32 0.03125 0.670012547051443
32 0.125 0.725219573400251
32 0.5 0.752823086574655
32 2 0.775407779171895
32 8 0.77038895859473
128 3.0517578125E-05 0.457967377666248
128 0.0001220703125 0.457967377666248
128 0.00048828125 0.456712672521957
128 0.001953125 0.595984943538268
128 0.0078125 0.695106649937265
128 0.03125 0.745294855708908
128 0.125 0.775407779171895
128 0.5 0.800501882057716
128 2 0.789209535759097
128 8 0.77038895859473
512 3.0517578125E-05 0.457967377666248
512 0.0001220703125 0.468005018820577
512 0.00048828125 0.608531994981179
512 0.001953125 0.6900878293601
512 0.0078125 0.744040150564617
512 0.03125 0.767879548306148
512 0.125 0.799247176913425
512 0.5 0.823086574654956
512 2 0.816813048933501
512 8 0.790464240903388
2048 3.0517578125E-05 0.478042659974906
2048 0.0001220703125 0.598494353826851
2048 0.00048828125 0.677540777917189
2048 0.001953125 0.741530740276035
2048 0.0078125 0.771643663739021
2048 0.03125 0.794228356336261
2048 0.125 0.816813048933501
2048 0.5 0.821831869510665
2048 2 0.818067754077792
2048 8 0.818067754077792
8192 3.0517578125E-05 0.611041405269762
8192 0.0001220703125 0.678795483061481
8192 0.00048828125 0.739021329987453
8192 0.001953125 0.77038895859473
8192 0.0078125 0.790464240903388
8192 0.03125 0.811794228356336
8192 0.125 0.824341279799247
8192 0.5 0.826850690087829
8192 2 0.818067754077792
8192 8 0.79297365119197
32768 3.0517578125E-05 0.687578419071518
32768 0.0001220703125 0.734002509410289
32768 0.00048828125 0.769134253450439
32768 0.001953125 0.790464240903388
32768 0.0078125 0.809284818067754
32768 0.03125 0.814303638644918
32768 0.125 0.829360100376412
32768 0.5 0.825595984943538
32768 2 0.831869510664994
32768 8 0.787954830614806
13777.2468675169 0.840896415253715 0.814303638644918
13777.2468675169 1 0.821831869510665
13777.2468675169 1.18920711500272 0.820577164366374
13777.2468675169 1.4142135623731 0.825595984943538
13777.2468675169 1.68179283050743 0.820577164366374
13777.2468675169 2 0.785445420326223
13777.2468675169 2.37841423000544 0.816813048933501
13777.2468675169 2.82842712474619 0.797992471769134
13777.2468675169 3.36358566101486 0.814303638644918
13777.2468675169 4 0.803011292346299
13777.2468675169 4.75682846001088 0.80