0.03125 3.0517578125E-05 0.521957340025094
0.03125 0.0001220703125 0.521957340025094
0.03125 0.00048828125 0.521957340025094
0.03125 0.001953125 0.521957340025094
0.03125 0.0078125 0.521957340025094
0.03125 0.03125 0.521957340025094
0.03125 0.125 0.521957340025094
0.03125 0.5 0.521957340025094
0.03125 2 0.521957340025094
0.03125 8 0.521957340025094
0.125 3.0517578125E-05 0.521957340025094
0.125 0.0001220703125 0.521957340025094
0.125 0.00048828125 0.521957340025094
0.125 0.001953125 0.521957340025094
0.125 0.0078125 0.521957340025094
0.125 0.03125 0.521957340025094
0.125 0.125 0.521957340025094
0.125 0.5 0.521957340025094
0.125 2 0.523212045169385
0.125 8 0.562107904642409
0.5 3.0517578125E-05 0.521957340025094
0.5 0.0001220703125 0.521957340025094
0.5 0.00048828125 0.521957340025094
0.5 0.001953125 0.521957340025094
0.5 0.0078125 0.521957340025094
0.5 0.03125 0.521957340025094
0.5 0.125 0.521957340025094
0.5 0.5 0.523212045169385
0.5 2 0.644918444165621
0.5 8 0.652446675031368
2 3.0517578125E-05 0.521957340025094
2 0.0001220703125 0.521957340025094
2 0.00048828125 0.521957340025094
2 0.001953125 0.521957340025094
2 0.0078125 0.521957340025094
2 0.03125 0.521957340025094
2 0.125 0.529485570890841
2 0.5 0.676286072772898
2 2 0.740276035131744
2 8 0.766624843161857
8 3.0517578125E-05 0.521957340025094
8 0.0001220703125 0.521957340025094
8 0.00048828125 0.521957340025094
8 0.001953125 0.521957340025094
8 0.0078125 0.521957340025094
8 0.03125 0.529485570890841
8 0.125 0.677540777917189
8 0.5 0.75909661229611
8 2 0.784190715181932
8 8 0.794228356336261
32 3.0517578125E-05 0.521957340025094
32 0.0001220703125 0.521957340025094
32 0.00048828125 0.521957340025094
32 0.001953125 0.521957340025094
32 0.0078125 0.529485570890841
32 0.03125 0.670012547051443
32 0.125 0.774153074027603
32 0.5 0.796737766624843
32 2 0.821831869510665
32 8 0.811794228356336
128 3.0517578125E-05 0.521957340025094
128 0.0001220703125 0.521957340025094
128 0.00048828125 0.521957340025094
128 0.001953125 0.52823086574655
128 0.0078125 0.662484316185696
128 0.03125 0.77038895859473
128 0.125 0.80426599749059
128 0.5 0.834378920953576
128 2 0.836888331242158
128 8 0.82810539523212
512 3.0517578125E-05 0.521957340025094
512 0.0001220703125 0.521957340025094
512 0.00048828125 0.529485570890841
512 0.001953125 0.663739021329987
512 0.0078125 0.766624843161857
512 0.03125 0.79297365119197
512 0.125 0.834378920953576
512 0.5 0.836888331242158
512 2 0.858218318695107
512 8 0.810539523212045
2048 3.0517578125E-05 0.521957340025094
2048 0.0001220703125 0.526976160602258
2048 0.00048828125 0.659974905897114
2048 0.001953125 0.766624843161857
2048 0.0078125 0.790464240903388
2048 0.03125 0.833124215809285
2048 0.125 0.848180677540778
2048 0.5 0.856963613550816
2048 2 0.858218318695107
2048 8 0.821831869510665
8192 3.0517578125E-05 0.52823086574655
8192 0.0001220703125 0.661229611041405
8192 0.00048828125 0.765370138017566
8192 0.001953125 0.787954830614806
8192 0.0078125 0.831869510664994
8192 0.03125 0.85069008782936
8192 0.125 0.845671267252196
8192 0.5 0.875784190715182
8192 2 0.841907151819322
8192 8 0.80426599749059
32768 3.0517578125E-05 0.661229611041405
32768 0.0001220703125 0.764115432873275
32768 0.00048828125 0.782936010037641
32768 0.001953125 0.810539523212045
32768 0.0078125 0.845671267252196
32768 0.03125 0.849435382685069
32768 0.125 0.870765370138018
32768 0.5 0.853199498117942
32768 2 0.830614805520703
32768 8 0.789209535759097
3444.31171687921 0.210224103813429 0.856963613550816
3444.31171687921 0.25 0.858218318695107
3444.31171687921 0.29730177875068 0.848180677540778
3444.31171687921 0.353553390593274 0.864491844416562
3444.31171687921 0.420448207626857 0.841907151819322
3444.31171687921 0.5 0.869510664993726
3444.31171687921 0.594603557501361 0.875784190715182
3444.31171687921 0.707106781186548 0.868255959849435
3444.31171687921 0.840896415253715 0.855708908406524
3444.31171687921 1 0.858218318695107
3444.31171687921 1.18920711500272 0.856963613550816
4096 0.210224103813429 0.860727728983689
4096 0.25 0.858218318695107
4096 0.29730177875068 0.851944792973651
4096 0.353553390593274 0.840652446675031
4096 0.420448207626857 0.858218318695107
4096 0.5 0.854454203262233
4096 0.594603557501361 0.858218318695107
4096 0.707106781186548 0.859473023839398
4096 0.840896415253715 0.855708908406524
4096 1 0.86198243412798
4096 1.18920711500272 0.849435382685069
4870.99234305115 0.210224103813429 0.870765370138018
4870.99234305115 0.25 0.858218318695107
4870.99234305115 0.29730177875068 0.86198243412798
4870.99234305115 0.353553390593274 0.858218318695107
4870.99234305115 0.420448207626857 0.854454203262233
4870.99234305115 0.5 0.856963613550816
4870.99234305115 0.594603557501361 0.867001254705144
4870.99234305115 0.707106781186548 0.870765370138018
4870.99234305115 0.840896415253715 0.875784190715182
4870.99234305115 1 0.844416562107905
4870.99234305115 1.18920711500272 0.849435382685069
5792.6187514802 0.210224103813429 0.853199498117942
5792.6187514802 0.25 0.864491844416562
5792.6187514802 0.29730177875068 0.858218318695107
5792.6187514802 0.353553390593274 0.844416562107905
5792.6187514802 0.420448207626857 0.855708908406524
5792.6187514802 0.5 0.859473023839398
5792.6187514802 0.594603557501361 0.883312421580928
5792.6187514802 0.707106781186548 0.865746549560853
5792.6187514802 0.840896415253715 0.854454203262233
5792.6187514802 1 0.855708908406524
5792.6187514802 1.18920711500272 0.858218318695107
6888.62343375843 0.210224103813429 0.855708908406524
6888.62343375843 0.25 0.851944792973651
6888.62343375843 0.29730177875068 0.867001254705144
6888.62343375843 0.353553390593274 0.853199498117942
6888.62343375843 0.420448207626857 0.878293601003764
6888.62343375843 0.5 0.875784190715182
6888.62343375843 0.594603557501361 0.868255959849435
6888.62343375843 0.707106781186548 0.856963613550816
6888.62343375843 0.840896415253715 0.86198243412798
6888.62343375843 1 0.858218318695107
6888.62343375843 1.18920711500272 0.855708908406524
9741.98468610229 0.210224103813429 0.860727728983689
9741.98468610229 0.25 0.856963613550816
9741.98468610229 0.29730177875068 0.869510664993726
9741.98468610229 0.353553390593274 0.870765370138018
9741.98468610229 0.420448207626857 0.880803011292346
9741.98468610229 0.5 0.870765370138018
9741.98468610229 0.594603557501361 0.863237139272271
9741.98468610229 0.707106781186548 0.865746549560853
9741.98468610229 0.840896415253715 0.848180677540778
9741.98468610229 1 0.863237139272271
9741.98468610229 1.18920711500272 0.848180677540778
11585.2375029604 0.210224103813429 0.864491844416562
11585.2375029604 0.25 0.854454203262233
11585.2375029604 0.29730177875068 0.855708908406524
11585.2375029604 0.353553390593274 0.869510664993726
11585.2375029604 0.420448207626857 0.855708908406524
11585.2375029604 0.5 0.858218318695107
11585.2375029604 0.594603557501361 0.863237139272271
11585.2375029604 0.707106781186548 0.877038895859473
11585.2375029604 0.840896415253715 0.856963613550816
11585.2375029604 1 0.856963613550816
11585.2375029604 1.18920711500272 0.853199498117942
13777.2468675169 0.210224103813429 0.853199498117942
13777.2468675169 0.25 0.867001254705144
13777.2468675169 0.29730177875068 0.870765370138018
13777.2468675169 0.353553390593274 0.864491844416562
13777.2468675169 0.420448207626857 0.870765370138018
13777.2468675169 0.5 0.858218318695107
13777.2468675169 0.594603557501361 0.867001254705144
13777.2468675169 0.707106781186548 0.856963613550816
13777.2468675169 0.840896415253715 0.848180677540778
13777.2468675169 1 0.858218318695107
13777.2468675169 1.18920711500272 0.849435382685069
16384 0.210224103813429 0.875784190715182
16384 0.25 0.860727728983689
16384 0.29730177875068 0.86198243412798
16384 0.353553390593274 0.865746549560853
16384 0.420448207626857 0.864491844416562
16384 0.5 0.856963613550816
16384 0.594603557501361 0.848180677540778
16384 0.707106781186548 0.869510664993726
16384 0.840896415253715 0.83939774153074
16384 1 0.851944792973651
16384 1.18920711500272 0.840652446675031
19483.9693722046 0.210224103813429 0.846925972396487
19483.9693722046 0.25 0.860727728983689
19483.9693722046 0.29730177875068 0.8732747804266
19483.9693722046 0.353553390593274 0.860727728983689
19483.9693722046 0.420448207626857 0.883312421580928
19483.9693722046 0.5 0.865746549560853
19483.9693722046 0.594603557501361 0.851944792973651
19483.9693722046 0.707106781186548 0.86198243412798
19483.9693722046 0.840896415253715 0.848180677540778
19483.9693722046 1 0.840652446675031
19483.9693722046 1.18920711500272 0.846925972396487
