0.03125 3.0517578125E-05 0.513661202185792
0.03125 0.0001220703125 0.513661202185792
0.03125 0.00048828125 0.513661202185792
0.03125 0.001953125 0.513661202185792
0.03125 0.0078125 0.513661202185792
0.03125 0.03125 0.513661202185792
0.03125 0.125 0.513661202185792
0.03125 0.5 0.513661202185792
0.03125 2 0.513661202185792
0.03125 8 0.513661202185792
0.125 3.0517578125E-05 0.513661202185792
0.125 0.0001220703125 0.513661202185792
0.125 0.00048828125 0.513661202185792
0.125 0.001953125 0.513661202185792
0.125 0.0078125 0.513661202185792
0.125 0.03125 0.513661202185792
0.125 0.125 0.513661202185792
0.125 0.5 0.513661202185792
0.125 2 0.513661202185792
0.125 8 0.519125683060109
0.5 3.0517578125E-05 0.513661202185792
0.5 0.0001220703125 0.513661202185792
0.5 0.00048828125 0.513661202185792
0.5 0.001953125 0.513661202185792
0.5 0.0078125 0.513661202185792
0.5 0.03125 0.513661202185792
0.5 0.125 0.513661202185792
0.5 0.5 0.513661202185792
0.5 2 0.584699453551913
0.5 8 0.633879781420765
2 3.0517578125E-05 0.513661202185792
2 0.0001220703125 0.513661202185792
2 0.00048828125 0.513661202185792
2 0.001953125 0.513661202185792
2 0.0078125 0.513661202185792
2 0.03125 0.513661202185792
2 0.125 0.519125683060109
2 0.5 0.601092896174863
2 2 0.633879781420765
2 8 0.688524590163934
8 3.0517578125E-05 0.513661202185792
8 0.0001220703125 0.513661202185792
8 0.00048828125 0.513661202185792
8 0.001953125 0.513661202185792
8 0.0078125 0.513661202185792
8 0.03125 0.524590163934426
8 0.125 0.639344262295082
8 0.5 0.66120218579235
8 2 0.693989071038251
8 8 0.73224043715847
32 3.0517578125E-05 0.513661202185792
32 0.0001220703125 0.513661202185792
32 0.00048828125 0.513661202185792
32 0.001953125 0.513661202185792
32 0.0078125 0.519125683060109
32 0.03125 0.584699453551913
32 0.125 0.666666666666667
32 0.5 0.688524590163934
32 2 0.786885245901639
32 8 0.797814207650273
128 3.0517578125E-05 0.513661202185792
128 0.0001220703125 0.513661202185792
128 0.00048828125 0.513661202185792
128 0.001953125 0.513661202185792
128 0.0078125 0.60655737704918
128 0.03125 0.644808743169399
128 0.125 0.693989071038251
128 0.5 0.80327868852459
128 2 0.775956284153005
128 8 0.775956284153005
512 3.0517578125E-05 0.513661202185792
512 0.0001220703125 0.513661202185792
512 0.00048828125 0.519125683060109
512 0.001953125 0.633879781420765
512 0.0078125 0.66120218579235
512 0.03125 0.688524590163934
512 0.125 0.765027322404372
512 0.5 0.814207650273224
512 2 0.814207650273224
512 8 0.797814207650273
2048 3.0517578125E-05 0.513661202185792
2048 0.0001220703125 0.519125683060109
2048 0.00048828125 0.595628415300546
2048 0.001953125 0.677595628415301
2048 0.0078125 0.710382513661202
2048 0.03125 0.781420765027322
2048 0.125 0.797814207650273
2048 0.5 0.797814207650273
2048 2 0.819672131147541
2048 8 0.80327868852459
8192 3.0517578125E-05 0.519125683060109
8192 0.0001220703125 0.601092896174863
8192 0.00048828125 0.66120218579235
8192 0.001953125 0.688524590163934
8192 0.0078125 0.748633879781421
8192 0.03125 0.808743169398907
8192 0.125 0.819672131147541
8192 0.5 0.80327868852459
8192 2 0.80327868852459
8192 8 0.80327868852459
32768 3.0517578125E-05 0.617486338797814
32768 0.0001220703125 0.677595628415301
32768 0.00048828125 0.683060109289617
32768 0.001953125 0.770491803278688
32768 0.0078125 0.808743169398907
32768 0.03125 0.819672131147541
32768 0.125 0.836065573770492
32768 0.5 0.830601092896175
32768 2 0.825136612021858
32768 8 0.781420765027322
13777.2468675169 0.0525560259533572 0.808743169398907
13777.2468675169 0.0625 0.814207650273224
13777.2468675169 0.0743254446876701 0.825136612021858
13777.2468675169 0.0883883476483184 0.814207650273224
13777.2468675169 0.105112051906714 0.836065573770492
13777.2468675169 0.125 0.819672131147541
13777.2468675169 0.14865088937534 0.825136612021858
13777.2468675169 0.176776695296637 0.836065573770492
13777.2468675169 0.210224103813429 0.830601092896175
13777.2468675169 0.25 0.830601092896175
13777.2468675169 0.29730177875068 0.830601092896175
16384 0.0525560259533572 0.814207650273224
16384 0.0625 0.830601092896175
16384 0.0743254446876701 0.825136612021858
16384 0.0883883476483184 0.830601092896175
16384 0.105112051906714 0.846994535519126
16384 0.125 0.830601092896175
16384 0.14865088937534 0.819672131147541
16384 0.176776695296637 0.825136612021858
16384 0.210224103813429 0.825136612021858
16384 0.25 0.825136612021858
16384 0.29730177875068 0.836065573770492
19483.9693722046 0.0525560259533572 0.841530054644809
19483.9693722046 0.0625 0.830601092896175
19483.9693722046 0.0743254446876701 0.830601092896175
19483.9693722046 0.0883883476483184 0.830601092896175
19483.9693722046 0.105112051906714 0.841530054644809
19483.9693722046 0.125 0.825136612021858
19483.9693722046 0.14865088937534 0.836065573770492
19483.9693722046 0.176776695296637 0.852459016393443
19483.9693722046 0.210224103813429 0.808743169398907
19483.9693722046 0.25 0.825136612021858
19483.9693722046 0.29730177875068 0.797814207650273
23170.4750059208 0.0525560259533572 0.836065573770492
23170.4750059208 0.0625 0.830601092896175
23170.4750059208 0.0743254446876701 0.841530054644809
23170.4750059208 0.0883883476483184 0.852459016393443
23170.4750059208 0.105112051906714 0.786885245901639
23170.4750059208 0.125 0.825136612021858
23170.4750059208 0.14865088937534 0.836065573770492
23170.4750059208 0.176776695296637 0.825136612021858
23170.4750059208 0.210224103813429 0.846994535519126
23170.4750059208 0.25 0.841530054644809
23170.4750059208 0.29730177875068 0.797814207650273
27554.4937350337 0.0525560259533572 0.841530054644809
27554.4937350337 0.0625 0.836065573770492
27554.4937350337 0.0743254446876701 0.819672131147541
27554.4937350337 0.0883883476483184 0.819672131147541
27554.4937350337 0.105112051906714 0.830601092896175
27554.4937350337 0.125 0.841530054644809
27554.4937350337 0.14865088937534 0.841530054644809
27554.4937350337 0.176776695296637 0.846994535519126
27554.4937350337 0.210224103813429 0.825136612021858
27554.4937350337 0.25 0.830601092896175
27554.4937350337 0.29730177875068 0.819672131147541
38967.9387444092 0.0525560259533572 0.836065573770492
38967.9387444092 0.0625 0.85792349726776
38967.9387444092 0.0743254446876701 0.825136612021858
38967.9387444092 0.0883883476483184 0.852459016393443
38967.9387444092 0.105112051906714 0.830601092896175
38967.9387444092 0.125 0.841530054644809
38967.9387444092 0.14865088937534 0.814207650273224
38967.9387444092 0.176776695296637 0.80327868852459
38967.9387444092 0.210224103813429 0.841530054644809
38967.9387444092 0.25 0.825136612021858
38967.9387444092 0.29730177875068 0.841530054644809
46340.9500118416 0.0525560259533572 0.808743169398907
46340.9500118416 0.0625 0.836065573770492
46340.9500118416 0.0743254446876701 0.841530054644809
46340.9500118416 0.0883883476483184 0.846994535519126
46340.9500118416 0.105112051906714 0.830601092896175
46340.9500118416 0.125 0.852459016393443
46340.9500118416 0.14865088937534 0.836065573770492
46340.9500118416 0.176776695296637 0.792349726775956
46340.9500118416 0.210224103813429 0.814207650273224
46340.9500118416 0.25 0.836065573770492
46340.9500118416 0.29730177875068 0.797814207650273
55108.9874700674 0.0525560259533572 0.830601092896175
55108.9874700674 0.0625 0.846994535519126
55108.9874700674 0.0743254446876701 0.830601092896175
55108.9874700674 0.0883883476483184 0.846994535519126
55108.9874700674 0.105112051906714 0.819672131147541
55108.9874700674 0.125 0.841530054644809
55108.9874700674 0.14865088937534 0.846994535519126
55108.9874700674 0.176776695296637 0.841530054644809
55108.9874700674 0.210224103813429 0.852459016393443
55108.9874700674 0.25 0.836065573770492
55108.9874700674 0.29730177875068 0.819672131147541
65536 0.0525560259533572 0.830601092896175
65536 0.0625 0.819672131147541
65536 0.0743254446876701 0.841530054644809
65536 0.0883883476483184 0.836065573770492
65536 0.105112051906714 0.863387978142076
65536 0.125 0.814207650273224
65536 0.14865088937534 0.830601092896175
65536 0.176776695296637 0.836065573770492
65536 0.210224103813429 0.841530054644809
65536 0.25 0.836065573770492
65536 0.29730177875068 0.808743169398907
77935.8774888183 0.0525560259533572 0.846994535519126
77935.8774888183 0.0625 0.846994535519126
77935.8774888183 0.0743254446876701 0.836065573770492
77935.8774888183 0.0883883476483184 0.836065573770492
77935.8774888183 0.105112051906714 0.846994535519126
77935.8774888183 0.125 0.836065573770492
77935.8774888183 0.14865088937534 0.836065573770492
77935.8774888183 0.176776695296637 0.846994535519126
77935.8774888183 0.210224103813429 0.852459016393443
77935.8774888183 0.25 0.841530054644809
77935.8774888183 0.29730177875068 0.814207650273224
