0.03125 3.0517578125E-05 0.503571428571429
0.03125 0.0001220703125 0.503571428571429
0.03125 0.00048828125 0.503571428571429
0.03125 0.001953125 0.503571428571429
0.03125 0.0078125 0.503571428571429
0.03125 0.03125 0.503571428571429
0.03125 0.125 0.503571428571429
0.03125 0.5 0.503571428571429
0.03125 2 0.503571428571429
0.03125 8 0.503571428571429
0.125 3.0517578125E-05 0.503571428571429
0.125 0.0001220703125 0.503571428571429
0.125 0.00048828125 0.503571428571429
0.125 0.001953125 0.503571428571429
0.125 0.0078125 0.503571428571429
0.125 0.03125 0.503571428571429
0.125 0.125 0.503571428571429
0.125 0.5 0.503571428571429
0.125 2 0.503571428571429
0.125 8 0.503571428571429
0.5 3.0517578125E-05 0.503571428571429
0.5 0.0001220703125 0.503571428571429
0.5 0.00048828125 0.503571428571429
0.5 0.001953125 0.503571428571429
0.5 0.0078125 0.503571428571429
0.5 0.03125 0.503571428571429
0.5 0.125 0.503571428571429
0.5 0.5 0.510714285714286
0.5 2 0.575
0.5 8 0.639285714285714
2 3.0517578125E-05 0.503571428571429
2 0.0001220703125 0.503571428571429
2 0.00048828125 0.503571428571429
2 0.001953125 0.503571428571429
2 0.0078125 0.503571428571429
2 0.03125 0.503571428571429
2 0.125 0.503571428571429
2 0.5 0.632142857142857
2 2 0.703571428571429
2 8 0.746428571428571
8 3.0517578125E-05 0.503571428571429
8 0.0001220703125 0.503571428571429
8 0.00048828125 0.503571428571429
8 0.001953125 0.503571428571429
8 0.0078125 0.503571428571429
8 0.03125 0.507142857142857
8 0.125 0.625
8 0.5 0.721428571428571
8 2 0.789285714285714
8 8 0.817857142857143
32 3.0517578125E-05 0.503571428571429
32 0.0001220703125 0.503571428571429
32 0.00048828125 0.503571428571429
32 0.001953125 0.503571428571429
32 0.0078125 0.510714285714286
32 0.03125 0.617857142857143
32 0.125 0.732142857142857
32 0.5 0.771428571428571
32 2 0.857142857142857
32 8 0.846428571428571
128 3.0517578125E-05 0.503571428571429
128 0.0001220703125 0.503571428571429
128 0.00048828125 0.503571428571429
128 0.001953125 0.507142857142857
128 0.0078125 0.617857142857143
128 0.03125 0.728571428571429
128 0.125 0.817857142857143
128 0.5 0.878571428571429
128 2 0.871428571428571
128 8 0.846428571428571
512 3.0517578125E-05 0.503571428571429
512 0.0001220703125 0.503571428571429
512 0.00048828125 0.510714285714286
512 0.001953125 0.614285714285714
512 0.0078125 0.721428571428571
512 0.03125 0.817857142857143
512 0.125 0.875
512 0.5 0.882142857142857
512 2 0.842857142857143
512 8 0.810714285714286
2048 3.0517578125E-05 0.503571428571429
2048 0.0001220703125 0.507142857142857
2048 0.00048828125 0.621428571428571
2048 0.001953125 0.710714285714286
2048 0.0078125 0.825
2048 0.03125 0.867857142857143
2048 0.125 0.860714285714286
2048 0.5 0.878571428571429
2048 2 0.821428571428571
2048 8 0.782142857142857
8192 3.0517578125E-05 0.510714285714286
8192 0.0001220703125 0.603571428571429
8192 0.00048828125 0.714285714285714
8192 0.001953125 0.835714285714286
8192 0.0078125 0.860714285714286
8192 0.03125 0.871428571428571
8192 0.125 0.875
8192 0.5 0.864285714285714
8192 2 0.842857142857143
8192 8 0.810714285714286
32768 3.0517578125E-05 0.621428571428571
32768 0.0001220703125 0.725
32768 0.00048828125 0.839285714285714
32768 0.001953125 0.860714285714286
32768 0.0078125 0.878571428571429
32768 0.03125 0.892857142857143
32768 0.125 0.878571428571429
32768 0.5 0.864285714285714
32768 2 0.839285714285714
32768 8 0.821428571428571
13777.2468675169 0.0131390064883393 0.885714285714286
13777.2468675169 0.015625 0.889285714285714
13777.2468675169 0.0185813611719175 0.875
13777.2468675169 0.0220970869120796 0.882142857142857
13777.2468675169 0.0262780129766786 0.882142857142857
13777.2468675169 0.03125 0.878571428571429
13777.2468675169 0.037162722343835 0.889285714285714
13777.2468675169 0.0441941738241592 0.892857142857143
13777.2468675169 0.0525560259533572 0.896428571428571
13777.2468675169 0.0625 0.867857142857143
13777.2468675169 0.0743254446876701 0.896428571428571
16384 0.0131390064883393 0.867857142857143
16384 0.015625 0.875
16384 0.0185813611719175 0.882142857142857
16384 0.0220970869120796 0.885714285714286
16384 0.0262780129766786 0.889285714285714
16384 0.03125 0.892857142857143
16384 0.037162722343835 0.882142857142857
16384 0.0441941738241592 0.9
16384 0.0525560259533572 0.889285714285714
16384 0.0625 0.889285714285714
16384 0.0743254446876701 0.882142857142857
19483.9693722046 0.0131390064883393 0.867857142857143
19483.9693722046 0.015625 0.871428571428571
19483.9693722046 0.0185813611719175 0.892857142857143
19483.9693722046 0.0220970869120796 0.878571428571429
19483.9693722046 0.0262780129766786 0.875
19483.9693722046 0.03125 0.892857142857143
19483.9693722046 0.037162722343835 0.882142857142857
19483.9693722046 0.0441941738241592 0.875
19483.9693722046 0.0525560259533572 0.882142857142857
19483.9693722046 0.0625 0.9
19483.9693722046 0.0743254446876701 0.907142857142857
23170.4750059208 0.0131390064883393 0.882142857142857
23170.4750059208 0.015625 0.878571428571429
23170.4750059208 0.0185813611719175 0.882142857142857
23170.4750059208 0.0220970869120796 0.882142857142857
23170.4750059208 0.0262780129766786 0.889285714285714
23170.4750059208 0.03125 0.889285714285714
23170.4750059208 0.037162722343835 0.882142857142857
23170.4750059208 0.0441941738241592 0.878571428571429
23170.4750059208 0.0525560259533572 0.878571428571429
23170.4750059208 0.0625 0.903571428571429
23170.4750059208 0.0743254446876701 0.889285714285714
27554.4937350337 0.0131390064883393 0.871428571428571
27554.4937350337 0.015625 0.889285714285714
27554.4937350337 0.0185813611719175 0.882142857142857
27554.4937350337 0.0220970869120796 0.892857142857143
27554.4937350337 0.0262780129766786 0.875
27554.4937350337 0.03125 0.885714285714286
27554.4937350337 0.037162722343835 0.889285714285714
27554.4937350337 0.0441941738241592 0.882142857142857
27554.4937350337 0.0525560259533572 0.867857142857143
27554.4937350337 0.0625 0.875
27554.4937350337 0.0743254446876701 0.882142857142857
38967.9387444092 0.0131390064883393 0.878571428571429
38967.9387444092 0.015625 0.882142857142857
38967.9387444092 0.0185813611719175 0.889285714285714
38967.9387444092 0.0220970869120796 0.889285714285714
38967.9387444092 0.0262780129766786 0.882142857142857
38967.9387444092 0.03125 0.896428571428571
38967.9387444092 0.037162722343835 0.896428571428571
38967.9387444092 0.0441941738241592 0.889285714285714
38967.9387444092 0.0525560259533572 0.878571428571429
38967.9387444092 0.0625 0.878571428571429
38967.9387444092 0.0743254446876701 0.882142857142857
46340.9500118416 0.0131390064883393 0.889285714285714
46340.9500118416 0.015625 0.875
46340.9500118416 0.0185813611719175 0.885714285714286
46340.9500118416 0.0220970869120796 0.871428571428571
46340.9500118416 0.0262780129766786 0.882142857142857
46340.9500118416 0.03125 0.878571428571429
46340.9500118416 0.037162722343835 0.889285714285714
46340.9500118416 0.0441941738241592 0.864285714285714
46340.9500118416 0.0525560259533572 0.892857142857143
46340.9500118416 0.0625 0.864285714285714
46340.9500118416 0.0743254446876701 0.892857142857143
55108.9874700674 0.0131390064883393 0.875
55108.9874700674 0.015625 0.878571428571429
55108.9874700674 0.0185813611719175 0.9
55108.9874700674 0.0220970869120796 0.878571428571429
55108.9874700674 0.0262780129766786 0.875
55108.9874700674 0.03125 0.885714285714286
55108.9874700674 0.037162722343835 0.882142857142857
55108.9874700674 0.0441941738241592 0.878571428571429
55108.9874700674 0.0525560259533572 0.889285714285714
55108.9874700674 0.0625 0.867857142857143
55108.9874700674 0.0743254446876701 0.889285714285714
65536 0.0131390064883393 0.882142857142857
65536 0.015625 0.889285714285714
65536 0.0185813611719175 0.885714285714286
65536 0.0220970869120796 0.882142857142857
65536 0.0262780129766786 0.882142857142857
65536 0.03125 0.885714285714286
65536 0.037162722343835 0.878571428571429
65536 0.0441941738241592 0.857142857142857
65536 0.0525560259533572 0.867857142857143
65536 0.0625 0.875
65536 0.0743254446876701 0.867857142857143
77935.8774888183 0.0131390064883393 0.878571428571429
77935.8774888183 0.015625 0.892857142857143
77935.8774888183 0.0185813611719175 0.889285714285714
77935.8774888183 0.0220970869120796 0.896428571428571
77935.8774888183 0.0262780129766786 0.871428571428571
77935.8774888183 0.03125 0.892857142857143
77935.8774888183 0.037162722343835 0.875
77935.8774888183 0.0441941738241592 0.885714285714286
77935.8774888183 0.0525560259533572 0.878571428571429
77935.8774888183 0.0625 0.882142857142857
77935.8774888183 0.0743254446876701 0.885714285714286
