0.03125 3.0517578125E-05 0.5863539445629
0.03125 0.0001220703125 0.5863539445629
0.03125 0.00048828125 0.5863539445629
0.03125 0.001953125 0.5863539445629
0.03125 0.0078125 0.5863539445629
0.03125 0.03125 0.5863539445629
0.03125 0.125 0.5863539445629
0.03125 0.5 0.5863539445629
0.03125 2 0.5863539445629
0.03125 8 0.5863539445629
0.125 3.0517578125E-05 0.5863539445629
0.125 0.0001220703125 0.5863539445629
0.125 0.00048828125 0.5863539445629
0.125 0.001953125 0.5863539445629
0.125 0.0078125 0.5863539445629
0.125 0.03125 0.5863539445629
0.125 0.125 0.5863539445629
0.125 0.5 0.5863539445629
0.125 2 0.590618336886994
0.125 8 0.646055437100213
0.5 3.0517578125E-05 0.5863539445629
0.5 0.0001220703125 0.5863539445629
0.5 0.00048828125 0.5863539445629
0.5 0.001953125 0.5863539445629
0.5 0.0078125 0.5863539445629
0.5 0.03125 0.5863539445629
0.5 0.125 0.5863539445629
0.5 0.5 0.62046908315565
0.5 2 0.771855010660981
0.5 8 0.767590618336887
2 3.0517578125E-05 0.5863539445629
2 0.0001220703125 0.5863539445629
2 0.00048828125 0.5863539445629
2 0.001953125 0.5863539445629
2 0.0078125 0.5863539445629
2 0.03125 0.5863539445629
2 0.125 0.637526652452026
2 0.5 0.795309168443497
2 2 0.810234541577825
2 8 0.823027718550107
8 3.0517578125E-05 0.5863539445629
8 0.0001220703125 0.5863539445629
8 0.00048828125 0.5863539445629
8 0.001953125 0.5863539445629
8 0.0078125 0.5863539445629
8 0.03125 0.639658848614073
8 0.125 0.801705756929638
8 0.5 0.837953091684435
8 2 0.837953091684435
8 8 0.82089552238806
32 3.0517578125E-05 0.5863539445629
32 0.0001220703125 0.5863539445629
32 0.00048828125 0.5863539445629
32 0.001953125 0.5863539445629
32 0.0078125 0.64818763326226
32 0.03125 0.801705756929638
32 0.125 0.823027718550107
32 0.5 0.831556503198294
32 2 0.848614072494669
32 8 0.818763326226013
128 3.0517578125E-05 0.5863539445629
128 0.0001220703125 0.5863539445629
128 0.00048828125 0.5863539445629
128 0.001953125 0.643923240938166
128 0.0078125 0.812366737739872
128 0.03125 0.823027718550107
128 0.125 0.835820895522388
128 0.5 0.844349680170576
128 2 0.837953091684435
128 8 0.823027718550107
512 3.0517578125E-05 0.5863539445629
512 0.0001220703125 0.5863539445629
512 0.00048828125 0.650319829424307
512 0.001953125 0.810234541577825
512 0.0078125 0.831556503198294
512 0.03125 0.825159914712154
512 0.125 0.831556503198294
512 0.5 0.844349680170576
512 2 0.8272921108742
512 8 0.776119402985075
2048 3.0517578125E-05 0.5863539445629
2048 0.0001220703125 0.64818763326226
2048 0.00048828125 0.799573560767591
2048 0.001953125 0.823027718550107
2048 0.0078125 0.829424307036247
2048 0.03125 0.823027718550107
2048 0.125 0.842217484008529
2048 0.5 0.835820895522388
2048 2 0.837953091684435
2048 8 0.767590618336887
8192 3.0517578125E-05 0.64818763326226
8192 0.0001220703125 0.808102345415778
8192 0.00048828125 0.8272921108742
8192 0.001953125 0.82089552238806
8192 0.0078125 0.835820895522388
8192 0.03125 0.842217484008529
8192 0.125 0.85501066098081
8192 0.5 0.840085287846482
8192 2 0.788912579957356
8192 8 0.739872068230277
32768 3.0517578125E-05 0.810234541577825
32768 0.0001220703125 0.823027718550107
32768 0.00048828125 0.823027718550107
32768 0.001953125 0.837953091684435
32768 0.0078125 0.840085287846482
32768 0.03125 0.848614072494669
32768 0.125 0.861407249466951
32768 0.5 0.846481876332623
32768 2 0.771855010660981
32768 8 0.788912579957356
13777.2468675169 0.0525560259533572 0.863539445628998
13777.2468675169 0.0625 0.852878464818763
13777.2468675169 0.0743254446876701 0.863539445628998
13777.2468675169 0.0883883476483184 0.861407249466951
13777.2468675169 0.105112051906714 0.857142857142857
13777.2468675169 0.125 0.852878464818763
13777.2468675169 0.14865088937534 0.852878464818763
13777.2468675169 0.176776695296637 0.850746268656716
13777.2468675169 0.210224103813429 0.848614072494669
13777.2468675169 0.25 0.846481876332623
13777.2468675169 0.29730177875068 0.846481876332623
16384 0.0525560259533572 0.852878464818763
16384 0.0625 0.867803837953092
16384 0.0743254446876701 0.863539445628998
16384 0.0883883476483184 0.859275053304904
16384 0.105112051906714 0.842217484008529
16384 0.125 0.859275053304904
16384 0.14865088937534 0.857142857142857
16384 0.176776695296637 0.865671641791045
16384 0.210224103813429 0.848614072494669
16384 0.25 0.85501066098081
16384 0.29730177875068 0.85501066098081
19483.9693722046 0.0525560259533572 0.863539445628998
19483.9693722046 0.0625 0.863539445628998
19483.9693722046 0.0743254446876701 0.852878464818763
19483.9693722046 0.0883883476483184 0.867803837953092
19483.9693722046 0.105112051906714 0.840085287846482
19483.9693722046 0.125 0.85501066098081
19483.9693722046 0.14865088937534 0.844349680170576
19483.9693722046 0.176776695296637 0.869936034115139
19483.9693722046 0.210224103813429 0.842217484008529
19483.9693722046 0.25 0.842217484008529
19483.9693722046 0.29730177875068 0.859275053304904
23170.4750059208 0.0525560259533572 0.850746268656716
23170.4750059208 0.0625 0.848614072494669
23170.4750059208 0.0743254446876701 0.857142857142857
23170.4750059208 0.0883883476483184 0.857142857142857
23170.4750059208 0.105112051906714 0.848614072494669
23170.4750059208 0.125 0.869936034115139
23170.4750059208 0.14865088937534 0.846481876332623
23170.4750059208 0.176776695296637 0.857142857142857
23170.4750059208 0.210224103813429 0.850746268656716
23170.4750059208 0.25 0.837953091684435
23170.4750059208 0.29730177875068 0.850746268656716
27554.4937350337 0.0525560259533572 0.857142857142857
27554.4937350337 0.0625 0.85501066098081
27554.4937350337 0.0743254446876701 0.861407249466951
27554.4937350337 0.0883883476483184 0.852878464818763
27554.4937350337 0.105112051906714 0.859275053304904
27554.4937350337 0.125 0.850746268656716
27554.4937350337 0.14865088937534 0.852878464818763
27554.4937350337 0.176776695296637 0.848614072494669
27554.4937350337 0.210224103813429 0.859275053304904
27554.4937350337 0.25 0.842217484008529
27554.4937350337 0.29730177875068 0.85501066098081
38967.9387444092 0.0525560259533572 0.865671641791045
38967.9387444092 0.0625 0.863539445628998
38967.9387444092 0.0743254446876701 0.861407249466951
38967.9387444092 0.0883883476483184 0.85501066098081
38967.9387444092 0.105112051906714 0.872068230277186
38967.9387444092 0.125 0.857142857142857
38967.9387444092 0.14865088937534 0.857142857142857
38967.9387444092 0.176776695296637 0.85501066098081
38967.9387444092 0.210224103813429 0.867803837953092
38967.9387444092 0.25 0.842217484008529
38967.9387444092 0.29730177875068 0.869936034115139
46340.9500118416 0.0525560259533572 0.861407249466951
46340.9500118416 0.0625 0.861407249466951
46340.9500118416 0.0743254446876701 0.861407249466951
46340.9500118416 0.0883883476483184 0.852878464818763
46340.9500118416 0.105112051906714 0.865671641791045
46340.9500118416 0.125 0.863539445628998
46340.9500118416 0.14865088937534 0.82089552238806
46340.9500118416 0.176776695296637 0.861407249466951
46340.9500118416 0.210224103813429 0.831556503198294
46340.9500118416 0.25 0.844349680170576
46340.9500118416 0.29730177875068 0.850746268656716
55108.9874700674 0.0525560259533572 0.876332622601279
55108.9874700674 0.0625 0.842217484008529
55108.9874700674 0.0743254446876701 0.857142857142857
55108.9874700674 0.0883883476483184 0.850746268656716
55108.9874700674 0.105112051906714 0.865671641791045
55108.9874700674 0.125 0.85501066098081
55108.9874700674 0.14865088937534 0.874200426439232
55108.9874700674 0.176776695296637 0.869936034115139
55108.9874700674 0.210224103813429 0.848614072494669
55108.9874700674 0.25 0.848614072494669
55108.9874700674 0.29730177875068 0.852878464818763
65536 0.0525560259533572 0.859275053304904
65536 0.0625 0.872068230277186
65536 0.0743254446876701 0.842217484008529
65536 0.0883883476483184 0.859275053304904
65536 0.105112051906714 0.859275053304904
65536 0.125 0.861407249466951
65536 0.14865088937534 0.867803837953092
65536 0.176776695296637 0.850746268656716
65536 0.210224103813429 0.85501066098081
65536 0.25 0.863539445628998
65536 0.29730177875068 0.865671641791045
77935.8774888183 0.0525560259533572 0.865671641791045
77935.8774888183 0.0625 0.848614072494669
77935.8774888183 0.0743254446876701 0.861407249466951
77935.8774888183 0.0883883476483184 0.872068230277186
77935.8774888183 0.105112051906714 0.848614072494669
77935.8774888183 0.125 0.846481876332623
77935.8774888183 0.14865088937534 0.869936034115139
77935.8774888183 0.176776695296637 0.848614072494669
77935.8774888183 0.210224103813429 0.852878464818763
77935.8774888183 0.25 0.846481876332623
77935.8774888183 0.29730177875068 0.842217484008529
