labels 1 0 -1
-1 -1 0.00178573919903622 0.235610083108421 0.762604177692543 
-1 -1 0.00115060488642882 0.0605435746896869 0.938305820423884 
-1 -1 0.00119230969771441 0.0275846494539947 0.971223040848291 
-1 -1 0.00108247523359593 0.0181396774988201 0.980777847267584 
-1 -1 0.00102372571037236 0.0156654690191847 0.983310805270443 
-1 -1 0.000682725873514257 0.0101063816291437 0.989210892497342 
-1 -1 0.000534837951557249 0.00484141551524459 0.994623746533198 
-1 -1 0.000425328952625044 0.00796060147776026 0.991614069569615 
-1 -1 0.000338562600692739 0.0105097783158038 0.989151659083504 
-1 -1 0.00036881929210834 0.0153895644510239 0.984241616256868 
-1 -1 0.000620262707349285 0.479945249370235 0.519434487922416 
-1 0 0.000399514909738651 0.754279957432446 0.245320527657816 
-1 0 0.000432874188892607 0.885749122374311 0.113818003436796 
-1 0 0.000214645957553279 0.948558785160705 0.0512265688817421 
-1 0 0.000768678954942325 0.967860904340111 0.0313704167049468 
-1 0 0.00017807621438204 0.985028126119022 0.0147937976665958 
-1 0 0.000247319407008033 0.93225446755456 0.0674982130384321 
-1 0 0.000591327254357893 0.697257861734103 0.302150811011539 
-1 -1 0.00463208891913009 0.196197581640724 0.799170329440146 
-1 -1 0.00248788441819747 0.0348269175904896 0.962685197991313 
-1 -1 0.00123345996830365 0.0126802468382453 0.986086293193451 
-1 -1 0.000575900112689367 0.0152740747366447 0.984150025150666 
-1 -1 0.000230160821707634 0.00922611281108308 0.990543726367209 
-1 -1 0.000743271070679842 0.00300933587833095 0.996247393050989 
-1 -1 0.00114510958705502 0.00323427597078919 0.995620614442156 
-1 -1 0.00139107240550917 0.00414533392259038 0.9944635936719 
-1 -1 0.00213217019802891 0.00623771167436707 0.991630118127604 
-1 -1 0.00207215675723594 0.0223282871020695 0.975599556140695 
-1 -1 0.00323414829418785 0.333740034640221 0.663025817065591 
-1 0 0.0021224746438687 0.724876499116794 0.273001026239337 
-1 0 0.0030651089946477 0.532179651746109 0.464755239259243 
-1 -1 0.00401519028895877 0.251338294527651 0.74464651518339 
-1 -1 0.0254576535347979 0.0520575272010309 0.922484819264171 
-1 -1 0.0224112565984277 0.0437904044093651 0.933798338992207 
-1 -1 0.0251824270153985 0.0382284559847677 0.936589116999834 
-1 -1 0.0271664030342361 0.0324744071140586 0.940359189851705 
-1 -1 0.0303107085636537 0.030635780471597 0.939053510964749 
-1 -1 0.036795616251634 0.0333275296846752 0.929876854063691 
-1 -1 0.0484781441507431 0.0435667029447767 0.90795515290448 
-1 -1 0.0662872616947484 0.0613973470615784 0.872315391243673 
-1 -1 0.0932838472979765 0.0970719764247702 0.809644176277253 
-1 -1 0.116364034458151 0.127109250444167 0.756526715097682 
-1 -1 0.139773899425043 0.173373896417127 0.68685220415783 
-1 -1 0.161294965851411 0.24026429656048 0.598440737588108 
-1 -1 0.169552512611222 0.330545586565502 0.499901900823276 
-1 0 0.16045077898579 0.432466687551523 0.407082533462688 
-1 0 0.0892505993451685 0.641190953384492 0.269558447270339 
-1 0 0.0408046154754938 0.808586767424014 0.150608617100492 
-1 0 0.0176947912017043 0.907471134820034 0.0748340739782622 
-1 0 0.0528938603172174 0.78390906386213 0.163197075820652 
-1 0 0.0536648204848046 0.78242191559109 0.163913263924105 
-1 0 0.096108267846126 0.671632458765475 0.232259273388399 
-1 0 0.0847600815701315 0.702450099773306 0.212789818656562 
-1 0 0.0739388732495426 0.73293416397426 0.193126962776197 
-1 0 0.0610693067294954 0.765846684513582 0.173084008756922 
-1 0 0.0449098256222583 0.80867229787281 0.146417876504932 
-1 0 0.00940214595957088 0.932217859308722 0.0583799947317066 
-1 0 0.00179307565253315 0.975110515063501 0.0230964092839662 
-1 0 0.000180250907825909 0.992919539152682 0.00690020993949216 
-1 0 1.15586184121049E-05 0.998265373566845 0.00172306781474287 
-1 0 4.67700636031453E-06 0.998902904544168 0.00109241844947177 
-1 0 2.09616672934105E-06 0.999268223402404 0.00072968043086661 
-1 0 1.15352406507751E-06 0.9994584297517 0.00054041672423486 
-1 0 2.14300648475348E-05 0.997634612830852 0.00234395710430045 
-1 0 0.00394851832341021 0.955365145372787 0.0406863363038033 
0 0 0.000224083214935268 0.992161505092276 0.00761441169278924 
0 0 1.64018186758597E-05 0.997944824145666 0.00203877403565856 
0 0 6.85049073550322E-07 0.999584879805625 0.000414435145301842 
0 0 4.79999314731893E-08 0.999923434209061 7.65177910074808E-05 
0 0 1.903012672479E-06 0.999967847757876 3.02492294515322E-05 
0 0 0.0106300239558997 0.989355251090913 1.47249531873099E-05 
0 0 0.062971222129616 0.937008294380514 2.04834898700059E-05 
0 0 0.310948797474227 0.689012640397866 3.85621279064652E-05 
0 1 0.756404239465406 0.24354248885184 5.32716827532451E-05 
0 1 0.955766730718229 0.0442018388083808 3.14304733898308E-05 
0 1 0.988573985290961 0.0113959795525452 3.0035156494091E-05 
0 1 0.998145213149707 0.00183961521454469 1.51716357483049E-05 
0 1 0.999785472998493 0.000206103786337514 8.42321516924459E-06 
0 1 0.99999213868482 3.38962103557876E-06 4.4716941448819E-06 
0 1 0.999994679852661 2.87181505275654E-06 2.44833228665427E-06 
0 1 0.999998472459443 2.98519111193676E-07 1.22902144599824E-06 
0 1 0.999999282197515 1.00001474872804E-07 6.17801010278104E-07 
0 1 0.999999589275853 1.00000365071152E-07 3.10723781834554E-07 
1 1 0.999999732326819 1.00000105636938E-07 1.67673075620166E-07 
1 1 0.999999719916715 1.00000121658636E-07 1.80083162952613E-07 
0 1 0.999999616670598 1.00000302715271E-07 2.83329098970029E-07 
0 1 0.999999507775077 1.00000586082148E-07 3.92224336928255E-07 
0 1 0.999998653269047 1.00006102493329E-07 1.24672485097159E-06 
0 1 0.999997560101756 1.00021675449081E-07 2.33987656870724E-06 
0 1 0.99999563995838 1.59376778040524E-07 4.20066484200041E-06 
1 1 0.999995671877705 2.21442017391617E-07 4.10668027794566E-06 
1 1 0.999995348337806 3.18792689866411E-07 4.3328695035363E-06 
1 1 0.99999674474253 1.00039513410801E-07 3.15521795680836E-06 
1 1 0.999996888730063 1.00035977191189E-07 3.01123396035648E-06 
1 1 0.999996734449795 1.00039773030082E-07 3.16551043167893E-06 
0 1 0.999994662923724 1.38637342711437E-07 5.19843893293486E-06 
0 1 0.999990886595909 8.09382771418238E-07 8.30402131933858E-06 
0 1 0.999968182122109 2.01371664535434E-05 1.16807114367526E-05 
0 1 0.999245527143362 0.00073055640999265 2.39164466458674E-05 
0 1 0.999550152950323 0.000432100545055353 1.77465046219234E-05 
1 1 0.999976733318478 1.00056710593929E-05 1.32610104628242E-05 
1 1 0.999987670392677 3.73902009787912E-06 8.59058722528533E-06 
1 1 0.999984052043858 6.55394914941558E-06 9.3940069930694E-06 
1 1 0.999988814418964 1.46286129737001E-06 9.72271973862846E-06 
1 1 0.999991814396822 4.01541349823713E-07 7.78406182829983E-06 
1 1 0.999995929244881 1.00062675917335E-07 3.97069244258311E-06 
1 1 0.999993056955788 8.84622341017468E-07 6.05842187160609E-06 
1 1 0.999981877170539 6.94287580430071E-06 1.11799536570339E-05 
0 1 0.999990211871175 2.31259589429408E-06 7.47553293029846E-06 
0 1 0.999844809359334 0.000131487262762876 2.37033779032326E-05 
1 1 0.999988155061567 7.69859824349608E-07 1.10750786084807E-05 
1 1 0.999994774860727 1.00104556540301E-07 5.12503471593612E-06 
1 1 0.999995257697984 1.00085742688625E-07 4.64221627358569E-06 
1 1 0.999992321050555 2.20511344055169E-07 7.45843810066386E-06 
1 1 0.99998723067441 4.19744146996808E-07 1.23495814437525E-05 
1 1 0.999992173819543 1.10094367474744E-07 7.71608608963453E-06 
1 1 0.999983357877739 1.23971766337295E-06 1.54024045976656E-05 
0 1 0.999937092465997 4.01311406696381E-05 2.27763933331513E-05 
0 1 0.998849706039652 0.00109539569317554 5.48982671729264E-05 
0 1 0.994300590285339 0.00558862912266066 0.000110780592000137 
0 1 0.965322483221792 0.0344510126846452 0.000226504093562801 
0 1 0.703469468866493 0.295151505800407 0.00137902533310063 
0 0 0.138889575634395 0.855991779928798 0.00511864443680672 
0 0 0.333420765912538 0.665642802553521 0.000936431533940984 
0 0 0.0107060096993997 0.984498221688244 0.00479576861235664 
0 0 0.000342616764054603 0.990230493555924 0.00942688968002132 
0 0 0.00190167544620216 0.975385955374242 0.0227123691795562 
0 0 1.39650508057578E-05 0.998110187729766 0.00187584721942843 
0 0 1.328315037867E-06 0.999421889882009 0.000576781802953257 
0 0 2.53505015919744E-06 0.999204342168547 0.00079312278129376 
0 0 1.70844864371076E-05 0.997907182175328 0.00207573333823507 
0 0 4.47330769847543E-06 0.998935568936972 0.0010599577553292 
0 0 2.24296551221149E-06 0.999267618749109 0.000730138285378429 
0 0 2.04409242932218E-06 0.999281358302158 0.000716597605412285 
0 0 0.000771196288234901 0.984964971609948 0.0142638321018172 
0 0 4.32656895505559E-05 0.996645394239963 0.00331134007048603 
0 0 5.68576222837752E-06 0.998798332948341 0.00119598128943036 
-1 0 4.06830753587462E-05 0.996744797428609 0.00321451949603254 
-1 0 0.000264744881527445 0.991434131331511 0.00830112378696151 
-1 0 0.00623378535360808 0.941988499322976 0.0517777153234153 
-1 0 0.0109162598382341 0.917893155184353 0.0711905849774126 
-1 0 0.0130632379494839 0.908704490283235 0.0782322717672807 
-1 0 0.0141580446994031 0.904203159889218 0.0816387954113794 
-1 0 0.0144991169011964 0.902790918852566 0.0827099642462382 
-1 0 0.00149122795426885 0.978353908223414 0.0201548638223175 
-1 0 0.000325795018439806 0.99042572896846 0.00924847601310017 
-1 0 0.0024702745600627 0.971421166435141 0.0261085590047968 
-1 0 0.000166422831651471 0.99328039430178 0.00655318286656897 
-1 0 9.12257855982215E-05 0.995078179566756 0.00483059464764573 
-1 0 3.44982619090255E-06 0.99906515287212 0.000931397301689565 
-1 0 1.41483210345849E-07 0.999811581981215 0.000188276535575266 
-1 0 6.01422896122381E-06 0.998763010417919 0.00123097535311979 
-1 0 4.32056050938444E-05 0.996639630742358 0.00331716365254794 
-1 0 0.00239837961910412 0.971946226265495 0.025655394115401 
-1 0 0.00111708516321529 0.981585026576093 0.0172978882606917 
-1 0 4.62751645153795E-05 0.996520765124231 0.00343295971125308 
0 0 2.19563991897469E-05 0.997620163254328 0.00235788034648234 
0 0 1.32636954291128E-06 0.999421280836864 0.000577392793592911 
0 0 4.12068899198003E-06 0.998976037246141 0.00101984206486687 
0 0 1.19478686954216E-07 0.999887138926775 0.000112741594537921 
0 0 0.00359643703127544 0.996378013899513 2.55490692120901E-05 
0 0 0.00492575758716237 0.994815563062725 0.000258679350112966 
-1 0 0.452774093256694 0.542781632417337 0.00444427432596948 
0 1 0.520714964367391 0.47491600324984 0.00436903238276946 
0 0 0.416118776164982 0.582291840166455 0.00158938366856336 
0 0 0.174095465970006 0.825071405142791 0.000833128887203149 
0 0 0.00330674253335777 0.995092963337895 0.00160029412874668 
0 0 0.0237300639580111 0.975484525825227 0.000785410216762191 
0 0 0.317232878922318 0.681332361227355 0.00143475985032725 
0 0 0.0927882103072433 0.906574238618821 0.000637551073935257 
0 0 0.0496789395168581 0.949532308857974 0.000788751625168162 
0 1 0.916978569148491 0.0817597084898081 0.00126172236170124 
0 1 0.711280815691437 0.286278725375556 0.00244045893300676 
-1 0 0.282720310576676 0.71006030003341 0.00721938938991417 
-1 0 0.13482306057329 0.862144704676513 0.00303223475019695 
-1 0 0.0209785594721835 0.97719301776486 0.00182842276295642 
-1 0 0.00270737814982939 0.992509881796823 0.00478274005334757 
-1 0 0.00881362454326395 0.99061184394478 0.000574531511956343 
-1 0 0.220699554779557 0.777736309237378 0.00156413598306495 
-1 0 0.0292538358466649 0.968684394300241 0.00206176985309432 
-1 0 0.15369676573708 0.826585277151682 0.0197179571112384 
-1 0 0.0441321752724205 0.95202235666182 0.00384546806575963 
-1 0 0.00271951145926995 0.995141400727202 0.00213908781352779 
-1 0 0.0336159184611231 0.957873335366756 0.00851074617212105 
-1 0 0.00985136300176617 0.985327112178457 0.00482152481977699 
-1 0 8.55183122156985E-06 0.998714425947039 0.00127702222173927 
-1 0 0.00349961112408987 0.996154432016153 0.000345956859757168 
-1 0 0.00224565661624337 0.99738280363115 0.000371539752606758 
-1 0 0.0173501145542667 0.98214288737886 0.000506998066873395 
-1 0 0.00205883578116834 0.996750283061543 0.00119088115728912 
-1 1 0.510105821169865 0.488716016103493 0.0011781627266413 
-1 0 0.0933915430840242 0.905716493753633 0.0008919631623427 
-1 0 0.0462469101064183 0.953508041478861 0.000245048414721043 
-1 0 0.0262128272170671 0.973349108701579 0.000438064081354479 
-1 0 0.268111534522129 0.731530829532457 0.000357635945413209 
-1 0 0.261663783217866 0.738109444179098 0.000226772603035523 
-1 0 0.0395880099555066 0.960177818423093 0.000234171621400005 
0 0 0.0771971088908064 0.922289112925204 0.000513778183989143 
0 0 0.330188370250729 0.669667958792403 0.000143670956868274 
0 1 0.542179859206015 0.457597566392826 0.0002225744011597 
