0.03125 3.0517578125E-05 0.484756097560976
0.03125 0.0001220703125 0.484756097560976
0.03125 0.00048828125 0.484756097560976
0.03125 0.001953125 0.484756097560976
0.03125 0.0078125 0.484756097560976
0.03125 0.03125 0.484756097560976
0.03125 0.125 0.484756097560976
0.03125 0.5 0.484756097560976
0.03125 2 0.484756097560976
0.03125 8 0.484756097560976
0.125 3.0517578125E-05 0.484756097560976
0.125 0.0001220703125 0.484756097560976
0.125 0.00048828125 0.484756097560976
0.125 0.001953125 0.484756097560976
0.125 0.0078125 0.484756097560976
0.125 0.03125 0.484756097560976
0.125 0.125 0.484756097560976
0.125 0.5 0.484756097560976
0.125 2 0.527439024390244
0.125 8 0.503048780487805
0.5 3.0517578125E-05 0.484756097560976
0.5 0.0001220703125 0.484756097560976
0.5 0.00048828125 0.484756097560976
0.5 0.001953125 0.484756097560976
0.5 0.0078125 0.484756097560976
0.5 0.03125 0.484756097560976
0.5 0.125 0.481707317073171
0.5 0.5 0.496951219512195
0.5 2 0.524390243902439
0.5 8 0.554878048780488
2 3.0517578125E-05 0.484756097560976
2 0.0001220703125 0.484756097560976
2 0.00048828125 0.484756097560976
2 0.001953125 0.484756097560976
2 0.0078125 0.484756097560976
2 0.03125 0.48780487804878
2 0.125 0.515243902439024
2 0.5 0.564024390243902
2 2 0.606707317073171
2 8 0.582317073170732
8 3.0517578125E-05 0.484756097560976
8 0.0001220703125 0.484756097560976
8 0.00048828125 0.484756097560976
8 0.001953125 0.484756097560976
8 0.0078125 0.463414634146341
8 0.03125 0.496951219512195
8 0.125 0.564024390243902
8 0.5 0.570121951219512
8 2 0.652439024390244
8 8 0.679878048780488
32 3.0517578125E-05 0.484756097560976
32 0.0001220703125 0.484756097560976
32 0.00048828125 0.484756097560976
32 0.001953125 0.49390243902439
32 0.0078125 0.490853658536585
32 0.03125 0.567073170731707
32 0.125 0.621951219512195
32 0.5 0.679878048780488
32 2 0.75
32 8 0.73780487804878
128 3.0517578125E-05 0.484756097560976
128 0.0001220703125 0.484756097560976
128 0.00048828125 0.48780487804878
128 0.001953125 0.50609756097561
128 0.0078125 0.554878048780488
128 0.03125 0.609756097560976
128 0.125 0.722560975609756
128 0.5 0.774390243902439
128 2 0.838414634146341
128 8 0.768292682926829
512 3.0517578125E-05 0.484756097560976
512 0.0001220703125 0.472560975609756
512 0.00048828125 0.466463414634146
512 0.001953125 0.564024390243902
512 0.0078125 0.63109756097561
512 0.03125 0.74390243902439
512 0.125 0.804878048780488
512 0.5 0.844512195121951
512 2 0.823170731707317
512 8 0.792682926829268
2048 3.0517578125E-05 0.472560975609756
2048 0.0001220703125 0.521341463414634
2048 0.00048828125 0.582317073170732
2048 0.001953125 0.634146341463415
2048 0.0078125 0.731707317073171
2048 0.03125 0.814024390243902
2048 0.125 0.820121951219512
2048 0.5 0.853658536585366
2048 2 0.823170731707317
2048 8 0.853658536585366
8192 3.0517578125E-05 0.50609756097561
8192 0.0001220703125 0.545731707317073
8192 0.00048828125 0.61280487804878
8192 0.001953125 0.707317073170732
8192 0.0078125 0.817073170731707
8192 0.03125 0.835365853658537
8192 0.125 0.853658536585366
8192 0.5 0.847560975609756
8192 2 0.838414634146341
8192 8 0.835365853658537
32768 3.0517578125E-05 0.570121951219512
32768 0.0001220703125 0.615853658536585
32768 0.00048828125 0.73780487804878
32768 0.001953125 0.823170731707317
32768 0.0078125 0.847560975609756
32768 0.03125 0.844512195121951
32768 0.125 0.878048780487805
32768 0.5 0.88109756097561
32768 2 0.847560975609756
32768 8 0.798780487804878
13777.2468675169 0.210224103813429 0.875
13777.2468675169 0.25 0.871951219512195
13777.2468675169 0.29730177875068 0.878048780487805
13777.2468675169 0.353553390593274 0.878048780487805
13777.2468675169 0.420448207626857 0.86890243902439
13777.2468675169 0.5 0.865853658536585
13777.2468675169 0.594603557501361 0.859756097560976
13777.2468675169 0.707106781186548 0.86280487804878
13777.2468675169 0.840896415253715 0.853658536585366
13777.2468675169 1 0.871951219512195
13777.2468675169 1.18920711500272 0.850609756097561
16384 0.210224103813429 0.875
16384 0.25 0.847560975609756
16384 0.29730177875068 0.86890243902439
16384 0.353553390593274 0.865853658536585
16384 0.420448207626857 0.88719512195122
16384 0.5 0.86280487804878
16384 0.594603557501361 0.884146341463415
16384 0.707106781186548 0.86890243902439
16384 0.840896415253715 0.86280487804878
16384 1 0.850609756097561
16384 1.18920711500272 0.88109756097561
19483.9693722046 0.210224103813429 0.850609756097561
19483.9693722046 0.25 0.875
19483.9693722046 0.29730177875068 0.856707317073171
19483.9693722046 0.353553390593274 0.865853658536585
19483.9693722046 0.420448207626857 0.88109756097561
19483.9693722046 0.5 0.86280487804878
19483.9693722046 0.594603557501361 0.856707317073171
19483.9693722046 0.707106781186548 0.899390243902439
19483.9693722046 0.840896415253715 0.890243902439024
19483.9693722046 1 0.875
19483.9693722046 1.18920711500272 0.871951219512195
23170.4750059208 0.210224103813429 0.896341463414634
23170.4750059208 0.25 0.893292682926829
23170.4750059208 0.29730177875068 0.86890243902439
23170.4750059208 0.353553390593274 0.88719512195122
23170.4750059208 0.420448207626857 0.847560975609756
23170.4750059208 0.5 0.890243902439024
23170.4750059208 0.594603557501361 0.86890243902439
23170.4750059208 0.707106781186548 0.865853658536585
23170.4750059208 0.840896415253715 0.865853658536585
23170.4750059208 1 0.853658536585366
23170.4750059208 1.18920711500272 0.86280487804878
27554.4937350337 0.210224103813429 0.890243902439024
27554.4937350337 0.25 0.905487804878049
27554.4937350337 0.29730177875068 0.884146341463415
27554.4937350337 0.353553390593274 0.875
27554.4937350337 0.420448207626857 0.905487804878049
27554.4937350337 0.5 0.890243902439024
27554.4937350337 0.594603557501361 0.893292682926829
27554.4937350337 0.707106781186548 0.88109756097561
27554.4937350337 0.840896415253715 0.859756097560976
27554.4937350337 1 0.865853658536585
27554.4937350337 1.18920711500272 0.826219512195122
38967.9387444092 0.210224103813429 0.88719512195122
38967.9387444092 0.25 0.875
38967.9387444092 0.29730177875068 0.875
38967.9387444092 0.353553390593274 0.871951219512195
38967.9387444092 0.420448207626857 0.878048780487805
38967.9387444092 0.5 0.896341463414634
38967.9387444092 0.594603557501361 0.853658536585366
38967.9387444092 0.707106781186548 0.856707317073171
38967.9387444092 0.840896415253715 0.871951219512195
38967.9387444092 1 0.859756097560976
38967.9387444092 1.18920711500272 0.86890243902439
46340.9500118416 0.210224103813429 0.893292682926829
46340.9500118416 0.25 0.88109756097561
46340.9500118416 0.29730177875068 0.896341463414634
46340.9500118416 0.353553390593274 0.86890243902439
46340.9500118416 0.420448207626857 0.878048780487805
46340.9500118416 0.5 0.853658536585366
46340.9500118416 0.594603557501361 0.878048780487805
46340.9500118416 0.707106781186548 0.871951219512195
46340.9500118416 0.840896415253715 0.88109756097561
46340.9500118416 1 0.859756097560976
46340.9500118416 1.18920711500272 0.859756097560976
55108.9874700674 0.210224103813429 0.871951219512195
55108.9874700674 0.25 0.896341463414634
55108.9874700674 0.29730177875068 0.88109756097561
55108.9874700674 0.353553390593274 0.865853658536585
55108.9874700674 0.420448207626857 0.875
55108.9874700674 0.5 0.88109756097561
55108.9874700674 0.594603557501361 0.884146341463415
55108.9874700674 0.707106781186548 0.86890243902439
55108.9874700674 0.840896415253715 0.88109756097561
55108.9874700674 1 0.865853658536585
55108.9874700674 1.18920711500272 0.859756097560976
65536 0.210224103813429 0.899390243902439
65536 0.25 0.896341463414634
65536 0.29730177875068 0.871951219512195
65536 0.353553390593274 0.88719512195122
65536 0.420448207626857 0.86890243902439
65536 0.5 0.88719512195122
65536 0.594603557501361 0.88719512195122
65536 0.707106781186548 0.871951219512195
65536 0.840896415253715 0.865853658536585
65536 1 0.856707317073171
65536 1.18920711500272 0.856707317073171
77935.8774888183 0.210224103813429 0.88719512195122
77935.8774888183 0.25 0.88109756097561
77935.8774888183 0.29730177875068 0.88109756097561
77935.8774888183 0.353553390593274 0.859756097560976
77935.8774888183 0.420448207626857 0.878048780487805
77935.8774888183 0.5 0.871951219512195
77935.8774888183 0.594603557501361 0.893292682926829
77935.8774888183 0.707106781186548 0.88109756097561
77935.8774888183 0.840896415253715 0.878048780487805
77935.8774888183 1 0.865853658536585
77935.8774888183 1.18920711500272 0.820121951219512
