0.03125 3.0517578125E-05 0.743589743589744
0.03125 0.0001220703125 0.743589743589744
0.03125 0.00048828125 0.743589743589744
0.03125 0.001953125 0.743589743589744
0.03125 0.0078125 0.743589743589744
0.03125 0.03125 0.743589743589744
0.03125 0.125 0.743589743589744
0.03125 0.5 0.743589743589744
0.03125 2 0.743589743589744
0.03125 8 0.743589743589744
0.125 3.0517578125E-05 0.743589743589744
0.125 0.0001220703125 0.743589743589744
0.125 0.00048828125 0.743589743589744
0.125 0.001953125 0.743589743589744
0.125 0.0078125 0.743589743589744
0.125 0.03125 0.743589743589744
0.125 0.125 0.743589743589744
0.125 0.5 0.743589743589744
0.125 2 0.743589743589744
0.125 8 0.743589743589744
0.5 3.0517578125E-05 0.743589743589744
0.5 0.0001220703125 0.743589743589744
0.5 0.00048828125 0.743589743589744
0.5 0.001953125 0.743589743589744
0.5 0.0078125 0.743589743589744
0.5 0.03125 0.743589743589744
0.5 0.125 0.743589743589744
0.5 0.5 0.743589743589744
0.5 2 0.743589743589744
0.5 8 0.82051282051282
2 3.0517578125E-05 0.743589743589744
2 0.0001220703125 0.743589743589744
2 0.00048828125 0.743589743589744
2 0.001953125 0.743589743589744
2 0.0078125 0.743589743589744
2 0.03125 0.743589743589744
2 0.125 0.743589743589744
2 0.5 0.748717948717949
2 2 0.841025641025641
2 8 0.861538461538462
8 3.0517578125E-05 0.743589743589744
8 0.0001220703125 0.743589743589744
8 0.00048828125 0.743589743589744
8 0.001953125 0.743589743589744
8 0.0078125 0.743589743589744
8 0.03125 0.743589743589744
8 0.125 0.753846153846154
8 0.5 0.846153846153846
8 2 0.876923076923077
8 8 0.882051282051282
32 3.0517578125E-05 0.743589743589744
32 0.0001220703125 0.743589743589744
32 0.00048828125 0.743589743589744
32 0.001953125 0.743589743589744
32 0.0078125 0.743589743589744
32 0.03125 0.753846153846154
32 0.125 0.866666666666667
32 0.5 0.892307692307692
32 2 0.917948717948718
32 8 0.882051282051282
128 3.0517578125E-05 0.743589743589744
128 0.0001220703125 0.743589743589744
128 0.00048828125 0.743589743589744
128 0.001953125 0.743589743589744
128 0.0078125 0.753846153846154
128 0.03125 0.856410256410256
128 0.125 0.917948717948718
128 0.5 0.923076923076923
128 2 0.902564102564103
128 8 0.846153846153846
512 3.0517578125E-05 0.743589743589744
512 0.0001220703125 0.743589743589744
512 0.00048828125 0.743589743589744
512 0.001953125 0.753846153846154
512 0.0078125 0.866666666666667
512 0.03125 0.902564102564103
512 0.125 0.938461538461538
512 0.5 0.923076923076923
512 2 0.917948717948718
512 8 0.856410256410256
2048 3.0517578125E-05 0.743589743589744
2048 0.0001220703125 0.743589743589744
2048 0.00048828125 0.743589743589744
2048 0.001953125 0.851282051282051
2048 0.0078125 0.912820512820513
2048 0.03125 0.933333333333333
2048 0.125 0.912820512820513
2048 0.5 0.933333333333333
2048 2 0.912820512820513
2048 8 0.846153846153846
8192 3.0517578125E-05 0.743589743589744
8192 0.0001220703125 0.753846153846154
8192 0.00048828125 0.861538461538462
8192 0.001953125 0.907692307692308
8192 0.0078125 0.917948717948718
8192 0.03125 0.917948717948718
8192 0.125 0.923076923076923
8192 0.5 0.897435897435897
8192 2 0.856410256410256
8192 8 0.846153846153846
32768 3.0517578125E-05 0.753846153846154
32768 0.0001220703125 0.871794871794872
32768 0.00048828125 0.907692307692308
32768 0.001953125 0.923076923076923
32768 0.0078125 0.917948717948718
32768 0.03125 0.912820512820513
32768 0.125 0.933333333333333
32768 0.5 0.882051282051282
32768 2 0.882051282051282
32768 8 0.830769230769231
215.269482304951 0.0525560259533572 0.907692307692308
215.269482304951 0.0625 0.912820512820513
215.269482304951 0.0743254446876701 0.892307692307692
215.269482304951 0.0883883476483184 0.897435897435897
215.269482304951 0.105112051906714 0.897435897435897
215.269482304951 0.125 0.907692307692308
215.269482304951 0.14865088937534 0.907692307692308
215.269482304951 0.176776695296637 0.917948717948718
215.269482304951 0.210224103813429 0.928205128205128
215.269482304951 0.25 0.928205128205128
215.269482304951 0.29730177875068 0.923076923076923
256 0.0525560259533572 0.902564102564103
256 0.0625 0.907692307692308
256 0.0743254446876701 0.912820512820513
256 0.0883883476483184 0.902564102564103
256 0.105112051906714 0.917948717948718
256 0.125 0.912820512820513
256 0.14865088937534 0.912820512820513
256 0.176776695296637 0.912820512820513
256 0.210224103813429 0.912820512820513
256 0.25 0.923076923076923
256 0.29730177875068 0.923076923076923
304.437021440697 0.0525560259533572 0.897435897435897
304.437021440697 0.0625 0.923076923076923
304.437021440697 0.0743254446876701 0.907692307692308
304.437021440697 0.0883883476483184 0.912820512820513
304.437021440697 0.105112051906714 0.917948717948718
304.437021440697 0.125 0.912820512820513
304.437021440697 0.14865088937534 0.923076923076923
304.437021440697 0.176776695296637 0.917948717948718
304.437021440697 0.210224103813429 0.917948717948718
304.437021440697 0.25 0.917948717948718
304.437021440697 0.29730177875068 0.923076923076923
362.038671967512 0.0525560259533572 0.902564102564103
362.038671967512 0.0625 0.923076923076923
362.038671967512 0.0743254446876701 0.928205128205128
362.038671967512 0.0883883476483184 0.912820512820513
362.038671967512 0.105112051906714 0.902564102564103
362.038671967512 0.125 0.917948717948718
362.038671967512 0.14865088937534 0.923076923076923
362.038671967512 0.176776695296637 0.923076923076923
362.038671967512 0.210224103813429 0.928205128205128
362.038671967512 0.25 0.912820512820513
362.038671967512 0.29730177875068 0.912820512820513
430.538964609902 0.0525560259533572 0.887179487179487
430.538964609902 0.0625 0.923076923076923
430.538964609902 0.0743254446876701 0.923076923076923
430.538964609902 0.0883883476483184 0.928205128205128
430.538964609902 0.105112051906714 0.923076923076923
430.538964609902 0.125 0.917948717948718
430.538964609902 0.14865088937534 0.928205128205128
430.538964609902 0.176776695296637 0.938461538461538
430.538964609902 0.210224103813429 0.928205128205128
430.538964609902 0.25 0.923076923076923
430.538964609902 0.29730177875068 0.928205128205128
608.874042881393 0.0525560259533572 0.933333333333333
608.874042881393 0.0625 0.907692307692308
608.874042881393 0.0743254446876701 0.933333333333333
608.874042881393 0.0883883476483184 0.907692307692308
608.874042881393 0.105112051906714 0.928205128205128
608.874042881393 0.125 0.928205128205128
608.874042881393 0.14865088937534 0.933333333333333
608.874042881393 0.176776695296637 0.923076923076923
608.874042881393 0.210224103813429 0.912820512820513
608.874042881393 0.25 0.917948717948718
608.874042881393 0.29730177875068 0.928205128205128
724.077343935025 0.0525560259533572 0.923076923076923
724.077343935025 0.0625 0.938461538461538
724.077343935025 0.0743254446876701 0.917948717948718
724.077343935025 0.0883883476483184 0.907692307692308
724.077343935025 0.105112051906714 0.933333333333333
724.077343935025 0.125 0.928205128205128
724.077343935025 0.14865088937534 0.917948717948718
724.077343935025 0.176776695296637 0.923076923076923
724.077343935025 0.210224103813429 0.917948717948718
724.077343935025 0.25 0.912820512820513
724.077343935025 0.29730177875068 0.907692307692308
861.077929219804 0.0525560259533572 0.917948717948718
861.077929219804 0.0625 0.928205128205128
861.077929219804 0.0743254446876701 0.933333333333333
861.077929219804 0.0883883476483184 0.917948717948718
861.077929219804 0.105112051906714 0.917948717948718
861.077929219804 0.125 0.892307692307692
861.077929219804 0.14865088937534 0.917948717948718
861.077929219804 0.176776695296637 0.933333333333333
861.077929219804 0.210224103813429 0.923076923076923
861.077929219804 0.25 0.912820512820513
861.077929219804 0.29730177875068 0.907692307692308
1024 0.0525560259533572 0.928205128205128
1024 0.0625 0.902564102564103
1024 0.0743254446876701 0.928205128205128
1024 0.0883883476483184 0.933333333333333
1024 0.105112051906714 0.917948717948718
1024 0.125 0.928205128205128
1024 0.14865088937534 0.928205128205128
1024 0.176776695296637 0.907692307692308
1024 0.210224103813429 0.933333333333333
1024 0.25 0.897435897435897
1024 0.29730177875068 0.917948717948718
1217.74808576279 0.0525560259533572 0.928205128205128
1217.74808576279 0.0625 0.923076923076923
1217.74808576279 0.0743254446876701 0.928205128205128
1217.74808576279 0.0883883476483184 0.912820512820513
1217.74808576279 0.105112051906714 0.907692307692308
1217.74808576279 0.125 0.928205128205128
1217.74808576279 0.14865088937534 0.923076923076923
1217.74808576279 0.176776695296637 0.923076923076923
1217.74808576279 0.210224103813429 0.912820512820513
1217.74808576279 0.25 0.897435897435897
1217.74808576279 0.29730177875068 0.938461538461538
