0.03125 3.0517578125E-05 0.71484375
0.03125 0.0001220703125 0.71484375
0.03125 0.00048828125 0.71484375
0.03125 0.001953125 0.71484375
0.03125 0.0078125 0.71484375
0.03125 0.03125 0.71484375
0.03125 0.125 0.71484375
0.03125 0.5 0.71484375
0.03125 2 0.71484375
0.03125 8 0.71484375
0.125 3.0517578125E-05 0.71484375
0.125 0.0001220703125 0.71484375
0.125 0.00048828125 0.71484375
0.125 0.001953125 0.71484375
0.125 0.0078125 0.71484375
0.125 0.03125 0.71484375
0.125 0.125 0.71484375
0.125 0.5 0.71484375
0.125 2 0.71484375
0.125 8 0.71484375
0.5 3.0517578125E-05 0.71484375
0.5 0.0001220703125 0.71484375
0.5 0.00048828125 0.71484375
0.5 0.001953125 0.71484375
0.5 0.0078125 0.71484375
0.5 0.03125 0.71484375
0.5 0.125 0.71484375
0.5 0.5 0.7421875
0.5 2 0.8125
0.5 8 0.859375
2 3.0517578125E-05 0.71484375
2 0.0001220703125 0.71484375
2 0.00048828125 0.71484375
2 0.001953125 0.71484375
2 0.0078125 0.71484375
2 0.03125 0.71484375
2 0.125 0.75390625
2 0.5 0.8359375
2 2 0.90625
2 8 0.88671875
8 3.0517578125E-05 0.71484375
8 0.0001220703125 0.71484375
8 0.00048828125 0.71484375
8 0.001953125 0.71484375
8 0.0078125 0.71484375
8 0.03125 0.7578125
8 0.125 0.84375
8 0.5 0.91015625
8 2 0.92578125
8 8 0.921875
32 3.0517578125E-05 0.71484375
32 0.0001220703125 0.71484375
32 0.00048828125 0.71484375
32 0.001953125 0.71484375
32 0.0078125 0.76171875
32 0.03125 0.83203125
32 0.125 0.921875
32 0.5 0.9375
32 2 0.94140625
32 8 0.91015625
128 3.0517578125E-05 0.71484375
128 0.0001220703125 0.71484375
128 0.00048828125 0.71484375
128 0.001953125 0.765625
128 0.0078125 0.83984375
128 0.03125 0.91796875
128 0.125 0.94921875
128 0.5 0.92578125
128 2 0.921875
128 8 0.90234375
512 3.0517578125E-05 0.71484375
512 0.0001220703125 0.71484375
512 0.00048828125 0.7578125
512 0.001953125 0.84375
512 0.0078125 0.9296875
512 0.03125 0.9453125
512 0.125 0.9375
512 0.5 0.9375
512 2 0.92578125
512 8 0.91015625
2048 3.0517578125E-05 0.71484375
2048 0.0001220703125 0.75390625
2048 0.00048828125 0.83984375
2048 0.001953125 0.91796875
2048 0.0078125 0.93359375
2048 0.03125 0.953125
2048 0.125 0.94140625
2048 0.5 0.9296875
2048 2 0.91796875
2048 8 0.90625
8192 3.0517578125E-05 0.76171875
8192 0.0001220703125 0.84375
8192 0.00048828125 0.93359375
8192 0.001953125 0.94921875
8192 0.0078125 0.9453125
8192 0.03125 0.9453125
8192 0.125 0.94140625
8192 0.5 0.9375
8192 2 0.921875
8192 8 0.90625
32768 3.0517578125E-05 0.83984375
32768 0.0001220703125 0.92578125
32768 0.00048828125 0.953125
32768 0.001953125 0.9375
32768 0.0078125 0.94140625
32768 0.03125 0.9453125
32768 0.125 0.9453125
32768 0.5 0.89453125
32768 2 0.8984375
32768 8 0.8984375
861.077929219804 0.0131390064883393 0.9453125
861.077929219804 0.015625 0.9453125
861.077929219804 0.0185813611719175 0.94921875
861.077929219804 0.0220970869120796 0.94921875
861.077929219804 0.0262780129766786 0.9453125
861.077929219804 0.03125 0.9453125
861.077929219804 0.037162722343835 0.94140625
861.077929219804 0.0441941738241592 0.94921875
861.077929219804 0.0525560259533572 0.94140625
861.077929219804 0.0625 0.94140625
861.077929219804 0.0743254446876701 0.94140625
1024 0.0131390064883393 0.9375
1024 0.015625 0.94140625
1024 0.0185813611719175 0.95703125
1024 0.0220970869120796 0.94140625
1024 0.0262780129766786 0.94140625
1024 0.03125 0.9375
1024 0.037162722343835 0.9375
1024 0.0441941738241592 0.9453125
1024 0.0525560259533572 0.93359375
1024 0.0625 0.9375
1024 0.0743254446876701 0.9453125
1217.74808576279 0.0131390064883393 0.94140625
1217.74808576279 0.015625 0.93359375
1217.74808576279 0.0185813611719175 0.9375
1217.74808576279 0.0220970869120796 0.94921875
1217.74808576279 0.0262780129766786 0.9453125
1217.74808576279 0.03125 0.953125
1217.74808576279 0.037162722343835 0.94140625
1217.74808576279 0.0441941738241592 0.94140625
1217.74808576279 0.0525560259533572 0.94140625
1217.74808576279 0.0625 0.9453125
1217.74808576279 0.0743254446876701 0.94140625
1448.15468787005 0.0131390064883393 0.9453125
1448.15468787005 0.015625 0.9453125
1448.15468787005 0.0185813611719175 0.9375
1448.15468787005 0.0220970869120796 0.9375
1448.15468787005 0.0262780129766786 0.93359375
1448.15468787005 0.03125 0.9375
1448.15468787005 0.037162722343835 0.93359375
1448.15468787005 0.0441941738241592 0.9453125
1448.15468787005 0.0525560259533572 0.94140625
1448.15468787005 0.0625 0.94140625
1448.15468787005 0.0743254446876701 0.93359375
1722.15585843961 0.0131390064883393 0.9453125
1722.15585843961 0.015625 0.953125
1722.15585843961 0.0185813611719175 0.9453125
1722.15585843961 0.0220970869120796 0.9453125
1722.15585843961 0.0262780129766786 0.9296875
1722.15585843961 0.03125 0.94921875
1722.15585843961 0.037162722343835 0.94140625
1722.15585843961 0.0441941738241592 0.9453125
1722.15585843961 0.0525560259533572 0.9375
1722.15585843961 0.0625 0.9453125
1722.15585843961 0.0743254446876701 0.9375
2435.49617152557 0.0131390064883393 0.9453125
2435.49617152557 0.015625 0.9375
2435.49617152557 0.0185813611719175 0.9375
2435.49617152557 0.0220970869120796 0.94140625
2435.49617152557 0.0262780129766786 0.94140625
2435.49617152557 0.03125 0.94140625
2435.49617152557 0.037162722343835 0.9453125
2435.49617152557 0.0441941738241592 0.94140625
2435.49617152557 0.0525560259533572 0.94140625
2435.49617152557 0.0625 0.94140625
2435.49617152557 0.0743254446876701 0.9375
2896.3093757401 0.0131390064883393 0.9453125
2896.3093757401 0.015625 0.9453125
2896.3093757401 0.0185813611719175 0.9453125
2896.3093757401 0.0220970869120796 0.94140625
2896.3093757401 0.0262780129766786 0.9453125
2896.3093757401 0.03125 0.9375
2896.3093757401 0.037162722343835 0.94140625
2896.3093757401 0.0441941738241592 0.94140625
2896.3093757401 0.0525560259533572 0.9453125
2896.3093757401 0.0625 0.94140625
2896.3093757401 0.0743254446876701 0.9296875
3444.31171687921 0.0131390064883393 0.94140625
3444.31171687921 0.015625 0.9453125
3444.31171687921 0.0185813611719175 0.93359375
3444.31171687921 0.0220970869120796 0.9375
3444.31171687921 0.0262780129766786 0.94921875
3444.31171687921 0.03125 0.9453125
3444.31171687921 0.037162722343835 0.9375
3444.31171687921 0.0441941738241592 0.9375
3444.31171687921 0.0525560259533572 0.94140625
3444.31171687921 0.0625 0.94140625
3444.31171687921 0.0743254446876701 0.9375
4096 0.0131390064883393 0.94140625
4096 0.015625 0.94921875
4096 0.0185813611719175 0.94140625
4096 0.0220970869120796 0.9453125
4096 0.0262780129766786 0.94140625
4096 0.03125 0.9453125
4096 0.037162722343835 0.9375
4096 0.0441941738241592 0.94140625
4096 0.0525560259533572 0.94140625
4096 0.0625 0.9453125
4096 0.0743254446876701 0.9453125
4870.99234305115 0.0131390064883393 0.94140625
4870.99234305115 0.015625 0.953125
4870.99234305115 0.0185813611719175 0.94140625
4870.99234305115 0.0220970869120796 0.9453125
4870.99234305115 0.0262780129766786 0.9375
4870.99234305115 0.03125 0.94140625
4870.99234305115 0.037162722343835 0.9453125
4870.99234305115 0.0441941738241592 0.921875
4870.99234305115 0.0525560259533572 0.93359375
4870.99234305115 0.0625 0.9375
4870.99234305115 0.0743254446876701 0.9453125
