0.03125 3.0517578125E-05 0.642424242424242
0.03125 0.0001220703125 0.642424242424242
0.03125 0.00048828125 0.642424242424242
0.03125 0.001953125 0.642424242424242
0.03125 0.0078125 0.642424242424242
0.03125 0.03125 0.642424242424242
0.03125 0.125 0.642424242424242
0.03125 0.5 0.642424242424242
0.03125 2 0.642424242424242
0.03125 8 0.642424242424242
0.125 3.0517578125E-05 0.642424242424242
0.125 0.0001220703125 0.642424242424242
0.125 0.00048828125 0.642424242424242
0.125 0.001953125 0.642424242424242
0.125 0.0078125 0.642424242424242
0.125 0.03125 0.642424242424242
0.125 0.125 0.642424242424242
0.125 0.5 0.642424242424242
0.125 2 0.642424242424242
0.125 8 0.642424242424242
0.5 3.0517578125E-05 0.642424242424242
0.5 0.0001220703125 0.642424242424242
0.5 0.00048828125 0.642424242424242
0.5 0.001953125 0.642424242424242
0.5 0.0078125 0.642424242424242
0.5 0.03125 0.642424242424242
0.5 0.125 0.642424242424242
0.5 0.5 0.642424242424242
0.5 2 0.648484848484848
0.5 8 0.684848484848485
2 3.0517578125E-05 0.642424242424242
2 0.0001220703125 0.642424242424242
2 0.00048828125 0.642424242424242
2 0.001953125 0.642424242424242
2 0.0078125 0.642424242424242
2 0.03125 0.642424242424242
2 0.125 0.642424242424242
2 0.5 0.672727272727273
2 2 0.715151515151515
2 8 0.727272727272727
8 3.0517578125E-05 0.642424242424242
8 0.0001220703125 0.642424242424242
8 0.00048828125 0.642424242424242
8 0.001953125 0.642424242424242
8 0.0078125 0.642424242424242
8 0.03125 0.642424242424242
8 0.125 0.678787878787879
8 0.5 0.727272727272727
8 2 0.76969696969697
8 8 0.739393939393939
32 3.0517578125E-05 0.642424242424242
32 0.0001220703125 0.642424242424242
32 0.00048828125 0.642424242424242
32 0.001953125 0.642424242424242
32 0.0078125 0.642424242424242
32 0.03125 0.672727272727273
32 0.125 0.727272727272727
32 0.5 0.763636363636364
32 2 0.757575757575758
32 8 0.775757575757576
128 3.0517578125E-05 0.642424242424242
128 0.0001220703125 0.642424242424242
128 0.00048828125 0.642424242424242
128 0.001953125 0.642424242424242
128 0.0078125 0.666666666666667
128 0.03125 0.727272727272727
128 0.125 0.763636363636364
128 0.5 0.775757575757576
128 2 0.824242424242424
128 8 0.775757575757576
512 3.0517578125E-05 0.642424242424242
512 0.0001220703125 0.642424242424242
512 0.00048828125 0.642424242424242
512 0.001953125 0.684848484848485
512 0.0078125 0.727272727272727
512 0.03125 0.763636363636364
512 0.125 0.76969696969697
512 0.5 0.793939393939394
512 2 0.824242424242424
512 8 0.812121212121212
2048 3.0517578125E-05 0.642424242424242
2048 0.0001220703125 0.642424242424242
2048 0.00048828125 0.678787878787879
2048 0.001953125 0.727272727272727
2048 0.0078125 0.763636363636364
2048 0.03125 0.775757575757576
2048 0.125 0.83030303030303
2048 0.5 0.818181818181818
2048 2 0.806060606060606
2048 8 0.806060606060606
8192 3.0517578125E-05 0.642424242424242
8192 0.0001220703125 0.666666666666667
8192 0.00048828125 0.727272727272727
8192 0.001953125 0.763636363636364
8192 0.0078125 0.775757575757576
8192 0.03125 0.836363636363636
8192 0.125 0.866666666666667
8192 0.5 0.842424242424242
8192 2 0.812121212121212
8192 8 0.76969696969697
32768 3.0517578125E-05 0.672727272727273
32768 0.0001220703125 0.727272727272727
32768 0.00048828125 0.76969696969697
32768 0.001953125 0.763636363636364
32768 0.0078125 0.83030303030303
32768 0.03125 0.866666666666667
32768 0.125 0.842424242424242
32768 0.5 0.824242424242424
32768 2 0.793939393939394
32768 8 0.745454545454545
3444.31171687921 0.0525560259533572 0.818181818181818
3444.31171687921 0.0625 0.836363636363636
3444.31171687921 0.0743254446876701 0.812121212121212
3444.31171687921 0.0883883476483184 0.83030303030303
3444.31171687921 0.105112051906714 0.854545454545455
3444.31171687921 0.125 0.83030303030303
3444.31171687921 0.14865088937534 0.836363636363636
3444.31171687921 0.176776695296637 0.842424242424242
3444.31171687921 0.210224103813429 0.842424242424242
3444.31171687921 0.25 0.842424242424242
3444.31171687921 0.29730177875068 0.860606060606061
4096 0.0525560259533572 0.836363636363636
4096 0.0625 0.83030303030303
4096 0.0743254446876701 0.842424242424242
4096 0.0883883476483184 0.842424242424242
4096 0.105112051906714 0.848484848484849
4096 0.125 0.83030303030303
4096 0.14865088937534 0.83030303030303
4096 0.176776695296637 0.836363636363636
4096 0.210224103813429 0.848484848484849
4096 0.25 0.824242424242424
4096 0.29730177875068 0.848484848484849
4870.99234305115 0.0525560259533572 0.824242424242424
4870.99234305115 0.0625 0.842424242424242
4870.99234305115 0.0743254446876701 0.842424242424242
4870.99234305115 0.0883883476483184 0.860606060606061
4870.99234305115 0.105112051906714 0.854545454545455
4870.99234305115 0.125 0.848484848484849
4870.99234305115 0.14865088937534 0.842424242424242
4870.99234305115 0.176776695296637 0.83030303030303
4870.99234305115 0.210224103813429 0.842424242424242
4870.99234305115 0.25 0.860606060606061
4870.99234305115 0.29730177875068 0.836363636363636
5792.6187514802 0.0525560259533572 0.83030303030303
5792.6187514802 0.0625 0.854545454545455
5792.6187514802 0.0743254446876701 0.836363636363636
5792.6187514802 0.0883883476483184 0.854545454545455
5792.6187514802 0.105112051906714 0.854545454545455
5792.6187514802 0.125 0.836363636363636
5792.6187514802 0.14865088937534 0.854545454545455
5792.6187514802 0.176776695296637 0.854545454545455
5792.6187514802 0.210224103813429 0.866666666666667
5792.6187514802 0.25 0.878787878787879
5792.6187514802 0.29730177875068 0.866666666666667
6888.62343375843 0.0525560259533572 0.848484848484849
6888.62343375843 0.0625 0.854545454545455
6888.62343375843 0.0743254446876701 0.854545454545455
6888.62343375843 0.0883883476483184 0.848484848484849
6888.62343375843 0.105112051906714 0.854545454545455
6888.62343375843 0.125 0.854545454545455
6888.62343375843 0.14865088937534 0.866666666666667
6888.62343375843 0.176776695296637 0.848484848484849
6888.62343375843 0.210224103813429 0.878787878787879
6888.62343375843 0.25 0.878787878787879
6888.62343375843 0.29730177875068 0.878787878787879
9741.98468610229 0.0525560259533572 0.854545454545455
9741.98468610229 0.0625 0.860606060606061
9741.98468610229 0.0743254446876701 0.842424242424242
9741.98468610229 0.0883883476483184 0.83030303030303
9741.98468610229 0.105112051906714 0.848484848484849
9741.98468610229 0.125 0.872727272727273
9741.98468610229 0.14865088937534 0.866666666666667
9741.98468610229 0.176776695296637 0.818181818181818
9741.98468610229 0.210224103813429 0.854545454545455
9741.98468610229 0.25 0.836363636363636
9741.98468610229 0.29730177875068 0.860606060606061
11585.2375029604 0.0525560259533572 0.83030303030303
11585.2375029604 0.0625 0.818181818181818
11585.2375029604 0.0743254446876701 0.860606060606061
11585.2375029604 0.0883883476483184 0.860606060606061
11585.2375029604 0.105112051906714 0.842424242424242
11585.2375029604 0.125 0.854545454545455
11585.2375029604 0.14865088937534 0.872727272727273
11585.2375029604 0.176776695296637 0.860606060606061
11585.2375029604 0.210224103813429 0.854545454545455
11585.2375029604 0.25 0.854545454545455
11585.2375029604 0.29730177875068 0.83030303030303
13777.2468675169 0.0525560259533572 0.842424242424242
13777.2468675169 0.0625 0.872727272727273
13777.2468675169 0.0743254446876701 0.854545454545455
13777.2468675169 0.0883883476483184 0.860606060606061
13777.2468675169 0.105112051906714 0.860606060606061
13777.2468675169 0.125 0.872727272727273
13777.2468675169 0.14865088937534 0.890909090909091
13777.2468675169 0.176776695296637 0.824242424242424
13777.2468675169 0.210224103813429 0.860606060606061
13777.2468675169 0.25 0.854545454545455
13777.2468675169 0.29730177875068 0.8
16384 0.0525560259533572 0.854545454545455
16384 0.0625 0.860606060606061
16384 0.0743254446876701 0.866666666666667
16384 0.0883883476483184 0.872727272727273
16384 0.105112051906714 0.83030303030303
16384 0.125 0.878787878787879
16384 0.14865088937534 0.836363636363636
16384 0.176776695296637 0.860606060606061
16384 0.210224103813429 0.836363636363636
16384 0.25 0.806060606060606
16384 0.29730177875068 0.872727272727273
19483.9693722046 0.0525560259533572 0.854545454545455
19483.9693722046 0.0625 0.866666666666667
19483.9693722046 0.0743254446876701 0.848484848484849
19483.9693722046 0.0883883476483184 0.860606060606061
19483.9693722046 0.105112051906714 0.866666666666667
19483.9693722046 0.125 0.866666666666667
19483.9693722046 0.14865088937534 0.860606060606061
19483.9693722046 0.176776695296637 0.824242424242424
19483.9693722046 0.210224103813429 0.866666666666667
19483.9693722046 0.25 0.842424242424242
19483.9693722046 0.29730177875068 0.8
