labels 1 0 -1
-1 -1 8.91205574281262E-07 1.05891488770492E-06 0.999998049879538 
-1 -1 3.07376613656548E-07 3.67059142557007E-07 0.999999325564244 
-1 -1 1.26856405395391E-07 1.51724328292957E-07 0.999999721419266 
-1 -1 6.88722287171185E-08 8.23763758932425E-08 0.999999848751395 
-1 -1 5.55905739095803E-08 6.63306983208261E-08 0.999999878078728 
-1 -1 3.7993811067959E-08 4.5261036001459E-08 0.999999916745153 
-1 -1 2.88029391971186E-08 3.41694631769268E-08 0.999999937027598 
-1 -1 2.71292582501234E-08 3.17623011088484E-08 0.999999941108441 
-1 -1 1.679892129574E-07 1.89815839992119E-07 0.999999642194947 
