0.03125 3.0517578125E-05 0.501683501683502
0.03125 0.0001220703125 0.501683501683502
0.03125 0.00048828125 0.501683501683502
0.03125 0.001953125 0.501683501683502
0.03125 0.0078125 0.501683501683502
0.03125 0.03125 0.501683501683502
0.03125 0.125 0.501683501683502
0.03125 0.5 0.501683501683502
0.03125 2 0.501683501683502
0.03125 8 0.501683501683502
0.125 3.0517578125E-05 0.501683501683502
0.125 0.0001220703125 0.501683501683502
0.125 0.00048828125 0.501683501683502
0.125 0.001953125 0.501683501683502
0.125 0.0078125 0.501683501683502
0.125 0.03125 0.501683501683502
0.125 0.125 0.501683501683502
0.125 0.5 0.508417508417508
0.125 2 0.548821548821549
0.125 8 0.515151515151515
0.5 3.0517578125E-05 0.501683501683502
0.5 0.0001220703125 0.501683501683502
0.5 0.00048828125 0.501683501683502
0.5 0.001953125 0.501683501683502
0.5 0.0078125 0.501683501683502
0.5 0.03125 0.501683501683502
0.5 0.125 0.531986531986532
0.5 0.5 0.555555555555556
0.5 2 0.555555555555556
0.5 8 0.575757575757576
2 3.0517578125E-05 0.501683501683502
2 0.0001220703125 0.501683501683502
2 0.00048828125 0.501683501683502
2 0.001953125 0.501683501683502
2 0.0078125 0.501683501683502
2 0.03125 0.518518518518518
2 0.125 0.538720538720539
2 0.5 0.548821548821549
2 2 0.548821548821549
2 8 0.572390572390572
8 3.0517578125E-05 0.501683501683502
8 0.0001220703125 0.501683501683502
8 0.00048828125 0.501683501683502
8 0.001953125 0.501683501683502
8 0.0078125 0.515151515151515
8 0.03125 0.555555555555556
8 0.125 0.562289562289562
8 0.5 0.572390572390572
8 2 0.602693602693603
8 8 0.592592592592593
32 3.0517578125E-05 0.501683501683502
32 0.0001220703125 0.501683501683502
32 0.00048828125 0.501683501683502
32 0.001953125 0.498316498316498
32 0.0078125 0.572390572390572
32 0.03125 0.585858585858586
32 0.125 0.569023569023569
32 0.5 0.606060606060606
32 2 0.622895622895623
32 8 0.656565656565657
128 3.0517578125E-05 0.501683501683502
128 0.0001220703125 0.501683501683502
128 0.00048828125 0.521885521885522
128 0.001953125 0.558922558922559
128 0.0078125 0.592592592592593
128 0.03125 0.602693602693603
128 0.125 0.595959595959596
128 0.5 0.67003367003367
128 2 0.713804713804714
128 8 0.713804713804714
512 3.0517578125E-05 0.501683501683502
512 0.0001220703125 0.501683501683502
512 0.00048828125 0.569023569023569
512 0.001953125 0.585858585858586
512 0.0078125 0.612794612794613
512 0.03125 0.612794612794613
512 0.125 0.713804713804714
512 0.5 0.737373737373737
512 2 0.760942760942761
512 8 0.767676767676768
2048 3.0517578125E-05 0.484848484848485
2048 0.0001220703125 0.552188552188552
2048 0.00048828125 0.575757575757576
2048 0.001953125 0.599326599326599
2048 0.0078125 0.626262626262626
2048 0.03125 0.676767676767677
2048 0.125 0.750841750841751
2048 0.5 0.801346801346801
2048 2 0.784511784511784
2048 8 0.771043771043771
8192 3.0517578125E-05 0.562289562289562
8192 0.0001220703125 0.579124579124579
8192 0.00048828125 0.599326599326599
8192 0.001953125 0.622895622895623
8192 0.0078125 0.686868686868687
8192 0.03125 0.750841750841751
8192 0.125 0.794612794612795
8192 0.5 0.811447811447811
8192 2 0.791245791245791
8192 8 0.760942760942761
32768 3.0517578125E-05 0.582491582491583
32768 0.0001220703125 0.599326599326599
32768 0.00048828125 0.616161616161616
32768 0.001953125 0.696969696969697
32768 0.0078125 0.771043771043771
32768 0.03125 0.801346801346801
32768 0.125 0.808080808080808
32768 0.5 0.808080808080808
32768 2 0.781144781144781
32768 8 0.750841750841751
3444.31171687921 0.210224103813429 0.787878787878788
3444.31171687921 0.25 0.797979797979798
3444.31171687921 0.29730177875068 0.794612794612795
3444.31171687921 0.353553390593274 0.808080808080808
3444.31171687921 0.420448207626857 0.808080808080808
3444.31171687921 0.5 0.801346801346801
3444.31171687921 0.594603557501361 0.808080808080808
3444.31171687921 0.707106781186548 0.808080808080808
3444.31171687921 0.840896415253715 0.791245791245791
3444.31171687921 1 0.811447811447811
3444.31171687921 1.18920711500272 0.781144781144781
4096 0.210224103813429 0.791245791245791
4096 0.25 0.791245791245791
4096 0.29730177875068 0.811447811447811
4096 0.353553390593274 0.801346801346801
4096 0.420448207626857 0.797979797979798
4096 0.5 0.814814814814815
4096 0.594603557501361 0.811447811447811
4096 0.707106781186548 0.797979797979798
4096 0.840896415253715 0.801346801346801
4096 1 0.797979797979798
4096 1.18920711500272 0.804713804713805
4870.99234305115 0.210224103813429 0.801346801346801
4870.99234305115 0.25 0.801346801346801
4870.99234305115 0.29730177875068 0.801346801346801
4870.99234305115 0.353553390593274 0.808080808080808
4870.99234305115 0.420448207626857 0.794612794612795
4870.99234305115 0.5 0.814814814814815
4870.99234305115 0.594603557501361 0.797979797979798
4870.99234305115 0.707106781186548 0.797979797979798
4870.99234305115 0.840896415253715 0.791245791245791
4870.99234305115 1 0.794612794612795
4870.99234305115 1.18920711500272 0.804713804713805
5792.6187514802 0.210224103813429 0.808080808080808
5792.6187514802 0.25 0.808080808080808
5792.6187514802 0.29730177875068 0.791245791245791
5792.6187514802 0.353553390593274 0.801346801346801
5792.6187514802 0.420448207626857 0.808080808080808
5792.6187514802 0.5 0.804713804713805
5792.6187514802 0.594603557501361 0.818181818181818
5792.6187514802 0.707106781186548 0.818181818181818
5792.6187514802 0.840896415253715 0.801346801346801
5792.6187514802 1 0.784511784511784
5792.6187514802 1.18920711500272 0.794612794612795
6888.62343375843 0.210224103813429 0.811447811447811
6888.62343375843 0.25 0.811447811447811
6888.62343375843 0.29730177875068 0.794612794612795
6888.62343375843 0.353553390593274 0.808080808080808
6888.62343375843 0.420448207626857 0.821548821548822
6888.62343375843 0.5 0.824915824915825
6888.62343375843 0.594603557501361 0.801346801346801
6888.62343375843 0.707106781186548 0.811447811447811
6888.62343375843 0.840896415253715 0.794612794612795
6888.62343375843 1 0.784511784511784
6888.62343375843 1.18920711500272 0.797979797979798
9741.98468610229 0.210224103813429 0.804713804713805
9741.98468610229 0.25 0.811447811447811
9741.98468610229 0.29730177875068 0.794612794612795
9741.98468610229 0.353553390593274 0.784511784511784
9741.98468610229 0.420448207626857 0.818181818181818
9741.98468610229 0.5 0.811447811447811
9741.98468610229 0.594603557501361 0.794612794612795
9741.98468610229 0.707106781186548 0.791245791245791
9741.98468610229 0.840896415253715 0.804713804713805
9741.98468610229 1 0.794612794612795
9741.98468610229 1.18920711500272 0.797979797979798
11585.2375029604 0.210224103813429 0.797979797979798
11585.2375029604 0.25 0.777777777777778
11585.2375029604 0.29730177875068 0.824915824915825
11585.2375029604 0.353553390593274 0.808080808080808
11585.2375029604 0.420448207626857 0.801346801346801
11585.2375029604 0.5 0.801346801346801
11585.2375029604 0.594603557501361 0.821548821548822
11585.2375029604 0.707106781186548 0.818181818181818
11585.2375029604 0.840896415253715 0.784511784511784
11585.2375029604 1 0.794612794612795
11585.2375029604 1.18920711500272 0.787878787878788
13777.2468675169 0.210224103813429 0.791245791245791
13777.2468675169 0.25 0.814814814814815
13777.2468675169 0.29730177875068 0.811447811447811
13777.2468675169 0.353553390593274 0.804713804713805
13777.2468675169 0.420448207626857 0.804713804713805
13777.2468675169 0.5 0.821548821548822
13777.2468675169 0.594603557501361 0.801346801346801
13777.2468675169 0.707106781186548 0.791245791245791
13777.2468675169 0.840896415253715 0.804713804713805
13777.2468675169 1 0.797979797979798
13777.2468675169 1.18920711500272 0.791245791245791
16384 0.210224103813429 0.818181818181818
16384 0.25 0.811447811447811
16384 0.29730177875068 0.808080808080808
16384 0.353553390593274 0.831649831649832
16384 0.420448207626857 0.801346801346801
16384 0.5 0.801346801346801
16384 0.594603557501361 0.814814814814815
16384 0.707106781186548 0.787878787878788
16384 0.840896415253715 0.764309764309764
16384 1 0.791245791245791
16384 1.18920711500272 0.781144781144781
19483.9693722046 0.210224103813429 0.797979797979798
19483.9693722046 0.25 0.811447811447811
19483.9693722046 0.29730177875068 0.808080808080808
19483.9693722046 0.353553390593274 0.814814814814815
19483.9693722046 0.420448207626857 0.781144781144781
19483.9693722046 0.5 0.797979797979798
19483.9693722046 0.594603557501361 0.784511784511784
19483.9693722046 0.707106781186548 0.771043771043771
19483.9693722046 0.840896415253715 0.791245791245791
19483.9693722046 1 0.794612794612795
19483.9693722046 1.18920711500272 0.787878787878788
