0.03125 3.0517578125E-05 0.464566929133858
0.03125 0.0001220703125 0.464566929133858
0.03125 0.00048828125 0.464566929133858
0.03125 0.001953125 0.464566929133858
0.03125 0.0078125 0.464566929133858
0.03125 0.03125 0.464566929133858
0.03125 0.125 0.464566929133858
0.03125 0.5 0.486220472440945
0.03125 2 0.570866141732283
0.03125 8 0.551181102362205
0.125 3.0517578125E-05 0.464566929133858
0.125 0.0001220703125 0.464566929133858
0.125 0.00048828125 0.464566929133858
0.125 0.001953125 0.464566929133858
0.125 0.0078125 0.464566929133858
0.125 0.03125 0.464566929133858
0.125 0.125 0.559055118110236
0.125 0.5 0.570866141732283
0.125 2 0.568897637795276
0.125 8 0.572834645669291
0.5 3.0517578125E-05 0.464566929133858
0.5 0.0001220703125 0.464566929133858
0.5 0.00048828125 0.464566929133858
0.5 0.001953125 0.464566929133858
0.5 0.0078125 0.464566929133858
0.5 0.03125 0.580708661417323
0.5 0.125 0.570866141732283
0.5 0.5 0.570866141732283
0.5 2 0.568897637795276
0.5 8 0.584645669291339
2 3.0517578125E-05 0.464566929133858
2 0.0001220703125 0.464566929133858
2 0.00048828125 0.464566929133858
2 0.001953125 0.464566929133858
2 0.0078125 0.572834645669291
2 0.03125 0.570866141732283
2 0.125 0.590551181102362
2 0.5 0.594488188976378
2 2 0.622047244094488
2 8 0.655511811023622
8 3.0517578125E-05 0.464566929133858
8 0.0001220703125 0.464566929133858
8 0.00048828125 0.464566929133858
8 0.001953125 0.574803149606299
8 0.0078125 0.570866141732283
8 0.03125 0.580708661417323
8 0.125 0.598425196850394
8 0.5 0.631889763779528
8 2 0.673228346456693
8 8 0.68503937007874
32 3.0517578125E-05 0.464566929133858
32 0.0001220703125 0.464566929133858
32 0.00048828125 0.562992125984252
32 0.001953125 0.570866141732283
32 0.0078125 0.590551181102362
32 0.03125 0.606299212598425
32 0.125 0.651574803149606
32 0.5 0.690944881889764
32 2 0.726377952755906
32 8 0.724409448818898
128 3.0517578125E-05 0.464566929133858
128 0.0001220703125 0.578740157480315
128 0.00048828125 0.570866141732283
128 0.001953125 0.590551181102362
128 0.0078125 0.602362204724409
128 0.03125 0.651574803149606
128 0.125 0.669291338582677
128 0.5 0.734251968503937
128 2 0.779527559055118
128 8 0.755905511811024
512 3.0517578125E-05 0.566929133858268
512 0.0001220703125 0.570866141732283
512 0.00048828125 0.582677165354331
512 0.001953125 0.604330708661417
512 0.0078125 0.643700787401575
512 0.03125 0.68503937007874
512 0.125 0.724409448818898
512 0.5 0.791338582677165
512 2 0.807086614173228
512 8 0.773622047244094
2048 3.0517578125E-05 0.570866141732283
2048 0.0001220703125 0.588582677165354
2048 0.00048828125 0.604330708661417
2048 0.001953125 0.653543307086614
2048 0.0078125 0.661417322834646
2048 0.03125 0.767716535433071
2048 0.125 0.812992125984252
2048 0.5 0.828740157480315
2048 2 0.824803149606299
2048 8 0.785433070866142
8192 3.0517578125E-05 0.590551181102362
8192 0.0001220703125 0.596456692913386
8192 0.00048828125 0.649606299212598
8192 0.001953125 0.700787401574803
8192 0.0078125 0.789370078740158
8192 0.03125 0.803149606299213
8192 0.125 0.832677165354331
8192 0.5 0.826771653543307
8192 2 0.820866141732283
8192 8 0.773622047244094
32768 3.0517578125E-05 0.598425196850394
32768 0.0001220703125 0.659448818897638
32768 0.00048828125 0.687007874015748
32768 0.001953125 0.757874015748031
32768 0.0078125 0.793307086614173
32768 0.03125 0.844488188976378
32768 0.125 0.834645669291339
32768 0.5 0.826771653543307
32768 2 0.818897637795276
32768 8 0.795275590551181
13777.2468675169 0.0131390064883393 0.807086614173228
13777.2468675169 0.015625 0.78740157480315
13777.2468675169 0.0185813611719175 0.807086614173228
13777.2468675169 0.0220970869120796 0.816929133858268
13777.2468675169 0.0262780129766786 0.822834645669291
13777.2468675169 0.03125 0.812992125984252
13777.2468675169 0.037162722343835 0.828740157480315
13777.2468675169 0.0441941738241592 0.836614173228346
13777.2468675169 0.0525560259533572 0.828740157480315
13777.2468675169 0.0625 0.830708661417323
13777.2468675169 0.0743254446876701 0.836614173228346
16384 0.0131390064883393 0.797244094488189
16384 0.015625 0.803149606299213
16384 0.0185813611719175 0.812992125984252
16384 0.0220970869120796 0.828740157480315
16384 0.0262780129766786 0.816929133858268
16384 0.03125 0.826771653543307
16384 0.037162722343835 0.834645669291339
16384 0.0441941738241592 0.830708661417323
16384 0.0525560259533572 0.836614173228346
16384 0.0625 0.826771653543307
16384 0.0743254446876701 0.828740157480315
19483.9693722046 0.0131390064883393 0.797244094488189
19483.9693722046 0.015625 0.81496062992126
19483.9693722046 0.0185813611719175 0.818897637795276
19483.9693722046 0.0220970869120796 0.818897637795276
19483.9693722046 0.0262780129766786 0.834645669291339
19483.9693722046 0.03125 0.834645669291339
19483.9693722046 0.037162722343835 0.832677165354331
19483.9693722046 0.0441941738241592 0.826771653543307
19483.9693722046 0.0525560259533572 0.830708661417323
19483.9693722046 0.0625 0.838582677165354
19483.9693722046 0.0743254446876701 0.84251968503937
23170.4750059208 0.0131390064883393 0.811023622047244
23170.4750059208 0.015625 0.816929133858268
23170.4750059208 0.0185813611719175 0.822834645669291
23170.4750059208 0.0220970869120796 0.816929133858268
23170.4750059208 0.0262780129766786 0.826771653543307
23170.4750059208 0.03125 0.832677165354331
23170.4750059208 0.037162722343835 0.832677165354331
23170.4750059208 0.0441941738241592 0.826771653543307
23170.4750059208 0.0525560259533572 0.832677165354331
23170.4750059208 0.0625 0.832677165354331
23170.4750059208 0.0743254446876701 0.846456692913386
27554.4937350337 0.0131390064883393 0.812992125984252
27554.4937350337 0.015625 0.820866141732283
27554.4937350337 0.0185813611719175 0.828740157480315
27554.4937350337 0.0220970869120796 0.830708661417323
27554.4937350337 0.0262780129766786 0.834645669291339
27554.4937350337 0.03125 0.832677165354331
27554.4937350337 0.037162722343835 0.838582677165354
27554.4937350337 0.0441941738241592 0.832677165354331
27554.4937350337 0.0525560259533572 0.844488188976378
27554.4937350337 0.0625 0.830708661417323
27554.4937350337 0.0743254446876701 0.840551181102362
38967.9387444092 0.0131390064883393 0.830708661417323
38967.9387444092 0.015625 0.824803149606299
38967.9387444092 0.0185813611719175 0.832677165354331
38967.9387444092 0.0220970869120796 0.832677165354331
38967.9387444092 0.0262780129766786 0.826771653543307
38967.9387444092 0.03125 0.838582677165354
38967.9387444092 0.037162722343835 0.838582677165354
38967.9387444092 0.0441941738241592 0.834645669291339
38967.9387444092 0.0525560259533572 0.844488188976378
38967.9387444092 0.0625 0.836614173228346
38967.9387444092 0.0743254446876701 0.836614173228346
46340.9500118416 0.0131390064883393 0.818897637795276
46340.9500118416 0.015625 0.826771653543307
46340.9500118416 0.0185813611719175 0.832677165354331
46340.9500118416 0.0220970869120796 0.844488188976378
46340.9500118416 0.0262780129766786 0.834645669291339
46340.9500118416 0.03125 0.838582677165354
46340.9500118416 0.037162722343835 0.836614173228346
46340.9500118416 0.0441941738241592 0.822834645669291
46340.9500118416 0.0525560259533572 0.836614173228346
46340.9500118416 0.0625 0.826771653543307
46340.9500118416 0.0743254446876701 0.834645669291339
55108.9874700674 0.0131390064883393 0.832677165354331
55108.9874700674 0.015625 0.838582677165354
55108.9874700674 0.0185813611719175 0.840551181102362
55108.9874700674 0.0220970869120796 0.834645669291339
55108.9874700674 0.0262780129766786 0.838582677165354
55108.9874700674 0.03125 0.840551181102362
55108.9874700674 0.037162722343835 0.826771653543307
55108.9874700674 0.0441941738241592 0.840551181102362
55108.9874700674 0.0525560259533572 0.84251968503937
55108.9874700674 0.0625 0.834645669291339
55108.9874700674 0.0743254446876701 0.824803149606299
65536 0.0131390064883393 0.832677165354331
65536 0.015625 0.824803149606299
65536 0.0185813611719175 0.836614173228346
65536 0.0220970869120796 0.824803149606299
65536 0.0262780129766786 0.840551181102362
65536 0.03125 0.834645669291339
65536 0.037162722343835 0.834645669291339
65536 0.0441941738241592 0.84251968503937
65536 0.0525560259533572 0.840551181102362
65536 0.0625 0.830708661417323
65536 0.0743254446876701 0.846456692913386
77935.8774888183 0.0131390064883393 0.818897637795276
77935.8774888183 0.015625 0.834645669291339
77935.8774888183 0.0185813611719175 0.828740157480315
77935.8774888183 0.0220970869120796 0.838582677165354
77935.8774888183 0.0262780129766786 0.840551181102362
77935.8774888183 0.03125 0.830708661417323
77935.8774888183 0.037162722343835 0.840551181102362
77935.8774888183 0.0441941738241592 0.834645669291339
77935.8774888183 0.0525560259533572 0.834645669291339
77935.8774888183 0.0625 0.828740157480315
77935.8774888183 0.0743254446876701 0.830708661417323
