0.03125 3.0517578125E-05 0.540322580645161
0.03125 0.0001220703125 0.540322580645161
0.03125 0.00048828125 0.540322580645161
0.03125 0.001953125 0.540322580645161
0.03125 0.0078125 0.540322580645161
0.03125 0.03125 0.540322580645161
0.03125 0.125 0.540322580645161
0.03125 0.5 0.540322580645161
0.03125 2 0.540322580645161
0.03125 8 0.540322580645161
0.125 3.0517578125E-05 0.540322580645161
0.125 0.0001220703125 0.540322580645161
0.125 0.00048828125 0.540322580645161
0.125 0.001953125 0.540322580645161
0.125 0.0078125 0.540322580645161
0.125 0.03125 0.540322580645161
0.125 0.125 0.540322580645161
0.125 0.5 0.540322580645161
0.125 2 0.540322580645161
0.125 8 0.540322580645161
0.5 3.0517578125E-05 0.540322580645161
0.5 0.0001220703125 0.540322580645161
0.5 0.00048828125 0.540322580645161
0.5 0.001953125 0.540322580645161
0.5 0.0078125 0.540322580645161
0.5 0.03125 0.540322580645161
0.5 0.125 0.540322580645161
0.5 0.5 0.540322580645161
0.5 2 0.540322580645161
0.5 8 0.540322580645161
2 3.0517578125E-05 0.540322580645161
2 0.0001220703125 0.540322580645161
2 0.00048828125 0.540322580645161
2 0.001953125 0.540322580645161
2 0.0078125 0.540322580645161
2 0.03125 0.540322580645161
2 0.125 0.540322580645161
2 0.5 0.540322580645161
2 2 0.516129032258065
2 8 0.451612903225806
8 3.0517578125E-05 0.540322580645161
8 0.0001220703125 0.540322580645161
8 0.00048828125 0.540322580645161
8 0.001953125 0.540322580645161
8 0.0078125 0.540322580645161
8 0.03125 0.540322580645161
8 0.125 0.540322580645161
8 0.5 0.532258064516129
8 2 0.532258064516129
8 8 0.524193548387097
32 3.0517578125E-05 0.540322580645161
32 0.0001220703125 0.540322580645161
32 0.00048828125 0.540322580645161
32 0.001953125 0.540322580645161
32 0.0078125 0.540322580645161
32 0.03125 0.540322580645161
32 0.125 0.540322580645161
32 0.5 0.524193548387097
32 2 0.516129032258065
32 8 0.467741935483871
128 3.0517578125E-05 0.540322580645161
128 0.0001220703125 0.540322580645161
128 0.00048828125 0.540322580645161
128 0.001953125 0.540322580645161
128 0.0078125 0.540322580645161
128 0.03125 0.532258064516129
128 0.125 0.57258064516129
128 0.5 0.588709677419355
128 2 0.556451612903226
128 8 0.548387096774194
512 3.0517578125E-05 0.540322580645161
512 0.0001220703125 0.540322580645161
512 0.00048828125 0.540322580645161
512 0.001953125 0.540322580645161
512 0.0078125 0.548387096774194
512 0.03125 0.548387096774194
512 0.125 0.629032258064516
512 0.5 0.629032258064516
512 2 0.637096774193548
512 8 0.661290322580645
2048 3.0517578125E-05 0.540322580645161
2048 0.0001220703125 0.540322580645161
2048 0.00048828125 0.540322580645161
2048 0.001953125 0.532258064516129
2048 0.0078125 0.548387096774194
2048 0.03125 0.604838709677419
2048 0.125 0.645161290322581
2048 0.5 0.661290322580645
2048 2 0.717741935483871
2048 8 0.741935483870968
8192 3.0517578125E-05 0.540322580645161
8192 0.0001220703125 0.540322580645161
8192 0.00048828125 0.548387096774194
8192 0.001953125 0.532258064516129
8192 0.0078125 0.645161290322581
8192 0.03125 0.67741935483871
8192 0.125 0.67741935483871
8192 0.5 0.733870967741936
8192 2 0.75
8192 8 0.709677419354839
32768 3.0517578125E-05 0.540322580645161
32768 0.0001220703125 0.532258064516129
32768 0.00048828125 0.548387096774194
32768 0.001953125 0.637096774193548
32768 0.0078125 0.645161290322581
32768 0.03125 0.637096774193548
32768 0.125 0.75
32768 0.5 0.741935483870968
32768 2 0.798387096774194
32768 8 0.709677419354839
13777.2468675169 0.840896415253715 0.733870967741936
13777.2468675169 1 0.75
13777.2468675169 1.18920711500272 0.75
13777.2468675169 1.4142135623731 0.717741935483871
13777.2468675169 1.68179283050743 0.709677419354839
13777.2468675169 2 0.75
13777.2468675169 2.37841423000544 0.741935483870968
13777.2468675169 2.82842712474619 0.774193548387097
13777.2468675169 3.36358566101486 0.741935483870968
13777.2468675169 4 0.741935483870968
13777.2468675169 4.75682846001088 0.709677419354839
16384 0.840896415253715 0.774193548387097
16384 1 0.758064516129032
16384 1.18920711500272 0.758064516129032
16384 1.4142135623731 0.725806451612903
16384 1.68179283050743 0.717741935483871
16384 2 0.758064516129032
16384 2.37841423000544 0.725806451612903
16384 2.82842712474619 0.733870967741936
16384 3.36358566101486 0.685483870967742
16384 4 0.741935483870968
16384 4.75682846001088 0.758064516129032
19483.9693722046 0.840896415253715 0.758064516129032
19483.9693722046 1 0.741935483870968
19483.9693722046 1.18920711500272 0.685483870967742
19483.9693722046 1.4142135623731 0.67741935483871
19483.9693722046 1.68179283050743 0.717741935483871
19483.9693722046 2 0.717741935483871
19483.9693722046 2.37841423000544 0.766129032258065
19483.9693722046 2.82842712474619 0.790322580645161
19483.9693722046 3.36358566101486 0.790322580645161
19483.9693722046 4 0.741935483870968
19483.9693722046 4.75682846001088 0.790322580645161
23170.4750059208 0.840896415253715 0.725806451612903
23170.4750059208 1 0.741935483870968
23170.4750059208 1.18920711500272 0.733870967741936
23170.4750059208 1.4142135623731 0.758064516129032
23170.4750059208 1.68179283050743 0.709677419354839
23170.4750059208 2 0.766129032258065
23170.4750059208 2.37841423000544 0.75
23170.4750059208 2.82842712474619 0.758064516129032
23170.4750059208 3.36358566101486 0.774193548387097
23170.4750059208 4 0.701612903225806
23170.4750059208 4.75682846001088 0.766129032258065
27554.4937350337 0.840896415253715 0.766129032258065
27554.4937350337 1 0.733870967741936
27554.4937350337 1.18920711500272 0.741935483870968
27554.4937350337 1.4142135623731 0.741935483870968
27554.4937350337 1.68179283050743 0.766129032258065
27554.4937350337 2 0.790322580645161
27554.4937350337 2.37841423000544 0.717741935483871
27554.4937350337 2.82842712474619 0.67741935483871
27554.4937350337 3.36358566101486 0.709677419354839
27554.4937350337 4 0.766129032258065
27554.4937350337 4.75682846001088 0.725806451612903
38967.9387444092 0.840896415253715 0.790322580645161
38967.9387444092 1 0.75
38967.9387444092 1.18920711500272 0.75
38967.9387444092 1.4142135623731 0.774193548387097
38967.9387444092 1.68179283050743 0.766129032258065
38967.9387444092 2 0.733870967741936
38967.9387444092 2.37841423000544 0.741935483870968
38967.9387444092 2.82842712474619 0.75
38967.9387444092 3.36358566101486 0.758064516129032
38967.9387444092 4 0.75
38967.9387444092 4.75682846001088 0.717741935483871
46340.9500118416 0.840896415253715 0.774193548387097
46340.9500118416 1 0.741935483870968
46340.9500118416 1.18920711500272 0.75
46340.9500118416 1.4142135623731 0.798387096774194
46340.9500118416 1.68179283050743 0.790322580645161
46340.9500118416 2 0.75
46340.9500118416 2.37841423000544 0.774193548387097
46340.9500118416 2.82842712474619 0.758064516129032
46340.9500118416 3.36358566101486 0.758064516129032
46340.9500118416 4 0.717741935483871
46340.9500118416 4.75682846001088 0.701612903225806
55108.9874700674 0.840896415253715 0.741935483870968
55108.9874700674 1 0.709677419354839
55108.9874700674 1.18920711500272 0.766129032258065
55108.9874700674 1.4142135623731 0.766129032258065
55108.9874700674 1.68179283050743 0.75
55108.9874700674 2 0.766129032258065
55108.9874700674 2.37841423000544 0.733870967741936
55108.9874700674 2.82842712474619 0.774193548387097
55108.9874700674 3.36358566101486 0.774193548387097
55108.9874700674 4 0.758064516129032
55108.9874700674 4.75682846001088 0.758064516129032
65536 0.840896415253715 0.741935483870968
65536 1 0.733870967741936
65536 1.18920711500272 0.741935483870968
65536 1.4142135623731 0.766129032258065
65536 1.68179283050743 0.733870967741936
65536 2 0.774193548387097
65536 2.37841423000544 0.717741935483871
65536 2.82842712474619 0.741935483870968
65536 3.36358566101486 0.758064516129032
65536 4 0.725806451612903
65536 4.75682846001088 0.75
77935.8774888183 0.840896415253715 0.741935483870968
77935.8774888183 1 0.741935483870968
77935.8774888183 1.18920711500272 0.725806451612903
77935.8774888183 1.4142135623731 0.790322580645161
77935.8774888183 1.68179283050743 0.790322580645161
77935.8774888183 2 0.782258064516129
77935.8774888183 2.37841423000544 0.725806451612903
77935.8774888183 2.82842712474619 0.774193548387097
77935.8774888183 3.36358566101486 0.733870967741936
77935.8774888183 4 0.733870967741936
77935.8774888183 4.75682846001088 0.717741935483871
