0.03125 3.0517578125E-05 0.4
0.03125 0.0001220703125 0.4
0.03125 0.00048828125 0.4
0.03125 0.001953125 0.4
0.03125 0.0078125 0.4
0.03125 0.03125 0.4
0.03125 0.125 0.4
0.03125 0.5 0.4
0.03125 2 0.4
0.03125 8 0.4
0.125 3.0517578125E-05 0.4
0.125 0.0001220703125 0.4
0.125 0.00048828125 0.4
0.125 0.001953125 0.4
0.125 0.0078125 0.4
0.125 0.03125 0.4
0.125 0.125 0.4
0.125 0.5 0.490909090909091
0.125 2 0.538181818181818
0.125 8 0.56
0.5 3.0517578125E-05 0.4
0.5 0.0001220703125 0.4
0.5 0.00048828125 0.4
0.5 0.001953125 0.4
0.5 0.0078125 0.4
0.5 0.03125 0.4
0.5 0.125 0.494545454545455
0.5 0.5 0.563636363636364
0.5 2 0.650909090909091
0.5 8 0.698181818181818
2 3.0517578125E-05 0.4
2 0.0001220703125 0.4
2 0.00048828125 0.4
2 0.001953125 0.4
2 0.0078125 0.4
2 0.03125 0.490909090909091
2 0.125 0.581818181818182
2 0.5 0.683636363636364
2 2 0.727272727272727
2 8 0.745454545454545
8 3.0517578125E-05 0.4
8 0.0001220703125 0.4
8 0.00048828125 0.4
8 0.001953125 0.4
8 0.0078125 0.494545454545455
8 0.03125 0.563636363636364
8 0.125 0.709090909090909
8 0.5 0.734545454545455
8 2 0.785454545454545
8 8 0.785454545454545
32 3.0517578125E-05 0.4
32 0.0001220703125 0.4
32 0.00048828125 0.4
32 0.001953125 0.490909090909091
32 0.0078125 0.581818181818182
32 0.03125 0.683636363636364
32 0.125 0.730909090909091
32 0.5 0.792727272727273
32 2 0.84
32 8 0.781818181818182
128 3.0517578125E-05 0.4
128 0.0001220703125 0.4
128 0.00048828125 0.490909090909091
128 0.001953125 0.567272727272727
128 0.0078125 0.694545454545455
128 0.03125 0.756363636363636
128 0.125 0.803636363636364
128 0.5 0.84
128 2 0.84
128 8 0.825454545454545
512 3.0517578125E-05 0.4
512 0.0001220703125 0.487272727272727
512 0.00048828125 0.556363636363636
512 0.001953125 0.701818181818182
512 0.0078125 0.763636363636364
512 0.03125 0.807272727272727
512 0.125 0.869090909090909
512 0.5 0.847272727272727
512 2 0.858181818181818
512 8 0.810909090909091
2048 3.0517578125E-05 0.498181818181818
2048 0.0001220703125 0.585454545454545
2048 0.00048828125 0.716363636363636
2048 0.001953125 0.752727272727273
2048 0.0078125 0.814545454545455
2048 0.03125 0.865454545454545
2048 0.125 0.854545454545455
2048 0.5 0.854545454545455
2048 2 0.850909090909091
2048 8 0.818181818181818
8192 3.0517578125E-05 0.578181818181818
8192 0.0001220703125 0.701818181818182
8192 0.00048828125 0.763636363636364
8192 0.001953125 0.807272727272727
8192 0.0078125 0.836363636363636
8192 0.03125 0.854545454545455
8192 0.125 0.858181818181818
8192 0.5 0.818181818181818
8192 2 0.789090909090909
8192 8 0.796363636363636
32768 3.0517578125E-05 0.698181818181818
32768 0.0001220703125 0.741818181818182
32768 0.00048828125 0.814545454545455
32768 0.001953125 0.832727272727273
32768 0.0078125 0.836363636363636
32768 0.03125 0.872727272727273
32768 0.125 0.872727272727273
32768 0.5 0.854545454545455
32768 2 0.810909090909091
32768 8 0.76
13777.2468675169 0.0131390064883393 0.847272727272727
13777.2468675169 0.015625 0.836363636363636
13777.2468675169 0.0185813611719175 0.850909090909091
13777.2468675169 0.0220970869120796 0.861818181818182
13777.2468675169 0.0262780129766786 0.865454545454545
13777.2468675169 0.03125 0.825454545454545
13777.2468675169 0.037162722343835 0.861818181818182
13777.2468675169 0.0441941738241592 0.850909090909091
13777.2468675169 0.0525560259533572 0.854545454545455
13777.2468675169 0.0625 0.861818181818182
13777.2468675169 0.0743254446876701 0.854545454545455
16384 0.0131390064883393 0.836363636363636
16384 0.015625 0.847272727272727
16384 0.0185813611719175 0.825454545454545
16384 0.0220970869120796 0.876363636363636
16384 0.0262780129766786 0.836363636363636
16384 0.03125 0.865454545454545
16384 0.037162722343835 0.869090909090909
16384 0.0441941738241592 0.876363636363636
16384 0.0525560259533572 0.843636363636364
16384 0.0625 0.861818181818182
16384 0.0743254446876701 0.865454545454545
19483.9693722046 0.0131390064883393 0.836363636363636
19483.9693722046 0.015625 0.865454545454545
19483.9693722046 0.0185813611719175 0.836363636363636
19483.9693722046 0.0220970869120796 0.869090909090909
19483.9693722046 0.0262780129766786 0.843636363636364
19483.9693722046 0.03125 0.854545454545455
19483.9693722046 0.037162722343835 0.865454545454545
19483.9693722046 0.0441941738241592 0.869090909090909
19483.9693722046 0.0525560259533572 0.858181818181818
19483.9693722046 0.0625 0.858181818181818
19483.9693722046 0.0743254446876701 0.832727272727273
23170.4750059208 0.0131390064883393 0.843636363636364
23170.4750059208 0.015625 0.865454545454545
23170.4750059208 0.0185813611719175 0.850909090909091
23170.4750059208 0.0220970869120796 0.847272727272727
23170.4750059208 0.0262780129766786 0.865454545454545
23170.4750059208 0.03125 0.876363636363636
23170.4750059208 0.037162722343835 0.861818181818182
23170.4750059208 0.0441941738241592 0.854545454545455
23170.4750059208 0.0525560259533572 0.854545454545455
23170.4750059208 0.0625 0.872727272727273
23170.4750059208 0.0743254446876701 0.847272727272727
27554.4937350337 0.0131390064883393 0.861818181818182
27554.4937350337 0.015625 0.850909090909091
27554.4937350337 0.0185813611719175 0.850909090909091
27554.4937350337 0.0220970869120796 0.876363636363636
27554.4937350337 0.0262780129766786 0.854545454545455
27554.4937350337 0.03125 0.850909090909091
27554.4937350337 0.037162722343835 0.865454545454545
27554.4937350337 0.0441941738241592 0.858181818181818
27554.4937350337 0.0525560259533572 0.876363636363636
27554.4937350337 0.0625 0.861818181818182
27554.4937350337 0.0743254446876701 0.88
38967.9387444092 0.0131390064883393 0.84
38967.9387444092 0.015625 0.858181818181818
38967.9387444092 0.0185813611719175 0.84
38967.9387444092 0.0220970869120796 0.872727272727273
38967.9387444092 0.0262780129766786 0.858181818181818
38967.9387444092 0.03125 0.850909090909091
38967.9387444092 0.037162722343835 0.876363636363636
38967.9387444092 0.0441941738241592 0.872727272727273
38967.9387444092 0.0525560259533572 0.861818181818182
38967.9387444092 0.0625 0.890909090909091
38967.9387444092 0.0743254446876701 0.901818181818182
46340.9500118416 0.0131390064883393 0.850909090909091
46340.9500118416 0.015625 0.854545454545455
46340.9500118416 0.0185813611719175 0.832727272727273
46340.9500118416 0.0220970869120796 0.858181818181818
46340.9500118416 0.0262780129766786 0.872727272727273
46340.9500118416 0.03125 0.854545454545455
46340.9500118416 0.037162722343835 0.861818181818182
46340.9500118416 0.0441941738241592 0.887272727272727
46340.9500118416 0.0525560259533572 0.872727272727273
46340.9500118416 0.0625 0.869090909090909
46340.9500118416 0.0743254446876701 0.872727272727273
55108.9874700674 0.0131390064883393 0.850909090909091
55108.9874700674 0.015625 0.854545454545455
55108.9874700674 0.0185813611719175 0.854545454545455
55108.9874700674 0.0220970869120796 0.854545454545455
55108.9874700674 0.0262780129766786 0.861818181818182
55108.9874700674 0.03125 0.861818181818182
55108.9874700674 0.037162722343835 0.861818181818182
55108.9874700674 0.0441941738241592 0.84
55108.9874700674 0.0525560259533572 0.854545454545455
55108.9874700674 0.0625 0.836363636363636
55108.9874700674 0.0743254446876701 0.850909090909091
65536 0.0131390064883393 0.865454545454545
65536 0.015625 0.836363636363636
65536 0.0185813611719175 0.869090909090909
65536 0.0220970869120796 0.861818181818182
65536 0.0262780129766786 0.861818181818182
65536 0.03125 0.832727272727273
65536 0.037162722343835 0.836363636363636
65536 0.0441941738241592 0.890909090909091
65536 0.0525560259533572 0.869090909090909
65536 0.0625 0.883636363636364
65536 0.0743254446876701 0.883636363636364
77935.8774888183 0.0131390064883393 0.850909090909091
77935.8774888183 0.015625 0.858181818181818
77935.8774888183 0.0185813611719175 0.865454545454545
77935.8774888183 0.0220970869120796 0.872727272727273
77935.8774888183 0.0262780129766786 0.88
77935.8774888183 0.03125 0.883636363636364
77935.8774888183 0.037162722343835 0.858181818181818
77935.8774888183 0.0441941738241592 0.883636363636364
77935.8774888183 0.0525560259533572 0.88
77935.8774888183 0.0625 0.861818181818182
77935.8774888183 0.0743254446876701 0.890909090909091
