0.03125 3.0517578125E-05 0.457967377666248
0.03125 0.0001220703125 0.457967377666248
0.03125 0.00048828125 0.457967377666248
0.03125 0.001953125 0.457967377666248
0.03125 0.0078125 0.457967377666248
0.03125 0.03125 0.457967377666248
0.03125 0.125 0.457967377666248
0.03125 0.5 0.457967377666248
0.03125 2 0.457967377666248
0.03125 8 0.457967377666248
0.125 3.0517578125E-05 0.457967377666248
0.125 0.0001220703125 0.457967377666248
0.125 0.00048828125 0.457967377666248
0.125 0.001953125 0.457967377666248
0.125 0.0078125 0.457967377666248
0.125 0.03125 0.457967377666248
0.125 0.125 0.457967377666248
0.125 0.5 0.500627352572146
0.125 2 0.554579673776663
0.125 8 0.57465495608532
0.5 3.0517578125E-05 0.457967377666248
0.5 0.0001220703125 0.457967377666248
0.5 0.00048828125 0.457967377666248
0.5 0.001953125 0.457967377666248
0.5 0.0078125 0.457967377666248
0.5 0.03125 0.457967377666248
0.5 0.125 0.473023839397742
0.5 0.5 0.59723964868256
0.5 2 0.633626097867001
0.5 8 0.636135508155583
2 3.0517578125E-05 0.457967377666248
2 0.0001220703125 0.457967377666248
2 0.00048828125 0.457967377666248
2 0.001953125 0.457967377666248
2 0.0078125 0.457967377666248
2 0.03125 0.469259723964868
2 0.125 0.618569636135508
2 0.5 0.66624843161857
2 2 0.691342534504391
2 8 0.686323713927227
8 3.0517578125E-05 0.457967377666248
8 0.0001220703125 0.457967377666248
8 0.00048828125 0.457967377666248
8 0.001953125 0.457967377666248
8 0.0078125 0.474278544542033
8 0.03125 0.594730238393977
8 0.125 0.661229611041405
8 0.5 0.71267252195734
8 2 0.737766624843162
8 8 0.736511919698871
32 3.0517578125E-05 0.457967377666248
32 0.0001220703125 0.457967377666248
32 0.00048828125 0.457967377666248
32 0.001953125 0.473023839397742
32 0.0078125 0.59723964868256
32 0.03125 0.685069008782936
32 0.125 0.734002509410289
32 0.5 0.757841907151819
32 2 0.795483061480552
32 8 0.779171894604768
128 3.0517578125E-05 0.457967377666248
128 0.0001220703125 0.457967377666248
128 0.00048828125 0.469259723964868
128 0.001953125 0.624843161856964
128 0.0078125 0.692597239648683
128 0.03125 0.742785445420326
128 0.125 0.762860727728984
128 0.5 0.782936010037641
128 2 0.784190715181932
128 8 0.765370138017566
512 3.0517578125E-05 0.457967377666248
512 0.0001220703125 0.47176913425345
512 0.00048828125 0.59723964868256
512 0.001953125 0.688833124215809
512 0.0078125 0.745294855708908
512 0.03125 0.77038895859473
512 0.125 0.787954830614806
512 0.5 0.81555834378921
512 2 0.801756587202007
512 8 0.784190715181932
2048 3.0517578125E-05 0.475533249686324
2048 0.0001220703125 0.601003764115433
2048 0.00048828125 0.683814303638645
2048 0.001953125 0.73525721455458
2048 0.0078125 0.77038895859473
2048 0.03125 0.800501882057716
2048 0.125 0.814303638644918
2048 0.5 0.820577164366374
2048 2 0.823086574654956
2048 8 0.808030112923463
8192 3.0517578125E-05 0.612296110414053
8192 0.0001220703125 0.685069008782936
8192 0.00048828125 0.731493099121706
8192 0.001953125 0.767879548306148
8192 0.0078125 0.790464240903388
8192 0.03125 0.809284818067754
8192 0.125 0.824341279799247
8192 0.5 0.836888331242158
8192 2 0.825595984943538
8192 8 0.787954830614806
32768 3.0517578125E-05 0.668757841907152
32768 0.0001220703125 0.736511919698871
32768 0.00048828125 0.762860727728984
32768 0.001953125 0.794228356336261
32768 0.0078125 0.81555834378921
32768 0.03125 0.82810539523212
32768 0.125 0.834378920953576
32768 0.5 0.834378920953576
32768 2 0.824341279799247
32768 8 0.795483061480552
3444.31171687921 0.210224103813429 0.829360100376412
3444.31171687921 0.25 0.818067754077792
3444.31171687921 0.29730177875068 0.820577164366374
3444.31171687921 0.353553390593274 0.819322459222083
3444.31171687921 0.420448207626857 0.81555834378921
3444.31171687921 0.5 0.826850690087829
3444.31171687921 0.594603557501361 0.818067754077792
3444.31171687921 0.707106781186548 0.823086574654956
3444.31171687921 0.840896415253715 0.809284818067754
3444.31171687921 1 0.814303638644918
3444.31171687921 1.18920711500272 0.819322459222083
4096 0.210224103813429 0.830614805520703
4096 0.25 0.816813048933501
4096 0.29730177875068 0.813048933500627
4096 0.353553390593274 0.818067754077792
4096 0.420448207626857 0.816813048933501
4096 0.5 0.81555834378921
4096 0.594603557501361 0.821831869510665
4096 0.707106781186548 0.808030112923463
4096 0.840896415253715 0.830614805520703
4096 1 0.821831869510665
4096 1.18920711500272 0.808030112923463
4870.99234305115 0.210224103813429 0.834378920953576
4870.99234305115 0.25 0.824341279799247
4870.99234305115 0.29730177875068 0.825595984943538
4870.99234305115 0.353553390593274 0.82810539523212
4870.99234305115 0.420448207626857 0.824341279799247
4870.99234305115 0.5 0.820577164366374
4870.99234305115 0.594603557501361 0.833124215809285
4870.99234305115 0.707106781186548 0.831869510664994
4870.99234305115 0.840896415253715 0.81555834378921
4870.99234305115 1 0.825595984943538
4870.99234305115 1.18920711500272 0.818067754077792
5792.6187514802 0.210224103813429 0.824341279799247
5792.6187514802 0.25 0.82810539523212
5792.6187514802 0.29730177875068 0.813048933500627
5792.6187514802 0.353553390593274 0.810539523212045
5792.6187514802 0.420448207626857 0.831869510664994
5792.6187514802 0.5 0.818067754077792
5792.6187514802 0.594603557501361 0.833124215809285
5792.6187514802 0.707106781186548 0.819322459222083
5792.6187514802 0.840896415253715 0.833124215809285
5792.6187514802 1 0.824341279799247
5792.6187514802 1.18920711500272 0.824341279799247
6888.62343375843 0.210224103813429 0.823086574654956
6888.62343375843 0.25 0.829360100376412
6888.62343375843 0.29730177875068 0.824341279799247
6888.62343375843 0.353553390593274 0.826850690087829
6888.62343375843 0.420448207626857 0.826850690087829
6888.62343375843 0.5 0.823086574654956
6888.62343375843 0.594603557501361 0.820577164366374
6888.62343375843 0.707106781186548 0.830614805520703
6888.62343375843 0.840896415253715 0.820577164366374
6888.62343375843 1 0.810539523212045
6888.62343375843 1.18920711500272 0.811794228356336
9741.98468610229 0.210224103813429 0.831869510664994
9741.98468610229 0.25 0.824341279799247
9741.98468610229 0.29730177875068 0.836888331242158
9741.98468610229 0.353553390593274 0.818067754077792
9741.98468610229 0.420448207626857 0.846925972396487
9741.98468610229 0.5 0.820577164366374
9741.98468610229 0.594603557501361 0.830614805520703
9741.98468610229 0.707106781186548 0.824341279799247
9741.98468610229 0.840896415253715 0.814303638644918
9741.98468610229 1 0.819322459222083
9741.98468610229 1.18920711500272 0.820577164366374
11585.2375029604 0.210224103813429 0.821831869510665
11585.2375029604 0.25 0.820577164366374
11585.2375029604 0.29730177875068 0.818067754077792
11585.2375029604 0.353553390593274 0.82810539523212
11585.2375029604 0.420448207626857 0.838143036386449
11585.2375029604 0.5 0.820577164366374
11585.2375029604 0.594603557501361 0.82810539523212
11585.2375029604 0.707106781186548 0.823086574654956
11585.2375029604 0.840896415253715 0.831869510664994
11585.2375029604 1 0.838143036386449
11585.2375029604 1.18920711500272 0.825595984943538
13777.2468675169 0.210224103813429 0.820577164366374
13777.2468675169 0.25 0.824341279799247
13777.2468675169 0.29730177875068 0.821831869510665
13777.2468675169 0.353553390593274 0.808030112923463
13777.2468675169 0.420448207626857 0.831869510664994
13777.2468675169 0.5 0.83939774153074
13777.2468675169 0.594603557501361 0.830614805520703
13777.2468675169 0.707106781186548 0.830614805520703
13777.2468675169 0.840896415253715 0.810539523212045
13777.2468675169 1 0.833124215809285
13777.2468675169 1.18920711500272 0.826850690087829
16384 0.210224103813429 0.82810539523212
16384 0.25 0.821831869510665
16384 0.29730177875068 0.805520702634881
16384 0.353553390593274 0.823086574654956
16384 0.420448207626857 0.834378920953576
16384 0.5 0.81555834378921
16384 0.594603557501361 0.829360100376412
16384 0.707106781186548 0.820577164366374
16384 0.840896415253715 0.834378920953576
16384 1 0.833124215809285
16384 1.18920711500272 0.829360100376412
19483.9693722046 0.210224103813429 0.819322459222083
19483.9693722046 0.25 0.825595984943538
19483.9693722046 0.29730177875068 0.821831869510665
19483.9693722046 0.353553390593274 0.838143036386449
19483.9693722046 0.420448207626857 0.818067754077792
19483.9693722046 0.5 0.836888331242158
19483.9693722046 0.594603557501361 0.82810539523212
19483.9693722046 0.707106781186548 0.830614805520703
19483.9693722046 0.840896415253715 0.82810539523212
19483.9693722046 1 0.819322459222083
19483.9693722046 1.18920711500272 0.809284818067754
