0.03125 3.0517578125E-05 0.45273631840796
0.03125 0.0001220703125 0.45273631840796
0.03125 0.00048828125 0.45273631840796
0.03125 0.001953125 0.45273631840796
0.03125 0.0078125 0.45273631840796
0.03125 0.03125 0.45273631840796
0.03125 0.125 0.45273631840796
0.03125 0.5 0.45273631840796
0.03125 2 0.45273631840796
0.03125 8 0.45273631840796
0.125 3.0517578125E-05 0.45273631840796
0.125 0.0001220703125 0.45273631840796
0.125 0.00048828125 0.45273631840796
0.125 0.001953125 0.45273631840796
0.125 0.0078125 0.45273631840796
0.125 0.03125 0.45273631840796
0.125 0.125 0.45273631840796
0.125 0.5 0.472636815920398
0.125 2 0.54228855721393
0.125 8 0.567164179104478
0.5 3.0517578125E-05 0.45273631840796
0.5 0.0001220703125 0.45273631840796
0.5 0.00048828125 0.45273631840796
0.5 0.001953125 0.45273631840796
0.5 0.0078125 0.45273631840796
0.5 0.03125 0.45273631840796
0.5 0.125 0.487562189054726
0.5 0.5 0.507462686567164
0.5 2 0.577114427860697
0.5 8 0.681592039800995
2 3.0517578125E-05 0.45273631840796
2 0.0001220703125 0.45273631840796
2 0.00048828125 0.45273631840796
2 0.001953125 0.45273631840796
2 0.0078125 0.45273631840796
2 0.03125 0.492537313432836
2 0.125 0.54726368159204
2 0.5 0.611940298507463
2 2 0.73134328358209
2 8 0.776119402985075
8 3.0517578125E-05 0.45273631840796
8 0.0001220703125 0.45273631840796
8 0.00048828125 0.45273631840796
8 0.001953125 0.45273631840796
8 0.0078125 0.492537313432836
8 0.03125 0.522388059701492
8 0.125 0.587064676616915
8 0.5 0.756218905472637
8 2 0.796019900497512
8 8 0.786069651741294
32 3.0517578125E-05 0.45273631840796
32 0.0001220703125 0.45273631840796
32 0.00048828125 0.45273631840796
32 0.001953125 0.502487562189055
32 0.0078125 0.567164179104478
32 0.03125 0.621890547263682
32 0.125 0.751243781094527
32 0.5 0.800995024875622
32 2 0.840796019900497
32 8 0.791044776119403
128 3.0517578125E-05 0.45273631840796
128 0.0001220703125 0.45273631840796
128 0.00048828125 0.482587064676617
128 0.001953125 0.537313432835821
128 0.0078125 0.606965174129353
128 0.03125 0.781094527363184
128 0.125 0.800995024875622
128 0.5 0.82089552238806
128 2 0.830845771144279
128 8 0.776119402985075
512 3.0517578125E-05 0.45273631840796
512 0.0001220703125 0.487562189054726
512 0.00048828125 0.552238805970149
512 0.001953125 0.621890547263682
512 0.0078125 0.781094527363184
512 0.03125 0.796019900497512
512 0.125 0.825870646766169
512 0.5 0.880597014925373
512 2 0.855721393034826
512 8 0.810945273631841
2048 3.0517578125E-05 0.492537313432836
2048 0.0001220703125 0.54726368159204
2048 0.00048828125 0.616915422885572
2048 0.001953125 0.786069651741294
2048 0.0078125 0.791044776119403
2048 0.03125 0.830845771144279
2048 0.125 0.865671641791045
2048 0.5 0.890547263681592
2048 2 0.840796019900497
2048 8 0.761194029850746
8192 3.0517578125E-05 0.562189054726368
8192 0.0001220703125 0.611940298507463
8192 0.00048828125 0.791044776119403
8192 0.001953125 0.781094527363184
8192 0.0078125 0.835820895522388
8192 0.03125 0.875621890547264
8192 0.125 0.860696517412935
8192 0.5 0.796019900497512
8192 2 0.786069651741294
8192 8 0.796019900497512
32768 3.0517578125E-05 0.606965174129353
32768 0.0001220703125 0.791044776119403
32768 0.00048828125 0.781094527363184
32768 0.001953125 0.82089552238806
32768 0.0078125 0.860696517412935
32768 0.03125 0.895522388059702
32768 0.125 0.860696517412935
32768 0.5 0.840796019900497
32768 2 0.800995024875622
32768 8 0.776119402985075
13777.2468675169 0.0131390064883393 0.855721393034826
13777.2468675169 0.015625 0.860696517412935
13777.2468675169 0.0185813611719175 0.865671641791045
13777.2468675169 0.0220970869120796 0.870646766169154
13777.2468675169 0.0262780129766786 0.885572139303483
13777.2468675169 0.03125 0.875621890547264
13777.2468675169 0.037162722343835 0.895522388059702
13777.2468675169 0.0441941738241592 0.885572139303483
13777.2468675169 0.0525560259533572 0.880597014925373
13777.2468675169 0.0625 0.900497512437811
13777.2468675169 0.0743254446876701 0.880597014925373
16384 0.0131390064883393 0.865671641791045
16384 0.015625 0.855721393034826
16384 0.0185813611719175 0.885572139303483
16384 0.0220970869120796 0.895522388059702
16384 0.0262780129766786 0.880597014925373
16384 0.03125 0.875621890547264
16384 0.037162722343835 0.895522388059702
16384 0.0441941738241592 0.91044776119403
16384 0.0525560259533572 0.870646766169154
16384 0.0625 0.880597014925373
16384 0.0743254446876701 0.895522388059702
19483.9693722046 0.0131390064883393 0.875621890547264
19483.9693722046 0.015625 0.875621890547264
19483.9693722046 0.0185813611719175 0.865671641791045
19483.9693722046 0.0220970869120796 0.865671641791045
19483.9693722046 0.0262780129766786 0.875621890547264
19483.9693722046 0.03125 0.875621890547264
19483.9693722046 0.037162722343835 0.880597014925373
19483.9693722046 0.0441941738241592 0.885572139303483
19483.9693722046 0.0525560259533572 0.880597014925373
19483.9693722046 0.0625 0.880597014925373
19483.9693722046 0.0743254446876701 0.895522388059702
23170.4750059208 0.0131390064883393 0.875621890547264
23170.4750059208 0.015625 0.870646766169154
23170.4750059208 0.0185813611719175 0.870646766169154
23170.4750059208 0.0220970869120796 0.855721393034826
23170.4750059208 0.0262780129766786 0.880597014925373
23170.4750059208 0.03125 0.885572139303483
23170.4750059208 0.037162722343835 0.885572139303483
23170.4750059208 0.0441941738241592 0.890547263681592
23170.4750059208 0.0525560259533572 0.900497512437811
23170.4750059208 0.0625 0.875621890547264
23170.4750059208 0.0743254446876701 0.840796019900497
27554.4937350337 0.0131390064883393 0.890547263681592
27554.4937350337 0.015625 0.860696517412935
27554.4937350337 0.0185813611719175 0.860696517412935
27554.4937350337 0.0220970869120796 0.870646766169154
27554.4937350337 0.0262780129766786 0.895522388059702
27554.4937350337 0.03125 0.91044776119403
27554.4937350337 0.037162722343835 0.900497512437811
27554.4937350337 0.0441941738241592 0.875621890547264
27554.4937350337 0.0525560259533572 0.865671641791045
27554.4937350337 0.0625 0.865671641791045
27554.4937350337 0.0743254446876701 0.865671641791045
38967.9387444092 0.0131390064883393 0.885572139303483
38967.9387444092 0.015625 0.890547263681592
38967.9387444092 0.0185813611719175 0.900497512437811
38967.9387444092 0.0220970869120796 0.91044776119403
38967.9387444092 0.0262780129766786 0.890547263681592
38967.9387444092 0.03125 0.885572139303483
38967.9387444092 0.037162722343835 0.890547263681592
38967.9387444092 0.0441941738241592 0.860696517412935
38967.9387444092 0.0525560259533572 0.865671641791045
38967.9387444092 0.0625 0.875621890547264
38967.9387444092 0.0743254446876701 0.880597014925373
46340.9500118416 0.0131390064883393 0.865671641791045
46340.9500118416 0.015625 0.875621890547264
46340.9500118416 0.0185813611719175 0.900497512437811
46340.9500118416 0.0220970869120796 0.880597014925373
46340.9500118416 0.0262780129766786 0.880597014925373
46340.9500118416 0.03125 0.870646766169154
46340.9500118416 0.037162722343835 0.855721393034826
46340.9500118416 0.0441941738241592 0.860696517412935
46340.9500118416 0.0525560259533572 0.880597014925373
46340.9500118416 0.0625 0.885572139303483
46340.9500118416 0.0743254446876701 0.850746268656716
55108.9874700674 0.0131390064883393 0.875621890547264
55108.9874700674 0.015625 0.890547263681592
55108.9874700674 0.0185813611719175 0.890547263681592
55108.9874700674 0.0220970869120796 0.875621890547264
55108.9874700674 0.0262780129766786 0.890547263681592
55108.9874700674 0.03125 0.885572139303483
55108.9874700674 0.037162722343835 0.870646766169154
55108.9874700674 0.0441941738241592 0.895522388059702
55108.9874700674 0.0525560259533572 0.875621890547264
55108.9874700674 0.0625 0.870646766169154
55108.9874700674 0.0743254446876701 0.870646766169154
65536 0.0131390064883393 0.880597014925373
65536 0.015625 0.880597014925373
65536 0.0185813611719175 0.900497512437811
65536 0.0220970869120796 0.890547263681592
65536 0.0262780129766786 0.885572139303483
65536 0.03125 0.875621890547264
65536 0.037162722343835 0.890547263681592
65536 0.0441941738241592 0.855721393034826
65536 0.0525560259533572 0.850746268656716
65536 0.0625 0.900497512437811
65536 0.0743254446876701 0.890547263681592
77935.8774888183 0.0131390064883393 0.890547263681592
77935.8774888183 0.015625 0.895522388059702
77935.8774888183 0.0185813611719175 0.880597014925373
77935.8774888183 0.0220970869120796 0.860696517412935
77935.8774888183 0.0262780129766786 0.885572139303483
77935.8774888183 0.03125 0.880597014925373
77935.8774888183 0.037162722343835 0.875621890547264
77935.8774888183 0.0441941738241592 0.895522388059702
77935.8774888183 0.0525560259533572 0.890547263681592
77935.8774888183 0.0625 0.860696517412935
77935.8774888183 0.0743254446876701 0.865671641791045
