labels 1 0 -1
-1 -1 8.00820821073112E-11 9.60998121248393E-11 0.999999999823818 
-1 -1 9.07682676942339E-13 1.08922060395317E-12 0.999999999998003 
-1 -1 3.71186861801725E-12 4.45425477268283E-12 0.999999999991834 
-1 -1 2.95267904528916E-11 3.54324387788538E-11 0.999999999935041 
-1 -1 8.73260795082384E-10 1.04796071277958E-09 0.999999998078778 
-1 -1 8.61459554116466E-12 1.03375596608144E-11 0.999999999981048 
-1 -1 4.47255652851931E-13 5.3670723083912E-13 0.999999999999016 
-1 -1 1.62548026803075E-12 1.95057979199062E-12 0.999999999996424 
-1 -1 3.14656911224829E-12 3.77589228521857E-12 0.999999999993078 
-1 -1 4.20169320555648E-08 5.04362808680397E-08 0.999999907546787 
-1 -1 4.91190681262785E-08 5.89630425083552E-08 0.999999891917889 
-1 -1 2.87289305694551E-07 3.45032475714786E-07 0.999999367678219 
0 -1 1.45423941454155E-06 1.74833701882784E-06 0.999996797423567 
0 -1 1.35671614102526E-05 0.00347102068438289 0.996515412154207 
0 -1 7.85197542878261E-05 0.0109710685116397 0.988950411734073 
0 -1 0.000447211369533049 0.0298457212425688 0.969707067387898 
0 -1 0.000174610560317667 0.0805242930198164 0.919301096419866 
0 -1 0.000475480763130978 0.219336791239274 0.780187727997595 
0 -1 0.000528973744057946 0.0883051645046893 0.911165861751253 
0 -1 0.000802470358012324 0.0272141863338429 0.971983343308145 
0 -1 0.000269114508552155 0.00729079785829972 0.992440087633148 
0 -1 0.000433262038339292 0.019689201454567 0.979877536507094 
-1 -1 0.00066026005969755 0.0197596313260904 0.979580108614212 
-1 -1 0.000376117880519285 0.0187043748603002 0.98091950725918 
-1 -1 0.000240201700528149 0.0149565226035088 0.984803275695963 
-1 -1 0.000254580839494462 0.0177324284344285 0.982012990726077 
-1 -1 0.000364818947252823 0.0180391667180182 0.981596014334729 
-1 -1 0.000436986705000495 0.0255886038925275 0.973974409402472 
-1 -1 0.00038368913786724 0.0206235926708511 0.978992718191282 
-1 -1 0.00055023899058909 0.0320190632245012 0.96743069778491 
-1 -1 0.00095012674370926 0.0415862517085671 0.957463621547724 
-1 -1 0.000161972687681848 0.0656578577617173 0.934180169550601 
-1 -1 0.000128371522275859 0.0597184159820193 0.940153212495705 
-1 -1 0.000218483295316678 0.0170153360231246 0.982766180681559 
-1 -1 0.000510630016128668 0.0334237057200797 0.966065664263792 
-1 -1 0.000200502877096031 0.0200228918813712 0.979776605241533 
-1 -1 5.86651323047458E-05 0.0101780067167213 0.989763328150974 
-1 -1 1.5928662773455E-05 0.00469109654435885 0.995292974792868 
-1 -1 5.88992582440723E-06 0.00246566965560807 0.997528440418568 
-1 -1 2.59474081276159E-06 3.12143792527601E-06 0.999994283821262 
-1 -1 1.00292837324627E-06 1.20537476652041E-06 0.99999779169686 
-1 -1 6.06862987503352E-07 7.29111048185827E-07 0.999998664025964 
-1 -1 2.37383028076205E-07 2.85073630833843E-07 0.999999477543341 
-1 -1 1.77830253087784E-07 2.13534807752814E-07 0.999999608634939 
-1 -1 1.30337322934426E-07 1.56491539622959E-07 0.999999713171137 
-1 -1 9.90876180160408E-08 1.1896253477722E-07 0.999999781949847 
-1 -1 2.40742228825446E-08 2.88958070155659E-08 0.99999994702997 
-1 -1 1.0826488085629E-08 1.29937943620241E-08 0.999999976179717 
-1 -1 8.05825081292605E-09 9.67116126413614E-09 0.999999982270588 
-1 -1 1.77943911703363E-08 2.1357253927731E-08 0.999999960848355 
-1 -1 4.94443581857309E-09 5.93382582418601E-09 0.999999989121738 
-1 -1 1.10940219536846E-09 1.331321655174E-09 0.999999997559276 
-1 -1 1.99925507979749E-10 2.39910833344708E-10 0.999999999560164 
-1 -1 3.88444840805591E-11 4.66129078220447E-11 0.999999999914543 
-1 -1 8.56735999619751E-12 1.02806678856792E-11 0.999999999981152 
-1 -1 1.49813598117853E-12 1.79773741357287E-12 0.999999999996704 
-1 -1 3.62246578736426E-13 4.34689163912897E-13 0.999999999999203 
-1 -1 1.05074090707927E-13 1.2608679514498E-13 0.999999999999769 
-1 -1 4.50037236872032E-14 5.40033510701219E-14 0.999999999999901 
-1 -1 2.44210484914735E-14 2.93040352483394E-14 0.999999999999946 
-1 -1 2.44224457746957E-14 2.93050110396415E-14 0.999999999999946 
-1 -1 7.47500107122912E-11 8.97011813878227E-11 0.999999999835549 
-1 -1 1.42865557615697E-12 1.71438779470303E-12 0.999999999996857 
-1 -1 2.44215804236465E-14 2.93044067345194E-14 0.999999999999946 
-1 -1 2.44234367832052E-14 2.93057030482586E-14 0.999999999999946 
-1 -1 2.44276124387432E-14 2.93086182978133E-14 0.999999999999946 
-1 -1 2.44377490753954E-14 2.93156914788629E-14 0.999999999999946 
-1 -1 2.44556331135828E-14 2.9328157713575E-14 0.999999999999946 
-1 -1 3.36554151853085E-13 4.03862945154522E-13 0.99999999999926 
-1 -1 2.4419891527512E-14 2.93032272073897E-14 0.999999999999946 
-1 -1 2.44320602668522E-14 2.93117225743715E-14 0.999999999999946 
-1 -1 2.45995893182774E-14 2.94278999395209E-14 0.999999999999946 
0 -1 1.32313765990612E-10 1.58778779714044E-10 0.999999999708908 
0 -1 1.17721907688747E-09 1.41273062113377E-09 0.99999999741005 
0 -1 5.41822404853255E-09 6.50253887590472E-09 0.999999988079237 
-1 -1 4.51804627885219E-11 5.42120122704866E-11 0.999999999900608 
-1 -1 8.07964125752699E-13 9.65395427881925E-13 0.999999999998227 
-1 -1 2.49286696888855E-14 2.96518475163578E-14 0.999999999999945 
-1 -1 2.53326101342086E-14 2.99189213123405E-14 0.999999999999945 
0 -1 2.66536697627694E-14 3.07303031049484E-14 0.999999999999943 
0 -1 4.12977461192331E-14 4.59061892737423E-14 0.999999999999913 
0 -1 9.66040099566563E-08 1.15970938842128E-07 0.999999787425051 
-1 -1 1.08255035403584E-08 1.29754002594574E-08 0.999999976199096 
-1 -1 1.51969533857411E-10 1.80612285795596E-10 0.999999999667418 
-1 -1 1.04539987301629E-12 1.12170018540368E-12 0.999999999997833 
-1 -1 4.34857428218906E-12 4.5999734959985E-12 0.999999999991051 
-1 -1 3.45151506629899E-12 3.83769830018849E-12 0.999999999992711 
-1 -1 3.77660275212958E-12 4.25058380711574E-12 0.999999999991973 
-1 -1 4.56776751216664E-12 5.15423521087502E-12 0.999999999990278 
-1 -1 5.88258672484605E-12 6.66281536460359E-12 0.999999999987455 
-1 -1 1.11210733636407E-11 1.23447030341019E-11 0.999999999976534 
-1 -1 1.19560050732815E-11 1.3244908552781E-11 0.999999999974799 
-1 -1 9.31017105920866E-12 1.02859827376068E-11 0.999999999980404 
-1 -1 4.94617028987428E-12 5.42117244446245E-12 0.999999999989633 
-1 -1 1.68198427015541E-12 1.82504876921668E-12 0.999999999996493 
-1 -1 6.5828418480781E-13 7.11195757574963E-13 0.999999999998631 
-1 -1 2.72954624386541E-13 2.96565501575058E-13 0.999999999999431 
-1 -1 1.38262526535829E-13 1.5018481371373E-13 0.999999999999712 
-1 -1 3.54362029100828E-14 3.54243873573801E-14 0.999999999999929 
-1 -1 5.26193478425949E-14 5.50084184709132E-14 0.999999999999892 
-1 -1 3.80950448939447E-14 3.0690585465323E-14 0.999999999999931 
-1 -1 5.31831048974481E-12 6.38036628517582E-12 0.999999999988301 
-1 -1 6.09840937291201E-11 7.3164899006412E-11 0.999999999865851 
-1 -1 3.09949408042617E-10 3.71839728639715E-10 0.999999999318211 
-1 -1 3.40664653453252E-10 4.08596755218391E-10 0.999999999250739 
-1 -1 7.95728385847878E-10 9.53741528372631E-10 0.99999999825053 
-1 -1 5.98169140284874E-12 6.79468593216733E-12 0.999999999987224 
0 -1 3.86750136757496E-14 2.7979742387225E-14 0.999999999999933 
0 -1 2.18580670907631E-09 2.61646094871386E-09 0.999999995197732 
0 -1 1.79634706080715E-10 2.09989519170385E-10 0.999999999610376 
0 -1 5.3659870420599E-08 6.195978863048E-08 0.999999884380341 
0 -1 5.97085854021976E-06 0.00250807358895631 0.997485955552503 
0 -1 0.00288968330767114 0.0141913550406792 0.98291896165165 
0 -1 1.11529116000544E-05 0.00166693648349191 0.998321910604908 
0 -1 3.16423325031645E-06 1.58599515017493E-06 0.999995249771599 
0 -1 0.0475452224850577 0.154885972803912 0.79756880471103 
0 -1 0.0715772537428041 0.189768122328845 0.738654623928351 
0 -1 0.0362716173127146 0.131463848533252 0.832264534154033 
0 -1 0.00533824647135432 0.0513485067471693 0.943313246781476 
0 -1 4.24898052018916E-06 2.12997713327866E-06 0.999993621042346 
0 -1 3.88169178361971E-05 0.00301947714091736 0.996941705941246 
0 -1 5.16014435815094E-05 0.00348267693479903 0.996465721621619 
0 -1 2.59616329707252E-05 0.00243936740990808 0.997534670957121 
0 -1 1.8135057099887E-05 0.00208529219064001 0.99789657275226 
0 -1 7.35711541357067E-06 0.00121549851939794 0.998777144365188 
0 -1 3.57898524287868E-06 1.79807495625076E-06 0.999994622939801 
0 -1 8.58920820109009E-08 4.31649848849545E-08 0.999999870942933 
0 -1 1.32290836808967E-06 6.63395783780714E-07 0.999998013695848 
0 -1 1.03663556980649E-06 5.19453370701056E-07 0.99999844391106 
0 -1 0.00027902634321482 0.00923284209936599 0.990488131557419 
0 -1 0.0040442523458203 0.0576923528583393 0.938263394795841 
0 -1 0.00910336256375298 0.0702290572748302 0.920667580161417 
0 -1 0.000158071560901868 0.00697526943371181 0.992866659005386 
0 -1 2.44119446910964E-09 1.22619133576962E-09 0.999999996332614 
0 -1 1.60777603317111E-09 8.06992490254005E-10 0.999999997585232 
0 -1 1.64854161050342E-09 8.25834409219609E-10 0.999999997525624 
-1 -1 4.75764014591076E-10 2.39267839932745E-10 0.999999999284968 
-1 -1 2.24207768990621E-11 1.12426113218574E-11 0.999999999966337 
-1 -1 1.46733761003427E-11 7.37558174361616E-12 0.999999999977951 
-1 -1 2.51948403249434E-12 1.26765255513155E-12 0.999999999996213 
-1 -1 2.79668976400574E-13 1.40222260962785E-13 0.99999999999958 
-1 -1 6.42487417135376E-14 3.21745274203029E-14 0.999999999999904 
-1 -1 3.33677874516388E-14 1.67052708665347E-14 0.99999999999995 
-1 -1 6.48876010027164E-14 3.27497880150118E-14 0.999999999999902 
-1 -1 4.29349430209793E-14 2.15093936805983E-14 0.999999999999936 
-1 -1 5.10052515748907E-14 2.55148486757857E-14 0.999999999999924 
-1 -1 1.33873733750653E-09 8.17871073639612E-10 0.999999997843392 
-1 -1 1.31299780244795E-10 6.64853057612854E-11 0.999999999802215 
-1 -1 4.18737210945114E-14 2.09654002313945E-14 0.999999999999937 
-1 -1 1.75013732883891E-13 8.76035586973214E-14 0.999999999999737 
-1 -1 3.33593422860802E-14 1.66914793762487E-14 0.99999999999995 
-1 -1 3.33382325912444E-14 1.66721437024001E-14 0.99999999999995 
-1 -1 3.33568461657704E-14 1.66929951040183E-14 0.99999999999995 
-1 -1 3.33732426518625E-14 1.67113967058487E-14 0.99999999999995 
-1 -1 3.33714786470872E-14 1.67094154567491E-14 0.99999999999995 
-1 -1 3.33423180542247E-14 1.66767168514668E-14 0.99999999999995 
-1 -1 1.12509139460015E-10 1.1093787431488E-10 0.999999999776553 
-1 -1 1.06000473776139E-11 6.0176771228945E-12 0.999999999983382 
-1 -1 7.60000068859757E-14 3.88689476554628E-14 0.999999999999885 
-1 -1 3.3347462885563E-14 1.66824786179298E-14 0.99999999999995 
-1 -1 3.3338118675798E-14 1.66720162168419E-14 0.99999999999995 
-1 -1 3.33371976316364E-14 1.66709855097935E-14 0.99999999999995 
-1 -1 6.06857317949466E-14 3.08991397501051E-14 0.999999999999908 
-1 -1 1.01120361679761E-08 1.19098656395164E-08 0.999999977978098 
0 -1 5.14764298393264E-13 2.65895205912797E-13 0.999999999999219 
0 -1 1.8310761776243E-09 2.04349614952395E-09 0.999999996125428 
0 -1 3.02807259212226E-08 3.4999385734424E-08 0.999999934719888 
-1 -1 1.16742828185294E-10 6.96108315148398E-11 0.999999999813646 
-1 -1 1.40197950303236E-13 7.05525101025329E-14 0.999999999999789 
0 -1 3.33444059765187E-14 1.6679054768686E-14 0.99999999999995 
0 -1 3.33357161811312E-14 1.66693278813009E-14 0.99999999999995 
0 -1 3.282046809806E-10 2.73447264383413E-10 0.999999999398348 
0 -1 4.13781129989018E-11 2.18233363849924E-11 0.999999999936799 
0 -1 1.88996549201616E-07 2.12176665350749E-07 0.999999598826785 
0 -1 2.53482193051755E-09 1.35676613539552E-09 0.999999996108412 
0 -1 2.60489529858426E-13 1.30298973742134E-13 0.999999999999609 
0 -1 3.33373007542832E-14 1.6671100905648E-14 0.99999999999995 
0 -1 3.33338620295576E-14 1.6667253592087E-14 0.99999999999995 
0 -1 1.52661128700492E-08 9.29725650320046E-09 0.999999975436631 
0 -1 1.58855080710884E-09 8.07387816077693E-10 0.999999997604061 
0 -1 3.7744629358182E-11 1.88955688684358E-11 0.99999999994336 
0 -1 7.28170940695512E-14 3.64096216169269E-14 0.999999999999891 
0 -1 5.1790576512322E-14 2.5896644240354E-14 0.999999999999922 
0 -1 2.38002170699531E-13 1.19014185057354E-13 0.999999999999643 
0 -1 9.62848937238817E-14 4.81439488470323E-14 0.999999999999856 
0 -1 3.33335854342609E-14 1.66669441920684E-14 0.99999999999995 
0 -1 1.43252817774481E-05 0.00253138497199471 0.997454289746228 
0 -1 2.89562837222734E-05 0.00330908140673526 0.996661962309542 
0 -1 6.49136561034184E-07 3.26611026971404E-07 0.999999024252412 
0 -1 1.39361559187943E-09 6.9704338671512E-10 0.999999997909341 
0 -1 5.23947036301297E-07 2.64865640082988E-07 0.999999211187324 
0 -1 1.58789743372037E-08 7.9449813842511E-09 0.999999976176044 
0 -1 1.04824787254948E-09 5.2419971361931E-10 0.999999998427552 
0 -1 1.28713263598963E-11 6.43580682739471E-12 0.999999999980693 
0 -1 1.11015803418518E-12 5.55080966534437E-13 0.999999999998335 
0 -1 3.23679034353103E-12 1.6184315718045E-12 0.999999999995145 
0 -1 1.65989920884371E-11 8.29975994299593E-12 0.999999999975101 
0 -1 9.54869812969289E-12 4.77440166216808E-12 0.999999999985677 
0 -1 1.16712093553762E-12 5.83562235326627E-13 0.999999999998249 
0 -1 0.000437788214442341 0.0113863615614394 0.988175850224118 
