0.03125 3.0517578125E-05 0.496478873239437
0.03125 0.0001220703125 0.496478873239437
0.03125 0.00048828125 0.496478873239437
0.03125 0.001953125 0.496478873239437
0.03125 0.0078125 0.496478873239437
0.03125 0.03125 0.496478873239437
0.03125 0.125 0.496478873239437
0.03125 0.5 0.588028169014085
0.03125 2 0.665492957746479
0.03125 8 0.586267605633803
0.125 3.0517578125E-05 0.496478873239437
0.125 0.0001220703125 0.496478873239437
0.125 0.00048828125 0.496478873239437
0.125 0.001953125 0.496478873239437
0.125 0.0078125 0.496478873239437
0.125 0.03125 0.496478873239437
0.125 0.125 0.654929577464789
0.125 0.5 0.632042253521127
0.125 2 0.669014084507042
0.125 8 0.670774647887324
0.5 3.0517578125E-05 0.496478873239437
0.5 0.0001220703125 0.496478873239437
0.5 0.00048828125 0.496478873239437
0.5 0.001953125 0.496478873239437
0.5 0.0078125 0.496478873239437
0.5 0.03125 0.640845070422535
0.5 0.125 0.617957746478873
0.5 0.5 0.65669014084507
0.5 2 0.665492957746479
0.5 8 0.695422535211268
2 3.0517578125E-05 0.496478873239437
2 0.0001220703125 0.496478873239437
2 0.00048828125 0.496478873239437
2 0.001953125 0.496478873239437
2 0.0078125 0.653169014084507
2 0.03125 0.612676056338028
2 0.125 0.644366197183099
2 0.5 0.674295774647887
2 2 0.705985915492958
2 8 0.818661971830986
8 3.0517578125E-05 0.496478873239437
8 0.0001220703125 0.496478873239437
8 0.00048828125 0.496478873239437
8 0.001953125 0.639084507042254
8 0.0078125 0.617957746478873
8 0.03125 0.644366197183099
8 0.125 0.670774647887324
8 0.5 0.734154929577465
8 2 0.811619718309859
8 8 0.848591549295775
32 3.0517578125E-05 0.496478873239437
32 0.0001220703125 0.496478873239437
32 0.00048828125 0.630281690140845
32 0.001953125 0.617957746478873
32 0.0078125 0.647887323943662
32 0.03125 0.660211267605634
32 0.125 0.732394366197183
32 0.5 0.790492957746479
32 2 0.836267605633803
32 8 0.873239436619718
128 3.0517578125E-05 0.496478873239437
128 0.0001220703125 0.639084507042254
128 0.00048828125 0.621478873239437
128 0.001953125 0.637323943661972
128 0.0078125 0.649647887323944
128 0.03125 0.735915492957747
128 0.125 0.779929577464789
128 0.5 0.815140845070423
128 2 0.845070422535211
128 8 0.880281690140845
512 3.0517578125E-05 0.63556338028169
512 0.0001220703125 0.617957746478873
512 0.00048828125 0.651408450704225
512 0.001953125 0.658450704225352
512 0.0078125 0.723591549295775
512 0.03125 0.795774647887324
512 0.125 0.809859154929578
512 0.5 0.852112676056338
512 2 0.88556338028169
512 8 0.850352112676056
2048 3.0517578125E-05 0.619718309859155
2048 0.0001220703125 0.649647887323944
2048 0.00048828125 0.649647887323944
2048 0.001953125 0.742957746478873
2048 0.0078125 0.774647887323944
2048 0.03125 0.808098591549296
2048 0.125 0.815140845070423
2048 0.5 0.846830985915493
2048 2 0.846830985915493
2048 8 0.839788732394366
8192 3.0517578125E-05 0.644366197183099
8192 0.0001220703125 0.653169014084507
8192 0.00048828125 0.734154929577465
8192 0.001953125 0.753521126760563
8192 0.0078125 0.801056338028169
8192 0.03125 0.797535211267606
8192 0.125 0.839788732394366
8192 0.5 0.855633802816901
8192 2 0.846830985915493
8192 8 0.859154929577465
32768 3.0517578125E-05 0.65669014084507
32768 0.0001220703125 0.73943661971831
32768 0.00048828125 0.751760563380282
32768 0.001953125 0.788732394366197
32768 0.0078125 0.804577464788732
32768 0.03125 0.822183098591549
32768 0.125 0.848591549295775
32768 0.5 0.871478873239437
32768 2 0.839788732394366
32768 8 0.838028169014085
215.269482304951 0.840896415253715 0.836267605633803
215.269482304951 1 0.838028169014085
215.269482304951 1.18920711500272 0.845070422535211
215.269482304951 1.4142135623731 0.860915492957747
215.269482304951 1.68179283050743 0.866197183098592
215.269482304951 2 0.873239436619718
215.269482304951 2.37841423000544 0.869718309859155
215.269482304951 2.82842712474619 0.878521126760563
215.269482304951 3.36358566101486 0.875
215.269482304951 4 0.890845070422535
215.269482304951 4.75682846001088 0.871478873239437
256 0.840896415253715 0.836267605633803
256 1 0.834507042253521
256 1.18920711500272 0.85387323943662
256 1.4142135623731 0.852112676056338
256 1.68179283050743 0.871478873239437
256 2 0.88556338028169
256 2.37841423000544 0.876760563380282
256 2.82842712474619 0.880281690140845
256 3.36358566101486 0.878521126760563
256 4 0.878521126760563
256 4.75682846001088 0.873239436619718
304.437021440697 0.840896415253715 0.834507042253521
304.437021440697 1 0.852112676056338
304.437021440697 1.18920711500272 0.869718309859155
304.437021440697 1.4142135623731 0.867957746478873
304.437021440697 1.68179283050743 0.882042253521127
304.437021440697 2 0.882042253521127
304.437021440697 2.37841423000544 0.88556338028169
304.437021440697 2.82842712474619 0.86443661971831
304.437021440697 3.36358566101486 0.894366197183099
304.437021440697 4 0.880281690140845
304.437021440697 4.75682846001088 0.880281690140845
362.038671967512 0.840896415253715 0.838028169014085
362.038671967512 1 0.86443661971831
362.038671967512 1.18920711500272 0.85387323943662
362.038671967512 1.4142135623731 0.866197183098592
362.038671967512 1.68179283050743 0.878521126760563
362.038671967512 2 0.873239436619718
362.038671967512 2.37841423000544 0.890845070422535
362.038671967512 2.82842712474619 0.892605633802817
362.038671967512 3.36358566101486 0.878521126760563
362.038671967512 4 0.869718309859155
362.038671967512 4.75682846001088 0.876760563380282
430.538964609902 0.840896415253715 0.859154929577465
430.538964609902 1 0.857394366197183
430.538964609902 1.18920711500272 0.862676056338028
430.538964609902 1.4142135623731 0.848591549295775
430.538964609902 1.68179283050743 0.894366197183099
430.538964609902 2 0.889084507042254
430.538964609902 2.37841423000544 0.871478873239437
430.538964609902 2.82842712474619 0.887323943661972
430.538964609902 3.36358566101486 0.887323943661972
430.538964609902 4 0.890845070422535
430.538964609902 4.75682846001088 0.859154929577465
608.874042881393 0.840896415253715 0.845070422535211
608.874042881393 1 0.873239436619718
608.874042881393 1.18920711500272 0.871478873239437
608.874042881393 1.4142135623731 0.876760563380282
608.874042881393 1.68179283050743 0.875
608.874042881393 2 0.875
608.874042881393 2.37841423000544 0.878521126760563
608.874042881393 2.82842712474619 0.875
608.874042881393 3.36358566101486 0.883802816901408
608.874042881393 4 0.867957746478873
608.874042881393 4.75682846001088 0.871478873239437
724.077343935025 0.840896415253715 0.852112676056338
724.077343935025 1 0.866197183098592
724.077343935025 1.18920711500272 0.880281690140845
724.077343935025 1.4142135623731 0.859154929577465
724.077343935025 1.68179283050743 0.876760563380282
724.077343935025 2 0.890845070422535
724.077343935025 2.37841423000544 0.875
724.077343935025 2.82842712474619 0.875
724.077343935025 3.36358566101486 0.876760563380282
724.077343935025 4 0.859154929577465
724.077343935025 4.75682846001088 0.867957746478873
861.077929219804 0.840896415253715 0.871478873239437
861.077929219804 1 0.85387323943662
861.077929219804 1.18920711500272 0.867957746478873
861.077929219804 1.4142135623731 0.88556338028169
861.077929219804 1.68179283050743 0.876760563380282
861.077929219804 2 0.882042253521127
861.077929219804 2.37841423000544 0.866197183098592
861.077929219804 2.82842712474619 0.860915492957747
861.077929219804 3.36358566101486 0.860915492957747
861.077929219804 4 0.846830985915493
861.077929219804 4.75682846001088 0.839788732394366
1024 0.840896415253715 0.866197183098592
1024 1 0.857394366197183
1024 1.18920711500272 0.878521126760563
1024 1.4142135623731 0.878521126760563
1024 1.68179283050743 0.890845070422535
1024 2 0.871478873239437
1024 2.37841423000544 0.880281690140845
1024 2.82842712474619 0.855633802816901
1024 3.36358566101486 0.869718309859155
1024 4 0.875
1024 4.75682846001088 0.873239436619718
1217.74808576279 0.840896415253715 0.859154929577465
1217.74808576279 1 0.86443661971831
1217.74808576279 1.18920711500272 0.857394366197183
1217.74808576279 1.4142135623731 0.880281690140845
1217.74808576279 1.68179283050743 0.883802816901408
1217.74808576279 2 0.889084507042254
1217.74808576279 2.37841423000544 0.889084507042254
1217.74808576279 2.82842712474619 0.871478873239437
1217.74808576279 3.36358566101486 0.846830985915493
1217.74808576279 4 0.857394366197183
1217.74808576279 4.75682846001088 0.857394366197183
