0.03125 3.0517578125E-05 0.502232142857143
0.03125 0.0001220703125 0.502232142857143
0.03125 0.00048828125 0.502232142857143
0.03125 0.001953125 0.502232142857143
0.03125 0.0078125 0.502232142857143
0.03125 0.03125 0.502232142857143
0.03125 0.125 0.502232142857143
0.03125 0.5 0.535714285714286
0.03125 2 0.587053571428571
0.03125 8 0.502232142857143
0.125 3.0517578125E-05 0.502232142857143
0.125 0.0001220703125 0.502232142857143
0.125 0.00048828125 0.502232142857143
0.125 0.001953125 0.502232142857143
0.125 0.0078125 0.502232142857143
0.125 0.03125 0.502232142857143
0.125 0.125 0.584821428571429
0.125 0.5 0.633928571428571
0.125 2 0.698660714285714
0.125 8 0.707589285714286
0.5 3.0517578125E-05 0.502232142857143
0.5 0.0001220703125 0.502232142857143
0.5 0.00048828125 0.502232142857143
0.5 0.001953125 0.502232142857143
0.5 0.0078125 0.502232142857143
0.5 0.03125 0.611607142857143
0.5 0.125 0.640625
0.5 0.5 0.712053571428571
0.5 2 0.703125
0.5 8 0.716517857142857
2 3.0517578125E-05 0.502232142857143
2 0.0001220703125 0.502232142857143
2 0.00048828125 0.502232142857143
2 0.001953125 0.502232142857143
2 0.0078125 0.600446428571429
2 0.03125 0.654017857142857
2 0.125 0.705357142857143
2 0.5 0.716517857142857
2 2 0.709821428571429
2 8 0.738839285714286
8 3.0517578125E-05 0.502232142857143
8 0.0001220703125 0.502232142857143
8 0.00048828125 0.502232142857143
8 0.001953125 0.607142857142857
8 0.0078125 0.667410714285714
8 0.03125 0.703125
8 0.125 0.707589285714286
8 0.5 0.720982142857143
8 2 0.761160714285714
8 8 0.743303571428571
32 3.0517578125E-05 0.502232142857143
32 0.0001220703125 0.502232142857143
32 0.00048828125 0.602678571428571
32 0.001953125 0.645089285714286
32 0.0078125 0.705357142857143
32 0.03125 0.707589285714286
32 0.125 0.734375
32 0.5 0.756696428571429
32 2 0.745535714285714
32 8 0.808035714285714
128 3.0517578125E-05 0.502232142857143
128 0.0001220703125 0.595982142857143
128 0.00048828125 0.651785714285714
128 0.001953125 0.700892857142857
128 0.0078125 0.705357142857143
128 0.03125 0.725446428571429
128 0.125 0.761160714285714
128 0.5 0.761160714285714
128 2 0.770089285714286
128 8 0.803571428571429
512 3.0517578125E-05 0.600446428571429
512 0.0001220703125 0.651785714285714
512 0.00048828125 0.696428571428571
512 0.001953125 0.703125
512 0.0078125 0.720982142857143
512 0.03125 0.738839285714286
512 0.125 0.756696428571429
512 0.5 0.78125
512 2 0.787946428571429
512 8 0.799107142857143
2048 3.0517578125E-05 0.645089285714286
2048 0.0001220703125 0.698660714285714
2048 0.00048828125 0.709821428571429
2048 0.001953125 0.71875
2048 0.0078125 0.729910714285714
2048 0.03125 0.747767857142857
2048 0.125 0.765625
2048 0.5 0.765625
2048 2 0.785714285714286
2048 8 0.792410714285714
8192 3.0517578125E-05 0.694196428571429
8192 0.0001220703125 0.716517857142857
8192 0.00048828125 0.723214285714286
8192 0.001953125 0.723214285714286
8192 0.0078125 0.738839285714286
8192 0.03125 0.763392857142857
8192 0.125 0.767857142857143
8192 0.5 0.779017857142857
8192 2 0.774553571428571
8192 8 0.810267857142857
32768 3.0517578125E-05 0.714285714285714
32768 0.0001220703125 0.723214285714286
32768 0.00048828125 0.714285714285714
32768 0.001953125 0.741071428571429
32768 0.0078125 0.754464285714286
32768 0.03125 0.754464285714286
32768 0.125 0.776785714285714
32768 0.5 0.801339285714286
32768 2 0.805803571428571
32768 8 0.821428571428571
13777.2468675169 3.36358566101486 0.808035714285714
13777.2468675169 4 0.794642857142857
13777.2468675169 4.75682846001088 0.816964285714286
13777.2468675169 5.65685424949238 0.792410714285714
13777.2468675169 6.72717132202972 0.814732142857143
13777.2468675169 8 0.790178571428571
13777.2468675169 9.51365692002177 0.808035714285714
13777.2468675169 11.3137084989848 0.821428571428571
13777.2468675169 13.4543426440594 0.803571428571429
13777.2468675169 16 0.823660714285714
13777.2468675169 19.0273138400435 0.816964285714286
16384 3.36358566101486 0.821428571428571
16384 4 0.810267857142857
16384 4.75682846001088 0.792410714285714
16384 5.65685424949238 0.8125
16384 6.72717132202972 0.828125
16384 8 0.794642857142857
16384 9.51365692002177 0.790178571428571
16384 11.3137084989848 0.814732142857143
16384 13.4543426440594 0.792410714285714
16384 16 0.803571428571429
16384 19.0273138400435 0.808035714285714
19483.9693722046 3.36358566101486 0.839285714285714
19483.9693722046 4 0.803571428571429
19483.9693722046 4.75682846001088 0.816964285714286
19483.9693722046 5.65685424949238 0.794642857142857
19483.9693722046 6.72717132202972 0.819196428571429
19483.9693722046 8 0.810267857142857
19483.9693722046 9.51365692002177 0.816964285714286
19483.9693722046 11.3137084989848 0.794642857142857
19483.9693722046 13.4543426440594 0.799107142857143
19483.9693722046 16 0.785714285714286
19483.9693722046 19.0273138400435 0.78125
23170.4750059208 3.36358566101486 0.805803571428571
23170.4750059208 4 0.830357142857143
23170.4750059208 4.75682846001088 0.799107142857143
23170.4750059208 5.65685424949238 0.832589285714286
23170.4750059208 6.72717132202972 0.828125
23170.4750059208 8 0.816964285714286
23170.4750059208 9.51365692002177 0.803571428571429
23170.4750059208 11.3137084989848 0.832589285714286
23170.4750059208 13.4543426440594 0.821428571428571
23170.4750059208 16 0.821428571428571
23170.4750059208 19.0273138400435 0.799107142857143
27554.4937350337 3.36358566101486 0.810267857142857
27554.4937350337 4 0.810267857142857
27554.4937350337 4.75682846001088 0.805803571428571
27554.4937350337 5.65685424949238 0.765625
27554.4937350337 6.72717132202972 0.805803571428571
27554.4937350337 8 0.803571428571429
27554.4937350337 9.51365692002177 0.803571428571429
27554.4937350337 11.3137084989848 0.785714285714286
27554.4937350337 13.4543426440594 0.803571428571429
27554.4937350337 16 0.790178571428571
27554.4937350337 19.0273138400435 0.801339285714286
38967.9387444092 3.36358566101486 0.825892857142857
38967.9387444092 4 0.794642857142857
38967.9387444092 4.75682846001088 0.803571428571429
38967.9387444092 5.65685424949238 0.810267857142857
38967.9387444092 6.72717132202972 0.816964285714286
38967.9387444092 8 0.796875
38967.9387444092 9.51365692002177 0.763392857142857
38967.9387444092 11.3137084989848 0.821428571428571
38967.9387444092 13.4543426440594 0.776785714285714
38967.9387444092 16 0.808035714285714
38967.9387444092 19.0273138400435 0.785714285714286
46340.9500118416 3.36358566101486 0.819196428571429
46340.9500118416 4 0.819196428571429
46340.9500118416 4.75682846001088 0.823660714285714
46340.9500118416 5.65685424949238 0.819196428571429
46340.9500118416 6.72717132202972 0.814732142857143
46340.9500118416 8 0.808035714285714
46340.9500118416 9.51365692002177 0.816964285714286
46340.9500118416 11.3137084989848 0.794642857142857
46340.9500118416 13.4543426440594 0.794642857142857
46340.9500118416 16 0.796875
46340.9500118416 19.0273138400435 0.776785714285714
55108.9874700674 3.36358566101486 0.803571428571429
55108.9874700674 4 0.832589285714286
55108.9874700674 4.75682846001088 0.783482142857143
55108.9874700674 5.65685424949238 0.774553571428571
55108.9874700674 6.72717132202972 0.783482142857143
55108.9874700674 8 0.816964285714286
55108.9874700674 9.51365692002177 0.801339285714286
55108.9874700674 11.3137084989848 0.799107142857143
55108.9874700674 13.4543426440594 0.792410714285714
55108.9874700674 16 0.803571428571429
55108.9874700674 19.0273138400435 0.814732142857143
65536 3.36358566101486 0.792410714285714
65536 4 0.819196428571429
65536 4.75682846001088 0.830357142857143
65536 5.65685424949238 0.828125
65536 6.72717132202972 0.787946428571429
65536 8 0.805803571428571
65536 9.51365692002177 0.783482142857143
65536 11.3137084989848 0.819196428571429
65536 13.4543426440594 0.808035714285714
65536 16 0.8125
65536 19.0273138400435 0.776785714285714
77935.8774888183 3.36358566101486 0.803571428571429
77935.8774888183 4 0.785714285714286
77935.8774888183 4.75682846001088 0.825892857142857
77935.8774888183 5.65685424949238 0.799107142857143
77935.8774888183 6.72717132202972 0.828125
77935.8774888183 8 0.825892857142857
77935.8774888183 9.51365692002177 0.805803571428571
77935.8774888183 11.3137084989848 0.799107142857143
77935.8774888183 13.4543426440594 0.796875
77935.8774888183 16 0.8125
77935.8774888183 19.0273138400435 0.792410714285714
