0.03125 3.0517578125E-05 0.607449856733524
0.03125 0.0001220703125 0.607449856733524
0.03125 0.00048828125 0.607449856733524
0.03125 0.001953125 0.607449856733524
0.03125 0.0078125 0.607449856733524
0.03125 0.03125 0.607449856733524
0.03125 0.125 0.607449856733524
0.03125 0.5 0.607449856733524
0.03125 2 0.607449856733524
0.03125 8 0.607449856733524
0.125 3.0517578125E-05 0.607449856733524
0.125 0.0001220703125 0.607449856733524
0.125 0.00048828125 0.607449856733524
0.125 0.001953125 0.607449856733524
0.125 0.0078125 0.607449856733524
0.125 0.03125 0.607449856733524
0.125 0.125 0.607449856733524
0.125 0.5 0.702005730659026
0.125 2 0.727793696275072
0.125 8 0.739255014326648
0.5 3.0517578125E-05 0.607449856733524
0.5 0.0001220703125 0.607449856733524
0.5 0.00048828125 0.607449856733524
0.5 0.001953125 0.607449856733524
0.5 0.0078125 0.607449856733524
0.5 0.03125 0.607449856733524
0.5 0.125 0.710601719197708
0.5 0.5 0.765042979942693
0.5 2 0.790830945558739
0.5 8 0.822349570200573
2 3.0517578125E-05 0.607449856733524
2 0.0001220703125 0.607449856733524
2 0.00048828125 0.607449856733524
2 0.001953125 0.607449856733524
2 0.0078125 0.607449856733524
2 0.03125 0.707736389684814
2 0.125 0.744985673352435
2 0.5 0.787965616045845
2 2 0.808022922636103
2 8 0.839541547277937
8 3.0517578125E-05 0.607449856733524
8 0.0001220703125 0.607449856733524
8 0.00048828125 0.607449856733524
8 0.001953125 0.607449856733524
8 0.0078125 0.710601719197708
8 0.03125 0.744985673352435
8 0.125 0.776504297994269
8 0.5 0.810888252148997
8 2 0.851002865329513
8 8 0.902578796561605
32 3.0517578125E-05 0.607449856733524
32 0.0001220703125 0.607449856733524
32 0.00048828125 0.607449856733524
32 0.001953125 0.707736389684814
32 0.0078125 0.759312320916905
32 0.03125 0.787965616045845
32 0.125 0.808022922636103
32 0.5 0.856733524355301
32 2 0.891117478510029
32 8 0.92836676217765
128 3.0517578125E-05 0.607449856733524
128 0.0001220703125 0.607449856733524
128 0.00048828125 0.713467048710602
128 0.001953125 0.742120343839542
128 0.0078125 0.779369627507163
128 0.03125 0.799426934097421
128 0.125 0.828080229226361
128 0.5 0.871060171919771
128 2 0.925501432664756
128 8 0.931232091690544
512 3.0517578125E-05 0.607449856733524
512 0.0001220703125 0.707736389684814
512 0.00048828125 0.73352435530086
512 0.001953125 0.776504297994269
512 0.0078125 0.790830945558739
512 0.03125 0.825214899713467
512 0.125 0.853868194842407
512 0.5 0.905444126074499
512 2 0.916905444126075
512 8 0.902578796561605
2048 3.0517578125E-05 0.707736389684814
2048 0.0001220703125 0.747851002865329
2048 0.00048828125 0.779369627507163
2048 0.001953125 0.790830945558739
2048 0.0078125 0.825214899713467
2048 0.03125 0.853868194842407
2048 0.125 0.888252148997135
2048 0.5 0.911174785100286
2048 2 0.922636103151863
2048 8 0.902578796561605
8192 3.0517578125E-05 0.762177650429799
8192 0.0001220703125 0.779369627507163
8192 0.00048828125 0.779369627507163
8192 0.001953125 0.830945558739255
8192 0.0078125 0.833810888252149
8192 0.03125 0.848137535816619
8192 0.125 0.891117478510029
8192 0.5 0.891117478510029
8192 2 0.91404011461318
8192 8 0.885386819484241
32768 3.0517578125E-05 0.779369627507163
32768 0.0001220703125 0.805157593123209
32768 0.00048828125 0.819484240687679
32768 0.001953125 0.856733524355301
32768 0.0078125 0.853868194842407
32768 0.03125 0.865329512893983
32768 0.125 0.916905444126075
32768 0.5 0.908309455587393
32768 2 0.902578796561605
32768 8 0.908309455587393
53.8173705762377 3.36358566101486 0.922636103151863
53.8173705762377 4 0.908309455587393
53.8173705762377 4.75682846001088 0.925501432664756
53.8173705762377 5.65685424949238 0.925501432664756
53.8173705762377 6.72717132202972 0.905444126074499
53.8173705762377 8 0.931232091690544
53.8173705762377 9.51365692002177 0.92836676217765
53.8173705762377 11.3137084989848 0.925501432664756
53.8173705762377 13.4543426440594 0.925501432664756
53.8173705762377 16 0.931232091690544
53.8173705762377 19.0273138400435 0.92836676217765
64 3.36358566101486 0.91404011461318
64 4 0.916905444126075
64 4.75682846001088 0.925501432664756
64 5.65685424949238 0.91404011461318
64 6.72717132202972 0.925501432664756
64 8 0.922636103151863
64 9.51365692002177 0.908309455587393
64 11.3137084989848 0.922636103151863
64 13.4543426440594 0.916905444126075
64 16 0.922636103151863
64 19.0273138400435 0.922636103151863
76.1092553601741 3.36358566101486 0.905444126074499
76.1092553601741 4 0.919770773638969
76.1092553601741 4.75682846001088 0.916905444126075
76.1092553601741 5.65685424949238 0.92836676217765
76.1092553601741 6.72717132202972 0.936962750716332
76.1092553601741 8 0.939828080229226
76.1092553601741 9.51365692002177 0.939828080229226
76.1092553601741 11.3137084989848 0.922636103151863
76.1092553601741 13.4543426440594 0.91404011461318
76.1092553601741 16 0.916905444126075
76.1092553601741 19.0273138400435 0.925501432664756
90.5096679918781 3.36358566101486 0.925501432664756
90.5096679918781 4 0.922636103151863
90.5096679918781 4.75682846001088 0.934097421203438
90.5096679918781 5.65685424949238 0.934097421203438
90.5096679918781 6.72717132202972 0.922636103151863
90.5096679918781 8 0.919770773638969
90.5096679918781 9.51365692002177 0.936962750716332
90.5096679918781 11.3137084989848 0.893982808022923
90.5096679918781 13.4543426440594 0.902578796561605
90.5096679918781 16 0.908309455587393
90.5096679918781 19.0273138400435 0.888252148997135
107.634741152475 3.36358566101486 0.916905444126075
107.634741152475 4 0.925501432664756
107.634741152475 4.75682846001088 0.911174785100286
107.634741152475 5.65685424949238 0.911174785100286
107.634741152475 6.72717132202972 0.91404011461318
107.634741152475 8 0.91404011461318
107.634741152475 9.51365692002177 0.925501432664756
107.634741152475 11.3137084989848 0.888252148997135
107.634741152475 13.4543426440594 0.91404011461318
107.634741152475 16 0.899713467048711
107.634741152475 19.0273138400435 0.911174785100286
152.218510720348 3.36358566101486 0.931232091690544
152.218510720348 4 0.936962750716332
152.218510720348 4.75682846001088 0.919770773638969
152.218510720348 5.65685424949238 0.922636103151863
152.218510720348 6.72717132202972 0.925501432664756
152.218510720348 8 0.919770773638969
152.218510720348 9.51365692002177 0.922636103151863
152.218510720348 11.3137084989848 0.922636103151863
152.218510720348 13.4543426440594 0.931232091690544
152.218510720348 16 0.916905444126075
152.218510720348 19.0273138400435 0.888252148997135
181.019335983756 3.36358566101486 0.922636103151863
181.019335983756 4 0.916905444126075
181.019335983756 4.75682846001088 0.94269340974212
181.019335983756 5.65685424949238 0.908309455587393
181.019335983756 6.72717132202972 0.916905444126075
181.019335983756 8 0.916905444126075
181.019335983756 9.51365692002177 0.919770773638969
181.019335983756 11.3137084989848 0.919770773638969
181.019335983756 13.4543426440594 0.919770773638969
181.019335983756 16 0.911174785100286
181.019335983756 19.0273138400435 0.908309455587393
215.269482304951 3.36358566101486 0.92836676217765
215.269482304951 4 0.925501432664756
215.269482304951 4.75682846001088 0.908309455587393
215.269482304951 5.65685424949238 0.902578796561605
215.269482304951 6.72717132202972 0.939828080229226
215.269482304951 8 0.905444126074499
215.269482304951 9.51365692002177 0.916905444126075
215.269482304951 11.3137084989848 0.919770773638969
215.269482304951 13.4543426440594 0.91404011461318
215.269482304951 16 0.896848137535817
215.269482304951 19.0273138400435 0.896848137535817
256 3.36358566101486 0.94269340974212
256 4 0.948424068767908
256 4.75682846001088 0.919770773638969
256 5.65685424949238 0.931232091690544
256 6.72717132202972 0.925501432664756
256 8 0.919770773638969
256 9.51365692002177 0.919770773638969
256 11.3137084989848 0.925501432664756
256 13.4543426440594 0.896848137535817
256 16 0.905444126074499
256 19.0273138400435 0.91404011461318
304.437021440697 3.36358566101486 0.931232091690544
304.437021440697 4 0.91404011461318
304.437021440697 4.75682846001088 0.925501432664756
304.437021440697 5.65685424949238 0.925501432664756
304.437021440697 6.72717132202972 0.908309455587393
304.437021440697 8 0.905444126074499
304.437021440697 9.51365692002177 0.934097421203438
304.437021440697 11.3137084989848 0.925501432664756
304.437021440697 13.4543426440594 0.891117478510029
304.437021440697 16 0.911174785100286
304.437021440697 19.0273138400435 0.902578796561605
