labels 0 1 -1
-1 -1 0.475222189358569 8.48043551290386E-05 0.524693006286302 
-1 -1 0.377214287564804 6.21239289927976E-05 0.622723588506203 
-1 -1 0.237570023017178 0.000708047451653544 0.761721929531168 
-1 -1 0.116861502958036 0.000139239264716565 0.882999257777247 
-1 -1 0.0683880537987063 5.41954645124185E-05 0.931557750736781 
-1 -1 0.0393440013692208 4.66665282509295E-05 0.960609332102528 
-1 -1 0.027093718836979 7.21741012902582E-05 0.972834107061731 
-1 -1 0.0223239668223917 0.000137497669869607 0.977538535507739 
-1 -1 0.0230295105327489 0.000285990714558073 0.976684498752693 
-1 -1 0.125442847002411 0.000139451677613744 0.874417701319975 
-1 -1 0.112035468667579 9.894211336054E-05 0.887865589219061 
-1 -1 0.113763446170204 0.000101707546258369 0.886134846283538 
-1 -1 0.163781565918156 0.000281156370975714 0.835937277710868 
-1 -1 0.176185016751156 0.000342102633150532 0.823472880615694 
-1 -1 0.189566281106224 0.000410286480777821 0.810023432412998 
-1 -1 0.241918543859839 0.000701595581296979 0.757379860558864 
-1 -1 0.344275895128343 5.32746530863547E-06 0.655718777406349 
-1 -1 0.413783987393285 3.82211393005491E-06 0.586212190492785 
-1 0 0.778268244752983 0.000135599190565536 0.221596156056452 
-1 0 0.813361959350076 8.25356884139122E-05 0.18655550496151 
-1 0 0.807512583633798 8.99625723472145E-05 0.192397453793855 
-1 0 0.776297666809314 0.000137794991915736 0.22356453819877 
-1 0 0.702172147484356 0.000301146897759634 0.297526705617884 
-1 0 0.568344171848845 0.000764465513003918 0.43089136263815 
-1 0 0.537028506686913 2.32494224884669E-05 0.462948243890598 
-1 -1 0.499329357929173 4.92324800238971E-05 0.500621409590803 
-1 -1 0.475797865094474 9.41417286150684E-05 0.52410799317691 
-1 -1 0.471162737473298 0.00019153295609649 0.528645729570606 
-1 -1 0.483491828067959 0.000763591203481242 0.51574458072856 
-1 0 0.502202959849321 0.00893487178076304 0.488862168369916 
-1 -1 0.40122816644598 0.114540345299348 0.484231488254672 
-1 -1 0.3037900545921 0.167933940150536 0.528276005257364 
-1 -1 0.304463342454799 0.219715835459918 0.475820822085284 
-1 -1 0.139971202317121 0.00423649224507107 0.855792305437809 
-1 -1 0.11188801051582 0.00131319619255164 0.886798793291628 
-1 -1 0.0967458166156537 0.000378268866910587 0.902875914517436 
-1 -1 0.0872150696362412 0.000120285198956711 0.912664645164802 
-1 -1 0.0908147097483419 6.59590133039423E-05 0.909119331238354 
-1 -1 0.103691176725242 7.60758151471984E-05 0.89623274745961 
-1 -1 0.127679571281624 0.000137174250349584 0.872183254468027 
-1 -1 0.171714315950337 0.000316140441969037 0.827969543607694 
-1 -1 0.235583997578089 0.000663146127761974 0.763752856294149 
-1 -1 0.365580548830637 3.24690720438449E-06 0.634416204262158 
-1 0 0.524653882472373 4.88525366603023E-06 0.475341232273961 
-1 0 0.675557414481706 0.000386993482955495 0.324055592035339 
-1 0 0.713690254671856 0.000282390026762477 0.286027355301381 
-1 0 0.750572875293268 0.000199292383499392 0.249227832323232 
-1 0 0.786331546092884 0.000135276700644334 0.213533177206472 
-1 0 0.76856481146756 0.000154371575867522 0.231280816956572 
-1 0 0.84807509710036 6.06772925383856E-05 0.151864225607102 
-1 0 0.853591413124335 5.93130551453025E-05 0.14634927382052 
-1 0 0.850142122099495 6.75729207777297E-05 0.149790304979727 
-1 0 0.847170696295611 7.69652903301656E-05 0.152752338414059 
-1 0 0.844578803118476 8.78965073379663E-05 0.155333300374186 
-1 0 0.840587305274547 0.000102759494211631 0.159309935231241 
-1 0 0.834195223586984 0.000133865449921951 0.165670910963095 
-1 0 0.81171267294338 0.000219879099553292 0.188067447957067 
-1 0 0.789811933546923 0.000367894684171076 0.209820171768906 
-1 0 0.764460747114131 0.000316995180889451 0.235222257704979 
-1 0 0.743410411672265 0.000409246370366547 0.256180341957368 
-1 0 0.722130231711438 0.000520439149887886 0.277349329138674 
-1 0 0.702073465134814 0.000647698355604847 0.297278836509582 
-1 0 0.684677035341157 0.000786037614139298 0.314536927044704 
-1 0 0.668392269263077 0.000941917313693956 0.330665813423229 
-1 0 0.655477603469465 0.00110476200920331 0.343417634521332 
-1 0 0.645182691274327 0.00127673163873426 0.353540577086938 
-1 0 0.632926783852645 0.00148221573423063 0.365591000413124 
-1 0 0.629671512815554 0.0016669173403129 0.368661569844133 
-1 0 0.633728682943514 0.00183166644594189 0.364439650610544 
-1 0 0.6268463989699 0.00264264540539912 0.370510955624701 
-1 0 0.608409504668489 0.00416497411009515 0.387425521221416 
-1 0 0.618882947219025 0.00626280817515983 0.374854244605815 
0 0 0.593747344925771 0.0030680428390974 0.403184612235132 
0 0 0.610538192426598 0.00327380103554662 0.386188006537855 
0 0 0.63749122190722 0.00338325272227784 0.359125525370503 
0 0 0.661441020142564 0.00353800609285733 0.335020973764579 
0 0 0.662136891110296 0.00548091090200446 0.3323821979877 
0 0 0.646103932624628 0.00456687469596555 0.349329192679406 
0 0 0.618451055530081 0.00760306509810995 0.373945879371809 
0 0 0.576189350207167 0.0130280929943844 0.410782556798448 
0 0 0.535942150068706 0.0209161692922397 0.443141680639054 
0 0 0.514272009135779 0.0295296187265975 0.456198372137623 
0 0 0.522059880423424 0.0364484746820634 0.441491644894512 
0 0 0.535085430275526 0.0432865137160249 0.421628056008449 
0 1 0.0477249245098619 0.951421907090583 0.000853168399555557 
0 1 0.0488842329144682 0.951067432466446 4.83346190858582E-05 
0 1 0.021219809420999 0.978620792198053 0.000159398380948296 
0 1 0.017621948710278 0.982327153783336 5.08975063859725E-05 
0 1 0.0151035323099648 0.984877163386656 1.93043033794221E-05 
0 1 0.012950292194845 0.98704066566035 9.04214480528609E-06 
0 1 0.0113453751939268 0.988649243710769 5.38109530432923E-06 
0 1 0.0106885264769859 0.989307332571097 4.14095191689869E-06 
0 1 0.0114358101147805 0.988560056659675 4.1332255446609E-06 
0 1 0.225237868277961 0.774762071757606 5.99644334270788E-08 
0 1 0.356101678752466 0.643898236615702 8.4631831990785E-08 
0 1 0.414889819101662 0.585110095736894 8.51614435111009E-08 
0 0 0.503650001100236 0.496206923215143 0.000143075684621189 
0 1 0.453329363705433 0.546496709039011 0.000173927255556285 
0 1 0.390443271726158 0.609556637513007 9.07608348292739E-08 
0 0 0.885442176365581 0.00216726291594949 0.112390560718469 
0 0 0.86701454366718 0.00411732304526045 0.128868133287559 
0 0 0.83707723628917 0.011663170379337 0.151259593331493 
0 0 0.792447010133467 0.032357954186126 0.175195035680407 
0 0 0.659868000717035 0.119371992476632 0.220760006806333 
0 0 0.440560617472054 0.230009707082255 0.32942967544569 
1 -1 0.269631685365411 0.266202578967179 0.46416573566741 
1 0 0.921025080767303 0.00125818246413588 0.0777167367685618 
1 0 0.838151148161313 0.0280236522567794 0.133825199581908 
1 0 0.634934919885757 0.0874043454235493 0.277660734690693 
1 0 0.699031850146748 0.130384893865533 0.17058325598772 
1 0 0.708882396375989 0.247522319004488 0.0435952846195232 
1 0 0.537858560810756 0.456192034102465 0.00594940508677898 
1 1 0.363681501083138 0.635618664710075 0.000699834206786309 
1 1 0.231573824175303 0.768322149558361 0.000104026266335793 
1 1 0.00591052941581359 0.993628689188501 0.000460781395685681 
1 1 0.00406015007613987 0.995806405084313 0.000133444839547281 
1 1 0.00297329013199548 0.996982426597755 4.4283270249231E-05 
1 1 0.00276125719834616 0.997221145899242 1.7596902411739E-05 
1 1 0.00210828476714876 0.997882815421293 8.89981155784295E-06 
0 1 0.00169366261185598 0.998300457759693 5.8796284513285E-06 
0 1 2.43459522088106E-06 0.999991209485627 6.35591915161955E-06 
0 1 2.42504040788447E-06 0.999990379401183 7.19555840906536E-06 
0 1 0.253939008071577 0.74606090473899 8.71894330843934E-08 
0 1 0.474004129617193 0.525833154450373 0.000162715932433557 
0 0 0.712253646539562 0.28773269893872 1.36545217172794E-05 
0 0 0.868917893875232 0.131081878854251 2.27270516829748E-07 
0 0 0.824855333133207 0.175143824996864 8.41869929009816E-07 
0 0 0.755968228173684 0.244026199946496 5.57187982063025E-06 
0 0 0.976501385298825 0.000242775828644097 0.0232558388725309 
0 0 0.979660301495385 0.000186821115304544 0.0201528773893104 
0 0 0.975936927792358 0.000293393964651419 0.023769678242991 
0 0 0.963045576664175 0.0011642727473423 0.0357901505884826 
0 0 0.939714233897919 0.00224557915658807 0.0580401869454931 
0 0 0.88201841789546 0.00405879387712528 0.113922788227414 
0 0 0.749715037902556 0.0104321964361912 0.239852765661252 
0 -1 0.462256494297997 0.040514352724315 0.497229152977688 
-1 -1 0.384040630449971 0.053138879192191 0.562820490357838 
-1 0 0.985971570195908 9.46654241104703E-05 0.0139337643799809 
-1 0 0.981441537508612 0.000159238760691067 0.0183992237306969 
-1 0 0.981319103296875 0.000160944287079821 0.0185199524160456 
-1 0 0.740000370957215 0.000438901293116215 0.259560727749669 
-1 0 0.838754501493299 9.94484183737244E-05 0.161146050088327 
-1 0 0.907011404801613 1.83062672064235E-05 0.0929702889311809 
-1 0 0.9560916583631 0.000761991520902167 0.0431463501159982 
-1 0 0.971160753154859 0.000354413949275383 0.0284848328958654 
-1 0 0.971825424842096 0.000339451937894613 0.027835123220009 
-1 0 0.986147188064933 8.86319806752549E-05 0.0137641799543922 
-1 0 0.991440528700712 3.48962410298349E-05 0.00852457505825828 
-1 0 0.990802952752412 4.01555023637482E-05 0.00915689174522443 
-1 0 0.984964505436829 0.000104882509184091 0.0149306120539872 
-1 0 0.972843033375372 0.000452462193369634 0.026704504431258 
-1 0 0.954449746872997 0.00288676496787557 0.0426634881591271 
-1 0 0.98287535092775 0.000133104125639247 0.0169915449466109 
-1 0 0.980954045857774 0.000163873271885669 0.0188820808703407 
-1 0 0.965428686107755 0.000559829345070533 0.034011484547174 
-1 0 0.935962435965589 0.00311878584549494 0.0609187781889162 
-1 0 0.881290215489487 0.00888598580484789 0.109823798705666 
-1 0 0.828073360568237 0.0179791918872668 0.153947447544496 
-1 0 0.753773047520685 0.0329330877394161 0.213293864739899 
-1 0 0.666365709107341 0.0567889076046979 0.276845383287961 
-1 0 0.583460318099912 0.00291210272433678 0.413627579175751 
-1 0 0.620338680160351 0.00796248784163763 0.371698831998011 
-1 0 0.627560163577573 0.0251847186077115 0.347255117814716 
-1 0 0.633988669046983 0.0436986299796535 0.322312700973363 
-1 0 0.665543076850214 0.0357875123633784 0.298669410786408 
-1 0 0.836725649800581 0.117279348905179 0.0459950012942401 
-1 0 0.727426827422949 0.204449607006287 0.0681235655707645 
-1 0 0.561973314099606 0.00219814020644632 0.435828545693948 
-1 0 0.551866552459009 0.0274946911209947 0.420638756419997 
-1 0 0.56602285476158 0.000995266821381492 0.432981878417038 
-1 0 0.615421730578325 0.000649981328163085 0.383928288093512 
-1 0 0.685264690312822 0.000382695525552152 0.314352614161625 
-1 0 0.707959636883873 0.000310299535869497 0.291730063580257 
-1 0 0.672368327472881 0.000415895341170984 0.327215777185948 
-1 0 0.784996815313953 0.00012769469997918 0.214875489986068 
-1 0 0.805453368118216 0.00010003957030973 0.194446592311474 
-1 0 0.774023027057837 0.000167154708482132 0.225809818233681 
-1 0 0.703806378746721 0.000513732234741011 0.295679889018538 
-1 0 0.67950176557362 0.00379196559706404 0.316706268829316 
-1 0 0.683143763551012 0.0550400476938349 0.261816188755153 
-1 0 0.690934615483341 0.0603058211937032 0.248759563322956 
0 0 0.72419929074098 0.0580163233721891 0.217784385886831 
-1 0 0.734393326007 0.0569422776450702 0.20866439634793 
-1 0 0.599075985013495 0.0080105378953624 0.392913477091143 
-1 0 0.642359465015957 0.0031047093003355 0.354535825683708 
-1 0 0.599383395801983 0.0508538988012509 0.349762705396766 
-1 0 0.591444401030984 0.0698010566377792 0.338754542331237 
-1 0 0.601240241893715 0.081754998266037 0.317004759840248 
-1 0 0.654824911026729 0.00182717412572814 0.343347914847543 
-1 0 0.570429882665715 0.00301113848876017 0.426558978845525 
