0.03125 3.0517578125E-05 0.506900878293601
0.03125 0.0001220703125 0.506900878293601
0.03125 0.00048828125 0.506900878293601
0.03125 0.001953125 0.506900878293601
0.03125 0.0078125 0.506900878293601
0.03125 0.03125 0.506900878293601
0.03125 0.125 0.506900878293601
0.03125 0.5 0.506900878293601
0.03125 2 0.559598494353827
0.03125 8 0.523212045169385
0.125 3.0517578125E-05 0.506900878293601
0.125 0.0001220703125 0.506900878293601
0.125 0.00048828125 0.506900878293601
0.125 0.001953125 0.506900878293601
0.125 0.0078125 0.506900878293601
0.125 0.03125 0.506900878293601
0.125 0.125 0.508155583437892
0.125 0.5 0.578419071518193
0.125 2 0.642409033877039
0.125 8 0.687578419071518
0.5 3.0517578125E-05 0.506900878293601
0.5 0.0001220703125 0.506900878293601
0.5 0.00048828125 0.506900878293601
0.5 0.001953125 0.506900878293601
0.5 0.0078125 0.506900878293601
0.5 0.03125 0.511919698870765
0.5 0.125 0.570890840652447
0.5 0.5 0.639899623588457
0.5 2 0.720200752823087
0.5 8 0.728983688833124
2 3.0517578125E-05 0.506900878293601
2 0.0001220703125 0.506900878293601
2 0.00048828125 0.506900878293601
2 0.001953125 0.506900878293601
2 0.0078125 0.511919698870765
2 0.03125 0.572145545796738
2 0.125 0.656210790464241
2 0.5 0.721455457967378
2 2 0.734002509410289
2 8 0.765370138017566
8 3.0517578125E-05 0.506900878293601
8 0.0001220703125 0.506900878293601
8 0.00048828125 0.506900878293601
8 0.001953125 0.515683814303639
8 0.0078125 0.57465495608532
8 0.03125 0.646173149309912
8 0.125 0.717691342534504
8 0.5 0.742785445420326
8 2 0.775407779171895
8 8 0.772898368883312
32 3.0517578125E-05 0.506900878293601
32 0.0001220703125 0.506900878293601
32 0.00048828125 0.515683814303639
32 0.001953125 0.573400250941029
32 0.0078125 0.633626097867001
32 0.03125 0.717691342534504
32 0.125 0.739021329987453
32 0.5 0.744040150564617
32 2 0.795483061480552
32 8 0.80426599749059
128 3.0517578125E-05 0.506900878293601
128 0.0001220703125 0.514429109159348
128 0.00048828125 0.578419071518193
128 0.001953125 0.629861982434128
128 0.0078125 0.717691342534504
128 0.03125 0.731493099121706
128 0.125 0.750313676286073
128 0.5 0.782936010037641
128 2 0.799247176913425
128 8 0.796737766624843
512 3.0517578125E-05 0.525721455457967
512 0.0001220703125 0.579673776662484
512 0.00048828125 0.638644918444166
512 0.001953125 0.720200752823087
512 0.0078125 0.726474278544542
512 0.03125 0.741530740276035
512 0.125 0.756587202007528
512 0.5 0.803011292346299
512 2 0.813048933500627
512 8 0.777917189460477
2048 3.0517578125E-05 0.573400250941029
2048 0.0001220703125 0.642409033877039
2048 0.00048828125 0.717691342534504
2048 0.001953125 0.72396486825596
2048 0.0078125 0.739021329987453
2048 0.03125 0.745294855708908
2048 0.125 0.779171894604768
2048 0.5 0.823086574654956
2048 2 0.808030112923463
2048 8 0.789209535759097
8192 3.0517578125E-05 0.647427854454203
8192 0.0001220703125 0.720200752823087
8192 0.00048828125 0.728983688833124
8192 0.001953125 0.737766624843162
8192 0.0078125 0.737766624843162
8192 0.03125 0.755332496863237
8192 0.125 0.791718946047679
8192 0.5 0.818067754077792
8192 2 0.785445420326223
8192 8 0.800501882057716
32768 3.0517578125E-05 0.720200752823087
32768 0.0001220703125 0.727728983688833
32768 0.00048828125 0.736511919698871
32768 0.001953125 0.755332496863237
32768 0.0078125 0.757841907151819
32768 0.03125 0.769134253450439
32768 0.125 0.810539523212045
32768 0.5 0.809284818067754
32768 2 0.794228356336261
32768 8 0.794228356336261
861.077929219804 0.210224103813429 0.782936010037641
861.077929219804 0.25 0.79297365119197
861.077929219804 0.29730177875068 0.785445420326223
861.077929219804 0.353553390593274 0.794228356336261
861.077929219804 0.420448207626857 0.791718946047679
861.077929219804 0.5 0.808030112923463
861.077929219804 0.594603557501361 0.811794228356336
861.077929219804 0.707106781186548 0.814303638644918
861.077929219804 0.840896415253715 0.810539523212045
861.077929219804 1 0.816813048933501
861.077929219804 1.18920711500272 0.826850690087829
1024 0.210224103813429 0.782936010037641
1024 0.25 0.794228356336261
1024 0.29730177875068 0.801756587202007
1024 0.353553390593274 0.787954830614806
1024 0.420448207626857 0.799247176913425
1024 0.5 0.80426599749059
1024 0.594603557501361 0.80426599749059
1024 0.707106781186548 0.813048933500627
1024 0.840896415253715 0.819322459222083
1024 1 0.814303638644918
1024 1.18920711500272 0.814303638644918
1217.74808576279 0.210224103813429 0.79297365119197
1217.74808576279 0.25 0.782936010037641
1217.74808576279 0.29730177875068 0.795483061480552
1217.74808576279 0.353553390593274 0.806775407779172
1217.74808576279 0.420448207626857 0.796737766624843
1217.74808576279 0.5 0.80426599749059
1217.74808576279 0.594603557501361 0.810539523212045
1217.74808576279 0.707106781186548 0.820577164366374
1217.74808576279 0.840896415253715 0.808030112923463
1217.74808576279 1 0.805520702634881
1217.74808576279 1.18920711500272 0.823086574654956
1448.15468787005 0.210224103813429 0.791718946047679
1448.15468787005 0.25 0.797992471769134
1448.15468787005 0.29730177875068 0.805520702634881
1448.15468787005 0.353553390593274 0.801756587202007
1448.15468787005 0.420448207626857 0.805520702634881
1448.15468787005 0.5 0.796737766624843
1448.15468787005 0.594603557501361 0.81555834378921
1448.15468787005 0.707106781186548 0.819322459222083
1448.15468787005 0.840896415253715 0.818067754077792
1448.15468787005 1 0.823086574654956
1448.15468787005 1.18920711500272 0.820577164366374
1722.15585843961 0.210224103813429 0.79297365119197
1722.15585843961 0.25 0.794228356336261
1722.15585843961 0.29730177875068 0.797992471769134
1722.15585843961 0.353553390593274 0.814303638644918
1722.15585843961 0.420448207626857 0.801756587202007
1722.15585843961 0.5 0.81555834378921
1722.15585843961 0.594603557501361 0.813048933500627
1722.15585843961 0.707106781186548 0.806775407779172
1722.15585843961 0.840896415253715 0.826850690087829
1722.15585843961 1 0.810539523212045
1722.15585843961 1.18920711500272 0.805520702634881
2435.49617152557 0.210224103813429 0.797992471769134
2435.49617152557 0.25 0.797992471769134
2435.49617152557 0.29730177875068 0.797992471769134
2435.49617152557 0.353553390593274 0.814303638644918
2435.49617152557 0.420448207626857 0.808030112923463
2435.49617152557 0.5 0.820577164366374
2435.49617152557 0.594603557501361 0.821831869510665
2435.49617152557 0.707106781186548 0.823086574654956
2435.49617152557 0.840896415253715 0.81555834378921
2435.49617152557 1 0.809284818067754
2435.49617152557 1.18920711500272 0.808030112923463
2896.3093757401 0.210224103813429 0.790464240903388
2896.3093757401 0.25 0.791718946047679
2896.3093757401 0.29730177875068 0.801756587202007
2896.3093757401 0.353553390593274 0.809284818067754
2896.3093757401 0.420448207626857 0.809284818067754
2896.3093757401 0.5 0.814303638644918
2896.3093757401 0.594603557501361 0.834378920953576
2896.3093757401 0.707106781186548 0.821831869510665
2896.3093757401 0.840896415253715 0.82810539523212
2896.3093757401 1 0.814303638644918
2896.3093757401 1.18920711500272 0.790464240903388
3444.31171687921 0.210224103813429 0.791718946047679
3444.31171687921 0.25 0.803011292346299
3444.31171687921 0.29730177875068 0.801756587202007
3444.31171687921 0.353553390593274 0.809284818067754
3444.31171687921 0.420448207626857 0.821831869510665
3444.31171687921 0.5 0.821831869510665
3444.31171687921 0.594603557501361 0.816813048933501
3444.31171687921 0.707106781186548 0.811794228356336
3444.31171687921 0.840896415253715 0.81555834378921
3444.31171687921 1 0.821831869510665
3444.31171687921 1.18920711500272 0.814303638644918
4096 0.210224103813429 0.79297365119197
4096 0.25 0.796737766624843
4096 0.29730177875068 0.801756587202007
4096 0.353553390593274 0.800501882057716
4096 0.420448207626857 0.806775407779172
4096 0.5 0.821831869510665
4096 0.594603557501361 0.825595984943538
4096 0.707106781186548 0.825595984943538
4096 0.840896415253715 0.821831869510665
4096 1 0.810539523212045
4096 1.18920711500272 0.821831869510665
4870.99234305115 0.210224103813429 0.795483061480552
4870.99234305115 0.25 0.808030112923463
4870.99234305115 0.29730177875068 0.809284818067754
4870.99234305115 0.353553390593274 0.808030112923463
4870.99234305115 0.420448207626857 0.808030112923463
4870.99234305115 0.5 0.800501882057716
4870.99234305115 0.594603557501361 0.823086574654956
4870.99234305115 0.707106781186548 0.805520702634881
4870.99234305115 0.840896415253715 0.803011292346299
4870.99234305115 1 0.820577164366374
4870.99234305115 1.18920711500272 0.830614805520703
