0.03125 3.0517578125E-05 0.602258469259724
0.03125 0.0001220703125 0.602258469259724
0.03125 0.00048828125 0.602258469259724
0.03125 0.001953125 0.602258469259724
0.03125 0.0078125 0.602258469259724
0.03125 0.03125 0.602258469259724
0.03125 0.125 0.602258469259724
0.03125 0.5 0.602258469259724
0.03125 2 0.602258469259724
0.03125 8 0.602258469259724
0.125 3.0517578125E-05 0.602258469259724
0.125 0.0001220703125 0.602258469259724
0.125 0.00048828125 0.602258469259724
0.125 0.001953125 0.602258469259724
0.125 0.0078125 0.602258469259724
0.125 0.03125 0.602258469259724
0.125 0.125 0.602258469259724
0.125 0.5 0.602258469259724
0.125 2 0.603513174404015
0.125 8 0.659974905897114
0.5 3.0517578125E-05 0.602258469259724
0.5 0.0001220703125 0.602258469259724
0.5 0.00048828125 0.602258469259724
0.5 0.001953125 0.602258469259724
0.5 0.0078125 0.602258469259724
0.5 0.03125 0.602258469259724
0.5 0.125 0.602258469259724
0.5 0.5 0.608531994981179
0.5 2 0.713927227101631
0.5 8 0.717691342534504
2 3.0517578125E-05 0.602258469259724
2 0.0001220703125 0.602258469259724
2 0.00048828125 0.602258469259724
2 0.001953125 0.602258469259724
2 0.0078125 0.602258469259724
2 0.03125 0.602258469259724
2 0.125 0.608531994981179
2 0.5 0.716436637390213
2 2 0.737766624843162
2 8 0.73525721455458
8 3.0517578125E-05 0.602258469259724
8 0.0001220703125 0.602258469259724
8 0.00048828125 0.602258469259724
8 0.001953125 0.602258469259724
8 0.0078125 0.602258469259724
8 0.03125 0.603513174404015
8 0.125 0.713927227101631
8 0.5 0.742785445420326
8 2 0.749058971141782
8 8 0.752823086574655
32 3.0517578125E-05 0.602258469259724
32 0.0001220703125 0.602258469259724
32 0.00048828125 0.602258469259724
32 0.001953125 0.602258469259724
32 0.0078125 0.604767879548306
32 0.03125 0.707653701380176
32 0.125 0.741530740276035
32 0.5 0.747804265997491
32 2 0.755332496863237
32 8 0.78168130489335
128 3.0517578125E-05 0.602258469259724
128 0.0001220703125 0.602258469259724
128 0.00048828125 0.602258469259724
128 0.001953125 0.604767879548306
128 0.0078125 0.702634880803011
128 0.03125 0.744040150564617
128 0.125 0.751568381430364
128 0.5 0.755332496863237
128 2 0.790464240903388
128 8 0.789209535759097
512 3.0517578125E-05 0.602258469259724
512 0.0001220703125 0.602258469259724
512 0.00048828125 0.603513174404015
512 0.001953125 0.708908406524467
512 0.0078125 0.740276035131744
512 0.03125 0.752823086574655
512 0.125 0.757841907151819
512 0.5 0.767879548306148
512 2 0.801756587202007
512 8 0.795483061480552
2048 3.0517578125E-05 0.602258469259724
2048 0.0001220703125 0.603513174404015
2048 0.00048828125 0.705144291091593
2048 0.001953125 0.740276035131744
2048 0.0078125 0.747804265997491
2048 0.03125 0.754077791718946
2048 0.125 0.764115432873275
2048 0.5 0.796737766624843
2048 2 0.824341279799247
2048 8 0.767879548306148
8192 3.0517578125E-05 0.603513174404015
8192 0.0001220703125 0.706398996235885
8192 0.00048828125 0.741530740276035
8192 0.001953125 0.747804265997491
8192 0.0078125 0.755332496863237
8192 0.03125 0.756587202007528
8192 0.125 0.784190715181932
8192 0.5 0.79297365119197
8192 2 0.803011292346299
8192 8 0.774153074027603
32768 3.0517578125E-05 0.708908406524467
32768 0.0001220703125 0.737766624843162
32768 0.00048828125 0.749058971141782
32768 0.001953125 0.754077791718946
32768 0.0078125 0.765370138017566
32768 0.03125 0.766624843161857
32768 0.125 0.791718946047679
32768 0.5 0.81555834378921
32768 2 0.80426599749059
32768 8 0.755332496863237
861.077929219804 0.840896415253715 0.791718946047679
861.077929219804 1 0.801756587202007
861.077929219804 1.18920711500272 0.806775407779172
861.077929219804 1.4142135623731 0.794228356336261
861.077929219804 1.68179283050743 0.816813048933501
861.077929219804 2 0.821831869510665
861.077929219804 2.37841423000544 0.809284818067754
861.077929219804 2.82842712474619 0.813048933500627
861.077929219804 3.36358566101486 0.796737766624843
861.077929219804 4 0.811794228356336
861.077929219804 4.75682846001088 0.789209535759097
1024 0.840896415253715 0.79297365119197
1024 1 0.801756587202007
1024 1.18920711500272 0.80426599749059
1024 1.4142135623731 0.809284818067754
1024 1.68179283050743 0.816813048933501
1024 2 0.800501882057716
1024 2.37841423000544 0.811794228356336
1024 2.82842712474619 0.811794228356336
1024 3.36358566101486 0.809284818067754
1024 4 0.813048933500627
1024 4.75682846001088 0.808030112923463
1217.74808576279 0.840896415253715 0.801756587202007
1217.74808576279 1 0.810539523212045
1217.74808576279 1.18920711500272 0.811794228356336
1217.74808576279 1.4142135623731 0.801756587202007
1217.74808576279 1.68179283050743 0.816813048933501
1217.74808576279 2 0.813048933500627
1217.74808576279 2.37841423000544 0.81555834378921
1217.74808576279 2.82842712474619 0.818067754077792
1217.74808576279 3.36358566101486 0.811794228356336
1217.74808576279 4 0.809284818067754
1217.74808576279 4.75682846001088 0.803011292346299
1448.15468787005 0.840896415253715 0.794228356336261
1448.15468787005 1 0.794228356336261
1448.15468787005 1.18920711500272 0.811794228356336
1448.15468787005 1.4142135623731 0.813048933500627
1448.15468787005 1.68179283050743 0.811794228356336
1448.15468787005 2 0.811794228356336
1448.15468787005 2.37841423000544 0.809284818067754
1448.15468787005 2.82842712474619 0.814303638644918
1448.15468787005 3.36358566101486 0.814303638644918
1448.15468787005 4 0.808030112923463
1448.15468787005 4.75682846001088 0.805520702634881
1722.15585843961 0.840896415253715 0.803011292346299
1722.15585843961 1 0.813048933500627
1722.15585843961 1.18920711500272 0.826850690087829
1722.15585843961 1.4142135623731 0.811794228356336
1722.15585843961 1.68179283050743 0.813048933500627
1722.15585843961 2 0.826850690087829
1722.15585843961 2.37841423000544 0.816813048933501
1722.15585843961 2.82842712474619 0.814303638644918
1722.15585843961 3.36358566101486 0.819322459222083
1722.15585843961 4 0.816813048933501
1722.15585843961 4.75682846001088 0.806775407779172
2435.49617152557 0.840896415253715 0.820577164366374
2435.49617152557 1 0.823086574654956
2435.49617152557 1.18920711500272 0.82810539523212
2435.49617152557 1.4142135623731 0.801756587202007
2435.49617152557 1.68179283050743 0.813048933500627
2435.49617152557 2 0.820577164366374
2435.49617152557 2.37841423000544 0.799247176913425
2435.49617152557 2.82842712474619 0.824341279799247
2435.49617152557 3.36358566101486 0.810539523212045
2435.49617152557 4 0.803011292346299
2435.49617152557 4.75682846001088 0.808030112923463
2896.3093757401 0.840896415253715 0.820577164366374
2896.3093757401 1 0.816813048933501
2896.3093757401 1.18920711500272 0.819322459222083
2896.3093757401 1.4142135623731 0.821831869510665
2896.3093757401 1.68179283050743 0.81555834378921
2896.3093757401 2 0.805520702634881
2896.3093757401 2.37841423000544 0.825595984943538
2896.3093757401 2.82842712474619 0.808030112923463
2896.3093757401 3.36358566101486 0.800501882057716
2896.3093757401 4 0.795483061480552
2896.3093757401 4.75682846001088 0.80426599749059
3444.31171687921 0.840896415253715 0.813048933500627
3444.31171687921 1 0.799247176913425
3444.31171687921 1.18920711500272 0.806775407779172
3444.31171687921 1.4142135623731 0.821831869510665
3444.31171687921 1.68179283050743 0.813048933500627
3444.31171687921 2 0.825595984943538
3444.31171687921 2.37841423000544 0.810539523212045
3444.31171687921 2.82842712474619 0.810539523212045
3444.31171687921 3.36358566101486 0.818067754077792
3444.31171687921 4 0.785445420326223
3444.31171687921 4.75682846001088 0.799247176913425
4096 0.840896415253715 0.821831869510665
4096 1 0.803011292346299
4096 1.18920711500272 0.811794228356336
4096 1.4142135623731 0.830614805520703
4096 1.68179283050743 0.810539523212045
4096 2 0.809284818067754
4096 2.37841423000544 0.830614805520703
4096 2.82842712474619 0.785445420326223
4096 3.36358566101486 0.811794228356336
4096 4 0.797992471769134
4096 4.75682846001088 0.791718946047679
4870.99234305115 0.840896415253715 0.826850690087829
4870.99234305115 1 0.810539523212045
4870.99234305115 1.18920711500272 0.810539523212045
4870.99234305115 1.4142135623731 0.810539523212045
4870.99234305115 1.68179283050743 0.81555834378921
4870.99234305115 2 0.823086574654956
4870.99234305115 2.37841423000544 0.824341279799247
4870.99234305115 2.82842712474619 0.806775407779172
4870.99234305115 3.36358566101486 0.816813048933501
4870.99234305115 4 0.816813048933501
4870.99234305115 4.75682846001088 0.782936010037641
