0.03125 3.0517578125E-05 0.457967377666248
0.03125 0.0001220703125 0.457967377666248
0.03125 0.00048828125 0.457967377666248
0.03125 0.001953125 0.457967377666248
0.03125 0.0078125 0.457967377666248
0.03125 0.03125 0.457967377666248
0.03125 0.125 0.457967377666248
0.03125 0.5 0.457967377666248
0.03125 2 0.520702634880803
0.03125 8 0.461731493099122
0.125 3.0517578125E-05 0.457967377666248
0.125 0.0001220703125 0.457967377666248
0.125 0.00048828125 0.457967377666248
0.125 0.001953125 0.457967377666248
0.125 0.0078125 0.457967377666248
0.125 0.03125 0.457967377666248
0.125 0.125 0.457967377666248
0.125 0.5 0.609786700125471
0.125 2 0.638644918444166
0.125 8 0.642409033877039
0.5 3.0517578125E-05 0.457967377666248
0.5 0.0001220703125 0.457967377666248
0.5 0.00048828125 0.457967377666248
0.5 0.001953125 0.457967377666248
0.5 0.0078125 0.457967377666248
0.5 0.03125 0.460476787954831
0.5 0.125 0.589711417816813
0.5 0.5 0.641154328732748
0.5 2 0.661229611041405
0.5 8 0.663739021329987
2 3.0517578125E-05 0.457967377666248
2 0.0001220703125 0.457967377666248
2 0.00048828125 0.457967377666248
2 0.001953125 0.457967377666248
2 0.0078125 0.490589711417817
2 0.03125 0.567126725219573
2 0.125 0.647427854454203
2 0.5 0.668757841907152
2 2 0.66624843161857
2 8 0.726474278544542
8 3.0517578125E-05 0.457967377666248
8 0.0001220703125 0.457967377666248
8 0.00048828125 0.457967377666248
8 0.001953125 0.465495608531995
8 0.0078125 0.567126725219573
8 0.03125 0.638644918444166
8 0.125 0.672521957340025
8 0.5 0.700125470514429
8 2 0.722710163111669
8 8 0.757841907151819
32 3.0517578125E-05 0.457967377666248
32 0.0001220703125 0.457967377666248
32 0.00048828125 0.48306148055207
32 0.001953125 0.573400250941029
32 0.0078125 0.633626097867001
32 0.03125 0.672521957340025
32 0.125 0.705144291091593
32 0.5 0.745294855708908
32 2 0.761606022584693
32 8 0.760351317440402
128 3.0517578125E-05 0.457967377666248
128 0.0001220703125 0.475533249686324
128 0.00048828125 0.564617314930991
128 0.001953125 0.636135508155583
128 0.0078125 0.678795483061481
128 0.03125 0.710163111668758
128 0.125 0.728983688833124
128 0.5 0.769134253450439
128 2 0.780426599749059
128 8 0.794228356336261
512 3.0517578125E-05 0.480552070263488
512 0.0001220703125 0.583437892095358
512 0.00048828125 0.633626097867001
512 0.001953125 0.671267252195734
512 0.0078125 0.706398996235885
512 0.03125 0.731493099121706
512 0.125 0.757841907151819
512 0.5 0.77038895859473
512 2 0.806775407779172
512 8 0.767879548306148
2048 3.0517578125E-05 0.564617314930991
2048 0.0001220703125 0.636135508155583
2048 0.00048828125 0.671267252195734
2048 0.001953125 0.705144291091593
2048 0.0078125 0.725219573400251
2048 0.03125 0.740276035131744
2048 0.125 0.764115432873275
2048 0.5 0.790464240903388
2048 2 0.803011292346299
2048 8 0.755332496863237
8192 3.0517578125E-05 0.638644918444166
8192 0.0001220703125 0.675031367628607
8192 0.00048828125 0.695106649937265
8192 0.001953125 0.73525721455458
8192 0.0078125 0.73525721455458
8192 0.03125 0.757841907151819
8192 0.125 0.780426599749059
8192 0.5 0.808030112923463
8192 2 0.790464240903388
8192 8 0.77038895859473
32768 3.0517578125E-05 0.668757841907152
32768 0.0001220703125 0.703889585947302
32768 0.00048828125 0.734002509410289
32768 0.001953125 0.736511919698871
32768 0.0078125 0.739021329987453
32768 0.03125 0.767879548306148
32768 0.125 0.784190715181932
32768 0.5 0.810539523212045
32768 2 0.775407779171895
32768 8 0.761606022584693
13777.2468675169 0.210224103813429 0.785445420326223
13777.2468675169 0.25 0.790464240903388
13777.2468675169 0.29730177875068 0.799247176913425
13777.2468675169 0.353553390593274 0.784190715181932
13777.2468675169 0.420448207626857 0.811794228356336
13777.2468675169 0.5 0.823086574654956
13777.2468675169 0.594603557501361 0.811794228356336
13777.2468675169 0.707106781186548 0.823086574654956
13777.2468675169 0.840896415253715 0.819322459222083
13777.2468675169 1 0.829360100376412
13777.2468675169 1.18920711500272 0.809284818067754
16384 0.210224103813429 0.786700125470514
16384 0.25 0.819322459222083
16384 0.29730177875068 0.794228356336261
16384 0.353553390593274 0.799247176913425
16384 0.420448207626857 0.801756587202007
16384 0.5 0.805520702634881
16384 0.594603557501361 0.81555834378921
16384 0.707106781186548 0.833124215809285
16384 0.840896415253715 0.787954830614806
16384 1 0.809284818067754
16384 1.18920711500272 0.813048933500627
19483.9693722046 0.210224103813429 0.800501882057716
19483.9693722046 0.25 0.810539523212045
19483.9693722046 0.29730177875068 0.79297365119197
19483.9693722046 0.353553390593274 0.816813048933501
19483.9693722046 0.420448207626857 0.801756587202007
19483.9693722046 0.5 0.791718946047679
19483.9693722046 0.594603557501361 0.819322459222083
19483.9693722046 0.707106781186548 0.803011292346299
19483.9693722046 0.840896415253715 0.823086574654956
19483.9693722046 1 0.825595984943538
19483.9693722046 1.18920711500272 0.816813048933501
23170.4750059208 0.210224103813429 0.780426599749059
23170.4750059208 0.25 0.805520702634881
23170.4750059208 0.29730177875068 0.805520702634881
23170.4750059208 0.353553390593274 0.799247176913425
23170.4750059208 0.420448207626857 0.801756587202007
23170.4750059208 0.5 0.816813048933501
23170.4750059208 0.594603557501361 0.799247176913425
23170.4750059208 0.707106781186548 0.829360100376412
23170.4750059208 0.840896415253715 0.803011292346299
23170.4750059208 1 0.811794228356336
23170.4750059208 1.18920711500272 0.800501882057716
27554.4937350337 0.210224103813429 0.772898368883312
27554.4937350337 0.25 0.790464240903388
27554.4937350337 0.29730177875068 0.794228356336261
27554.4937350337 0.353553390593274 0.796737766624843
27554.4937350337 0.420448207626857 0.811794228356336
27554.4937350337 0.5 0.803011292346299
27554.4937350337 0.594603557501361 0.814303638644918
27554.4937350337 0.707106781186548 0.814303638644918
27554.4937350337 0.840896415253715 0.811794228356336
27554.4937350337 1 0.809284818067754
27554.4937350337 1.18920711500272 0.806775407779172
38967.9387444092 0.210224103813429 0.808030112923463
38967.9387444092 0.25 0.789209535759097
38967.9387444092 0.29730177875068 0.813048933500627
38967.9387444092 0.353553390593274 0.813048933500627
38967.9387444092 0.420448207626857 0.818067754077792
38967.9387444092 0.5 0.81555834378921
38967.9387444092 0.594603557501361 0.825595984943538
38967.9387444092 0.707106781186548 0.806775407779172
38967.9387444092 0.840896415253715 0.801756587202007
38967.9387444092 1 0.796737766624843
38967.9387444092 1.18920711500272 0.813048933500627
46340.9500118416 0.210224103813429 0.806775407779172
46340.9500118416 0.25 0.795483061480552
46340.9500118416 0.29730177875068 0.800501882057716
46340.9500118416 0.353553390593274 0.818067754077792
46340.9500118416 0.420448207626857 0.825595984943538
46340.9500118416 0.5 0.81555834378921
46340.9500118416 0.594603557501361 0.81555834378921
46340.9500118416 0.707106781186548 0.811794228356336
46340.9500118416 0.840896415253715 0.803011292346299
46340.9500118416 1 0.800501882057716
46340.9500118416 1.18920711500272 0.808030112923463
55108.9874700674 0.210224103813429 0.787954830614806
55108.9874700674 0.25 0.813048933500627
55108.9874700674 0.29730177875068 0.80426599749059
55108.9874700674 0.353553390593274 0.810539523212045
55108.9874700674 0.420448207626857 0.818067754077792
55108.9874700674 0.5 0.820577164366374
55108.9874700674 0.594603557501361 0.823086574654956
55108.9874700674 0.707106781186548 0.819322459222083
55108.9874700674 0.840896415253715 0.80426599749059
55108.9874700674 1 0.803011292346299
55108.9874700674 1.18920711500272 0.809284818067754
65536 0.210224103813429 0.796737766624843
65536 0.25 0.794228356336261
65536 0.29730177875068 0.821831869510665
65536 0.353553390593274 0.809284818067754
65536 0.420448207626857 0.808030112923463
65536 0.5 0.833124215809285
65536 0.594603557501361 0.835633626097867
65536 0.707106781186548 0.819322459222083
65536 0.840896415253715 0.799247176913425
65536 1 0.79297365119197
65536 1.18920711500272 0.803011292346299
77935.8774888183 0.210224103813429 0.799247176913425
77935.8774888183 0.25 0.80426599749059
77935.8774888183 0.29730177875068 0.79297365119197
77935.8774888183 0.353553390593274 0.814303638644918
77935.8774888183 0.420448207626857 0.823086574654956
77935.8774888183 0.5 0.803011292346299
77935.8774888183 0.594603557501361 0.811794228356336
77935.8774888183 0.707106781186548 0.809284818067754
77935.8774888183 0.840896415253715 0.800501882057716
77935.8774888183 1 0.809284818067754
77935.8774888183 1.18920711500272 0.800501882057716
