0.03125 3.0517578125E-05 0.501882057716437
0.03125 0.0001220703125 0.501882057716437
0.03125 0.00048828125 0.501882057716437
0.03125 0.001953125 0.501882057716437
0.03125 0.0078125 0.501882057716437
0.03125 0.03125 0.501882057716437
0.03125 0.125 0.501882057716437
0.03125 0.5 0.501882057716437
0.03125 2 0.501882057716437
0.03125 8 0.501882057716437
0.125 3.0517578125E-05 0.501882057716437
0.125 0.0001220703125 0.501882057716437
0.125 0.00048828125 0.501882057716437
0.125 0.001953125 0.501882057716437
0.125 0.0078125 0.501882057716437
0.125 0.03125 0.501882057716437
0.125 0.125 0.501882057716437
0.125 0.5 0.504391468005019
0.125 2 0.555834378920954
0.125 8 0.534504391468005
0.5 3.0517578125E-05 0.501882057716437
0.5 0.0001220703125 0.501882057716437
0.5 0.00048828125 0.501882057716437
0.5 0.001953125 0.501882057716437
0.5 0.0078125 0.501882057716437
0.5 0.03125 0.501882057716437
0.5 0.125 0.525721455457967
0.5 0.5 0.557089084065245
0.5 2 0.58594730238394
0.5 8 0.59723964868256
2 3.0517578125E-05 0.501882057716437
2 0.0001220703125 0.501882057716437
2 0.00048828125 0.501882057716437
2 0.001953125 0.501882057716437
2 0.0078125 0.501882057716437
2 0.03125 0.529485570890841
2 0.125 0.5633626097867
2 0.5 0.603513174404015
2 2 0.672521957340025
2 8 0.696361355081556
8 3.0517578125E-05 0.501882057716437
8 0.0001220703125 0.501882057716437
8 0.00048828125 0.501882057716437
8 0.001953125 0.501882057716437
8 0.0078125 0.524466750313676
8 0.03125 0.570890840652447
8 0.125 0.606022584692597
8 0.5 0.644918444165621
8 2 0.703889585947302
8 8 0.742785445420326
32 3.0517578125E-05 0.501882057716437
32 0.0001220703125 0.501882057716437
32 0.00048828125 0.501882057716437
32 0.001953125 0.533249686323714
32 0.0078125 0.558343789209536
32 0.03125 0.601003764115433
32 0.125 0.641154328732748
32 0.5 0.717691342534504
32 2 0.757841907151819
32 8 0.772898368883312
128 3.0517578125E-05 0.501882057716437
128 0.0001220703125 0.501882057716437
128 0.00048828125 0.529485570890841
128 0.001953125 0.582183186951067
128 0.0078125 0.606022584692597
128 0.03125 0.647427854454203
128 0.125 0.700125470514429
128 0.5 0.752823086574655
128 2 0.785445420326223
128 8 0.776662484316186
512 3.0517578125E-05 0.501882057716437
512 0.0001220703125 0.515683814303639
512 0.00048828125 0.578419071518193
512 0.001953125 0.614805520702635
512 0.0078125 0.639899623588457
512 0.03125 0.702634880803011
512 0.125 0.720200752823087
512 0.5 0.765370138017566
512 2 0.794228356336261
512 8 0.774153074027603
2048 3.0517578125E-05 0.525721455457967
2048 0.0001220703125 0.593475533249686
2048 0.00048828125 0.602258469259724
2048 0.001953125 0.634880803011292
2048 0.0078125 0.677540777917189
2048 0.03125 0.70138017565872
2048 0.125 0.747804265997491
2048 0.5 0.782936010037641
2048 2 0.808030112923463
2048 8 0.754077791718946
8192 3.0517578125E-05 0.569636135508156
8192 0.0001220703125 0.612296110414053
8192 0.00048828125 0.629861982434128
8192 0.001953125 0.683814303638645
8192 0.0078125 0.706398996235885
8192 0.03125 0.745294855708908
8192 0.125 0.767879548306148
8192 0.5 0.803011292346299
8192 2 0.813048933500627
8192 8 0.765370138017566
32768 3.0517578125E-05 0.614805520702635
32768 0.0001220703125 0.639899623588457
32768 0.00048828125 0.685069008782936
32768 0.001953125 0.707653701380176
32768 0.0078125 0.750313676286073
32768 0.03125 0.760351317440402
32768 0.125 0.790464240903388
32768 0.5 0.818067754077792
32768 2 0.779171894604768
32768 8 0.739021329987453
13777.2468675169 0.210224103813429 0.789209535759097
13777.2468675169 0.25 0.780426599749059
13777.2468675169 0.29730177875068 0.803011292346299
13777.2468675169 0.353553390593274 0.808030112923463
13777.2468675169 0.420448207626857 0.777917189460477
13777.2468675169 0.5 0.803011292346299
13777.2468675169 0.594603557501361 0.806775407779172
13777.2468675169 0.707106781186548 0.805520702634881
13777.2468675169 0.840896415253715 0.80426599749059
13777.2468675169 1 0.797992471769134
13777.2468675169 1.18920711500272 0.799247176913425
16384 0.210224103813429 0.79297365119197
16384 0.25 0.800501882057716
16384 0.29730177875068 0.797992471769134
16384 0.353553390593274 0.787954830614806
16384 0.420448207626857 0.80426599749059
16384 0.5 0.814303638644918
16384 0.594603557501361 0.811794228356336
16384 0.707106781186548 0.818067754077792
16384 0.840896415253715 0.78168130489335
16384 1 0.808030112923463
16384 1.18920711500272 0.78168130489335
19483.9693722046 0.210224103813429 0.789209535759097
19483.9693722046 0.25 0.787954830614806
19483.9693722046 0.29730177875068 0.797992471769134
19483.9693722046 0.353553390593274 0.81555834378921
19483.9693722046 0.420448207626857 0.799247176913425
19483.9693722046 0.5 0.813048933500627
19483.9693722046 0.594603557501361 0.819322459222083
19483.9693722046 0.707106781186548 0.814303638644918
19483.9693722046 0.840896415253715 0.794228356336261
19483.9693722046 1 0.806775407779172
19483.9693722046 1.18920711500272 0.813048933500627
23170.4750059208 0.210224103813429 0.796737766624843
23170.4750059208 0.25 0.813048933500627
23170.4750059208 0.29730177875068 0.795483061480552
23170.4750059208 0.353553390593274 0.818067754077792
23170.4750059208 0.420448207626857 0.811794228356336
23170.4750059208 0.5 0.808030112923463
23170.4750059208 0.594603557501361 0.816813048933501
23170.4750059208 0.707106781186548 0.80426599749059
23170.4750059208 0.840896415253715 0.805520702634881
23170.4750059208 1 0.799247176913425
23170.4750059208 1.18920711500272 0.801756587202007
27554.4937350337 0.210224103813429 0.794228356336261
27554.4937350337 0.25 0.806775407779172
27554.4937350337 0.29730177875068 0.808030112923463
27554.4937350337 0.353553390593274 0.796737766624843
27554.4937350337 0.420448207626857 0.814303638644918
27554.4937350337 0.5 0.791718946047679
27554.4937350337 0.594603557501361 0.80426599749059
27554.4937350337 0.707106781186548 0.825595984943538
27554.4937350337 0.840896415253715 0.805520702634881
27554.4937350337 1 0.780426599749059
27554.4937350337 1.18920711500272 0.789209535759097
38967.9387444092 0.210224103813429 0.777917189460477
38967.9387444092 0.25 0.790464240903388
38967.9387444092 0.29730177875068 0.796737766624843
38967.9387444092 0.353553390593274 0.794228356336261
38967.9387444092 0.420448207626857 0.814303638644918
38967.9387444092 0.5 0.803011292346299
38967.9387444092 0.594603557501361 0.818067754077792
38967.9387444092 0.707106781186548 0.79297365119197
38967.9387444092 0.840896415253715 0.811794228356336
38967.9387444092 1 0.803011292346299
38967.9387444092 1.18920711500272 0.801756587202007
46340.9500118416 0.210224103813429 0.799247176913425
46340.9500118416 0.25 0.799247176913425
46340.9500118416 0.29730177875068 0.805520702634881
46340.9500118416 0.353553390593274 0.80426599749059
46340.9500118416 0.420448207626857 0.813048933500627
46340.9500118416 0.5 0.813048933500627
46340.9500118416 0.594603557501361 0.808030112923463
46340.9500118416 0.707106781186548 0.805520702634881
46340.9500118416 0.840896415253715 0.809284818067754
46340.9500118416 1 0.780426599749059
46340.9500118416 1.18920711500272 0.800501882057716
55108.9874700674 0.210224103813429 0.799247176913425
55108.9874700674 0.25 0.805520702634881
55108.9874700674 0.29730177875068 0.803011292346299
55108.9874700674 0.353553390593274 0.808030112923463
55108.9874700674 0.420448207626857 0.821831869510665
55108.9874700674 0.5 0.816813048933501
55108.9874700674 0.594603557501361 0.80426599749059
55108.9874700674 0.707106781186548 0.794228356336261
55108.9874700674 0.840896415253715 0.80426599749059
55108.9874700674 1 0.79297365119197
55108.9874700674 1.18920711500272 0.789209535759097
65536 0.210224103813429 0.810539523212045
65536 0.25 0.806775407779172
65536 0.29730177875068 0.808030112923463
65536 0.353553390593274 0.80426599749059
65536 0.420448207626857 0.811794228356336
65536 0.5 0.81555834378921
65536 0.594603557501361 0.799247176913425
65536 0.707106781186548 0.794228356336261
65536 0.840896415253715 0.801756587202007
65536 1 0.784190715181932
65536 1.18920711500272 0.780426599749059
77935.8774888183 0.210224103813429 0.808030112923463
77935.8774888183 0.25 0.820577164366374
77935.8774888183 0.29730177875068 0.820577164366374
77935.8774888183 0.353553390593274 0.808030112923463
77935.8774888183 0.420448207626857 0.801756587202007
77935.8774888183 0.5 0.790464240903388
77935.8774888183 0.594603557501361 0.816813048933501
77935.8774888183 0.707106781186548 0.818067754077792
77935.8774888183 0.840896415253715 0.801756587202007
77935.8774888183 1 0.795483061480552
77935.8774888183 1.18920711500272 0.79297365119197
