0.03125 3.0517578125E-05 0.506900878293601
0.03125 0.0001220703125 0.506900878293601
0.03125 0.00048828125 0.506900878293601
0.03125 0.001953125 0.506900878293601
0.03125 0.0078125 0.506900878293601
0.03125 0.03125 0.506900878293601
0.03125 0.125 0.506900878293601
0.03125 0.5 0.506900878293601
0.03125 2 0.554579673776663
0.03125 8 0.519447929736512
0.125 3.0517578125E-05 0.506900878293601
0.125 0.0001220703125 0.506900878293601
0.125 0.00048828125 0.506900878293601
0.125 0.001953125 0.506900878293601
0.125 0.0078125 0.506900878293601
0.125 0.03125 0.506900878293601
0.125 0.125 0.506900878293601
0.125 0.5 0.577164366373902
0.125 2 0.638644918444166
0.125 8 0.685069008782936
0.5 3.0517578125E-05 0.506900878293601
0.5 0.0001220703125 0.506900878293601
0.5 0.00048828125 0.506900878293601
0.5 0.001953125 0.506900878293601
0.5 0.0078125 0.506900878293601
0.5 0.03125 0.521957340025094
0.5 0.125 0.570890840652447
0.5 0.5 0.652446675031368
0.5 2 0.720200752823087
0.5 8 0.72396486825596
2 3.0517578125E-05 0.506900878293601
2 0.0001220703125 0.506900878293601
2 0.00048828125 0.506900878293601
2 0.001953125 0.506900878293601
2 0.0078125 0.510664993726474
2 0.03125 0.57465495608532
2 0.125 0.642409033877039
2 0.5 0.722710163111669
2 2 0.720200752823087
2 8 0.747804265997491
8 3.0517578125E-05 0.506900878293601
8 0.0001220703125 0.506900878293601
8 0.00048828125 0.506900878293601
8 0.001953125 0.514429109159348
8 0.0078125 0.568381430363864
8 0.03125 0.642409033877039
8 0.125 0.722710163111669
8 0.5 0.739021329987453
8 2 0.774153074027603
8 8 0.780426599749059
32 3.0517578125E-05 0.506900878293601
32 0.0001220703125 0.506900878293601
32 0.00048828125 0.51693851944793
32 0.001953125 0.568381430363864
32 0.0078125 0.64366373902133
32 0.03125 0.717691342534504
32 0.125 0.736511919698871
32 0.5 0.756587202007528
32 2 0.801756587202007
32 8 0.77038895859473
128 3.0517578125E-05 0.506900878293601
128 0.0001220703125 0.515683814303639
128 0.00048828125 0.565872020075282
128 0.001953125 0.636135508155583
128 0.0078125 0.717691342534504
128 0.03125 0.734002509410289
128 0.125 0.750313676286073
128 0.5 0.78168130489335
128 2 0.790464240903388
128 8 0.789209535759097
512 3.0517578125E-05 0.513174404015056
512 0.0001220703125 0.573400250941029
512 0.00048828125 0.634880803011292
512 0.001953125 0.717691342534504
512 0.0078125 0.727728983688833
512 0.03125 0.734002509410289
512 0.125 0.756587202007528
512 0.5 0.799247176913425
512 2 0.814303638644918
512 8 0.79297365119197
2048 3.0517578125E-05 0.57465495608532
2048 0.0001220703125 0.651191969887077
2048 0.00048828125 0.71267252195734
2048 0.001953125 0.728983688833124
2048 0.0078125 0.737766624843162
2048 0.03125 0.741530740276035
2048 0.125 0.78168130489335
2048 0.5 0.811794228356336
2048 2 0.808030112923463
2048 8 0.794228356336261
8192 3.0517578125E-05 0.638644918444166
8192 0.0001220703125 0.716436637390213
8192 0.00048828125 0.725219573400251
8192 0.001953125 0.73525721455458
8192 0.0078125 0.747804265997491
8192 0.03125 0.756587202007528
8192 0.125 0.784190715181932
8192 0.5 0.833124215809285
8192 2 0.816813048933501
8192 8 0.797992471769134
32768 3.0517578125E-05 0.711417816813049
32768 0.0001220703125 0.731493099121706
32768 0.00048828125 0.73525721455458
32768 0.001953125 0.740276035131744
32768 0.0078125 0.745294855708908
32768 0.03125 0.775407779171895
32768 0.125 0.814303638644918
32768 0.5 0.82810539523212
32768 2 0.79297365119197
32768 8 0.790464240903388
3444.31171687921 0.210224103813429 0.791718946047679
3444.31171687921 0.25 0.805520702634881
3444.31171687921 0.29730177875068 0.797992471769134
3444.31171687921 0.353553390593274 0.831869510664994
3444.31171687921 0.420448207626857 0.818067754077792
3444.31171687921 0.5 0.801756587202007
3444.31171687921 0.594603557501361 0.824341279799247
3444.31171687921 0.707106781186548 0.82810539523212
3444.31171687921 0.840896415253715 0.809284818067754
3444.31171687921 1 0.805520702634881
3444.31171687921 1.18920711500272 0.818067754077792
4096 0.210224103813429 0.784190715181932
4096 0.25 0.805520702634881
4096 0.29730177875068 0.795483061480552
4096 0.353553390593274 0.818067754077792
4096 0.420448207626857 0.81555834378921
4096 0.5 0.81555834378921
4096 0.594603557501361 0.81555834378921
4096 0.707106781186548 0.808030112923463
4096 0.840896415253715 0.809284818067754
4096 1 0.818067754077792
4096 1.18920711500272 0.819322459222083
4870.99234305115 0.210224103813429 0.805520702634881
4870.99234305115 0.25 0.797992471769134
4870.99234305115 0.29730177875068 0.803011292346299
4870.99234305115 0.353553390593274 0.806775407779172
4870.99234305115 0.420448207626857 0.824341279799247
4870.99234305115 0.5 0.81555834378921
4870.99234305115 0.594603557501361 0.814303638644918
4870.99234305115 0.707106781186548 0.821831869510665
4870.99234305115 0.840896415253715 0.818067754077792
4870.99234305115 1 0.811794228356336
4870.99234305115 1.18920711500272 0.823086574654956
5792.6187514802 0.210224103813429 0.801756587202007
5792.6187514802 0.25 0.808030112923463
5792.6187514802 0.29730177875068 0.814303638644918
5792.6187514802 0.353553390593274 0.824341279799247
5792.6187514802 0.420448207626857 0.803011292346299
5792.6187514802 0.5 0.821831869510665
5792.6187514802 0.594603557501361 0.813048933500627
5792.6187514802 0.707106781186548 0.820577164366374
5792.6187514802 0.840896415253715 0.816813048933501
5792.6187514802 1 0.810539523212045
5792.6187514802 1.18920711500272 0.811794228356336
6888.62343375843 0.210224103813429 0.797992471769134
6888.62343375843 0.25 0.803011292346299
6888.62343375843 0.29730177875068 0.80426599749059
6888.62343375843 0.353553390593274 0.81555834378921
6888.62343375843 0.420448207626857 0.825595984943538
6888.62343375843 0.5 0.80426599749059
6888.62343375843 0.594603557501361 0.820577164366374
6888.62343375843 0.707106781186548 0.820577164366374
6888.62343375843 0.840896415253715 0.811794228356336
6888.62343375843 1 0.819322459222083
6888.62343375843 1.18920711500272 0.80426599749059
9741.98468610229 0.210224103813429 0.806775407779172
9741.98468610229 0.25 0.808030112923463
9741.98468610229 0.29730177875068 0.814303638644918
9741.98468610229 0.353553390593274 0.80426599749059
9741.98468610229 0.420448207626857 0.818067754077792
9741.98468610229 0.5 0.829360100376412
9741.98468610229 0.594603557501361 0.824341279799247
9741.98468610229 0.707106781186548 0.819322459222083
9741.98468610229 0.840896415253715 0.808030112923463
9741.98468610229 1 0.816813048933501
9741.98468610229 1.18920711500272 0.813048933500627
11585.2375029604 0.210224103813429 0.808030112923463
11585.2375029604 0.25 0.808030112923463
11585.2375029604 0.29730177875068 0.82810539523212
11585.2375029604 0.353553390593274 0.823086574654956
11585.2375029604 0.420448207626857 0.824341279799247
11585.2375029604 0.5 0.81555834378921
11585.2375029604 0.594603557501361 0.826850690087829
11585.2375029604 0.707106781186548 0.821831869510665
11585.2375029604 0.840896415253715 0.824341279799247
11585.2375029604 1 0.811794228356336
11585.2375029604 1.18920711500272 0.805520702634881
13777.2468675169 0.210224103813429 0.814303638644918
13777.2468675169 0.25 0.809284818067754
13777.2468675169 0.29730177875068 0.82810539523212
13777.2468675169 0.353553390593274 0.820577164366374
13777.2468675169 0.420448207626857 0.813048933500627
13777.2468675169 0.5 0.838143036386449
13777.2468675169 0.594603557501361 0.819322459222083
13777.2468675169 0.707106781186548 0.825595984943538
13777.2468675169 0.840896415253715 0.836888331242158
13777.2468675169 1 0.808030112923463
13777.2468675169 1.18920711500272 0.809284818067754
16384 0.210224103813429 0.81555834378921
16384 0.25 0.821831869510665
16384 0.29730177875068 0.823086574654956
16384 0.353553390593274 0.821831869510665
16384 0.420448207626857 0.810539523212045
16384 0.5 0.834378920953576
16384 0.594603557501361 0.80426599749059
16384 0.707106781186548 0.811794228356336
16384 0.840896415253715 0.805520702634881
16384 1 0.81555834378921
16384 1.18920711500272 0.833124215809285
19483.9693722046 0.210224103813429 0.825595984943538
19483.9693722046 0.25 0.81555834378921
19483.9693722046 0.29730177875068 0.826850690087829
19483.9693722046 0.353553390593274 0.825595984943538
19483.9693722046 0.420448207626857 0.818067754077792
19483.9693722046 0.5 0.829360100376412
19483.9693722046 0.594603557501361 0.823086574654956
19483.9693722046 0.707106781186548 0.809284818067754
19483.9693722046 0.840896415253715 0.816813048933501
19483.9693722046 1 0.809284818067754
19483.9693722046 1.18920711500272 0.803011292346299
