0.03125 3.0517578125E-05 0.602258469259724
0.03125 0.0001220703125 0.602258469259724
0.03125 0.00048828125 0.602258469259724
0.03125 0.001953125 0.602258469259724
0.03125 0.0078125 0.602258469259724
0.03125 0.03125 0.602258469259724
0.03125 0.125 0.602258469259724
0.03125 0.5 0.602258469259724
0.03125 2 0.602258469259724
0.03125 8 0.602258469259724
0.125 3.0517578125E-05 0.602258469259724
0.125 0.0001220703125 0.602258469259724
0.125 0.00048828125 0.602258469259724
0.125 0.001953125 0.602258469259724
0.125 0.0078125 0.602258469259724
0.125 0.03125 0.602258469259724
0.125 0.125 0.602258469259724
0.125 0.5 0.602258469259724
0.125 2 0.602258469259724
0.125 8 0.66624843161857
0.5 3.0517578125E-05 0.602258469259724
0.5 0.0001220703125 0.602258469259724
0.5 0.00048828125 0.602258469259724
0.5 0.001953125 0.602258469259724
0.5 0.0078125 0.602258469259724
0.5 0.03125 0.602258469259724
0.5 0.125 0.602258469259724
0.5 0.5 0.607277289836888
0.5 2 0.711417816813049
0.5 8 0.721455457967378
2 3.0517578125E-05 0.602258469259724
2 0.0001220703125 0.602258469259724
2 0.00048828125 0.602258469259724
2 0.001953125 0.602258469259724
2 0.0078125 0.602258469259724
2 0.03125 0.602258469259724
2 0.125 0.609786700125471
2 0.5 0.713927227101631
2 2 0.739021329987453
2 8 0.742785445420326
8 3.0517578125E-05 0.602258469259724
8 0.0001220703125 0.602258469259724
8 0.00048828125 0.602258469259724
8 0.001953125 0.602258469259724
8 0.0078125 0.602258469259724
8 0.03125 0.606022584692597
8 0.125 0.705144291091593
8 0.5 0.746549560853199
8 2 0.747804265997491
8 8 0.764115432873275
32 3.0517578125E-05 0.602258469259724
32 0.0001220703125 0.602258469259724
32 0.00048828125 0.602258469259724
32 0.001953125 0.602258469259724
32 0.0078125 0.604767879548306
32 0.03125 0.707653701380176
32 0.125 0.744040150564617
32 0.5 0.749058971141782
32 2 0.755332496863237
32 8 0.774153074027603
128 3.0517578125E-05 0.602258469259724
128 0.0001220703125 0.602258469259724
128 0.00048828125 0.602258469259724
128 0.001953125 0.604767879548306
128 0.0078125 0.703889585947302
128 0.03125 0.740276035131744
128 0.125 0.757841907151819
128 0.5 0.765370138017566
128 2 0.780426599749059
128 8 0.790464240903388
512 3.0517578125E-05 0.602258469259724
512 0.0001220703125 0.602258469259724
512 0.00048828125 0.603513174404015
512 0.001953125 0.703889585947302
512 0.0078125 0.744040150564617
512 0.03125 0.760351317440402
512 0.125 0.75909661229611
512 0.5 0.776662484316186
512 2 0.82810539523212
512 8 0.782936010037641
2048 3.0517578125E-05 0.602258469259724
2048 0.0001220703125 0.604767879548306
2048 0.00048828125 0.703889585947302
2048 0.001953125 0.742785445420326
2048 0.0078125 0.746549560853199
2048 0.03125 0.75909661229611
2048 0.125 0.75909661229611
2048 0.5 0.790464240903388
2048 2 0.830614805520703
2048 8 0.796737766624843
8192 3.0517578125E-05 0.603513174404015
8192 0.0001220703125 0.706398996235885
8192 0.00048828125 0.740276035131744
8192 0.001953125 0.746549560853199
8192 0.0078125 0.764115432873275
8192 0.03125 0.750313676286073
8192 0.125 0.776662484316186
8192 0.5 0.808030112923463
8192 2 0.824341279799247
8192 8 0.77038895859473
32768 3.0517578125E-05 0.703889585947302
32768 0.0001220703125 0.744040150564617
32768 0.00048828125 0.750313676286073
32768 0.001953125 0.756587202007528
32768 0.0078125 0.767879548306148
32768 0.03125 0.78168130489335
32768 0.125 0.791718946047679
32768 0.5 0.819322459222083
32768 2 0.811794228356336
32768 8 0.747804265997491
861.077929219804 0.840896415253715 0.795483061480552
861.077929219804 1 0.800501882057716
861.077929219804 1.18920711500272 0.805520702634881
861.077929219804 1.4142135623731 0.820577164366374
861.077929219804 1.68179283050743 0.805520702634881
861.077929219804 2 0.824341279799247
861.077929219804 2.37841423000544 0.79297365119197
861.077929219804 2.82842712474619 0.811794228356336
861.077929219804 3.36358566101486 0.797992471769134
861.077929219804 4 0.811794228356336
861.077929219804 4.75682846001088 0.82810539523212
1024 0.840896415253715 0.796737766624843
1024 1 0.800501882057716
1024 1.18920711500272 0.813048933500627
1024 1.4142135623731 0.820577164366374
1024 1.68179283050743 0.819322459222083
1024 2 0.819322459222083
1024 2.37841423000544 0.820577164366374
1024 2.82842712474619 0.819322459222083
1024 3.36358566101486 0.808030112923463
1024 4 0.784190715181932
1024 4.75682846001088 0.816813048933501
1217.74808576279 0.840896415253715 0.80426599749059
1217.74808576279 1 0.799247176913425
1217.74808576279 1.18920711500272 0.814303638644918
1217.74808576279 1.4142135623731 0.825595984943538
1217.74808576279 1.68179283050743 0.820577164366374
1217.74808576279 2 0.820577164366374
1217.74808576279 2.37841423000544 0.805520702634881
1217.74808576279 2.82842712474619 0.811794228356336
1217.74808576279 3.36358566101486 0.810539523212045
1217.74808576279 4 0.824341279799247
1217.74808576279 4.75682846001088 0.791718946047679
1448.15468787005 0.840896415253715 0.806775407779172
1448.15468787005 1 0.808030112923463
1448.15468787005 1.18920711500272 0.799247176913425
1448.15468787005 1.4142135623731 0.810539523212045
1448.15468787005 1.68179283050743 0.818067754077792
1448.15468787005 2 0.819322459222083
1448.15468787005 2.37841423000544 0.810539523212045
1448.15468787005 2.82842712474619 0.818067754077792
1448.15468787005 3.36358566101486 0.818067754077792
1448.15468787005 4 0.806775407779172
1448.15468787005 4.75682846001088 0.786700125470514
1722.15585843961 0.840896415253715 0.796737766624843
1722.15585843961 1 0.810539523212045
1722.15585843961 1.18920711500272 0.806775407779172
1722.15585843961 1.4142135623731 0.829360100376412
1722.15585843961 1.68179283050743 0.814303638644918
1722.15585843961 2 0.831869510664994
1722.15585843961 2.37841423000544 0.830614805520703
1722.15585843961 2.82842712474619 0.816813048933501
1722.15585843961 3.36358566101486 0.819322459222083
1722.15585843961 4 0.81555834378921
1722.15585843961 4.75682846001088 0.818067754077792
2435.49617152557 0.840896415253715 0.814303638644918
2435.49617152557 1 0.803011292346299
2435.49617152557 1.18920711500272 0.829360100376412
2435.49617152557 1.4142135623731 0.808030112923463
2435.49617152557 1.68179283050743 0.808030112923463
2435.49617152557 2 0.816813048933501
2435.49617152557 2.37841423000544 0.80426599749059
2435.49617152557 2.82842712474619 0.810539523212045
2435.49617152557 3.36358566101486 0.800501882057716
2435.49617152557 4 0.814303638644918
2435.49617152557 4.75682846001088 0.794228356336261
2896.3093757401 0.840896415253715 0.818067754077792
2896.3093757401 1 0.821831869510665
2896.3093757401 1.18920711500272 0.830614805520703
2896.3093757401 1.4142135623731 0.809284818067754
2896.3093757401 1.68179283050743 0.808030112923463
2896.3093757401 2 0.818067754077792
2896.3093757401 2.37841423000544 0.821831869510665
2896.3093757401 2.82842712474619 0.794228356336261
2896.3093757401 3.36358566101486 0.810539523212045
2896.3093757401 4 0.80426599749059
2896.3093757401 4.75682846001088 0.801756587202007
3444.31171687921 0.840896415253715 0.818067754077792
3444.31171687921 1 0.806775407779172
3444.31171687921 1.18920711500272 0.805520702634881
3444.31171687921 1.4142135623731 0.823086574654956
3444.31171687921 1.68179283050743 0.821831869510665
3444.31171687921 2 0.824341279799247
3444.31171687921 2.37841423000544 0.80426599749059
3444.31171687921 2.82842712474619 0.818067754077792
3444.31171687921 3.36358566101486 0.814303638644918
3444.31171687921 4 0.803011292346299
3444.31171687921 4.75682846001088 0.801756587202007
4096 0.840896415253715 0.808030112923463
4096 1 0.814303638644918
4096 1.18920711500272 0.811794228356336
4096 1.4142135623731 0.806775407779172
4096 1.68179283050743 0.811794228356336
4096 2 0.80426599749059
4096 2.37841423000544 0.816813048933501
4096 2.82842712474619 0.826850690087829
4096 3.36358566101486 0.813048933500627
4096 4 0.805520702634881
4096 4.75682846001088 0.810539523212045
4870.99234305115 0.840896415253715 0.825595984943538
4870.99234305115 1 0.821831869510665
4870.99234305115 1.18920711500272 0.824341279799247
4870.99234305115 1.4142135623731 0.803011292346299
4870.99234305115 1.68179283050743 0.819322459222083
4870.99234305115 2 0.811794228356336
4870.99234305115 2.37841423000544 0.838143036386449
4870.99234305115 2.82842712474619 0.829360100376412
4870.99234305115 3.36358566101486 0.803011292346299
4870.99234305115 4 0.808030112923463
4870.99234305115 4.75682846001088 0.803011292346299
