0.03125 3.0517578125E-05 0.457967377666248
0.03125 0.0001220703125 0.457967377666248
0.03125 0.00048828125 0.457967377666248
0.03125 0.001953125 0.457967377666248
0.03125 0.0078125 0.457967377666248
0.03125 0.03125 0.457967377666248
0.03125 0.125 0.457967377666248
0.03125 0.5 0.457967377666248
0.03125 2 0.518193224592221
0.03125 8 0.461731493099122
0.125 3.0517578125E-05 0.457967377666248
0.125 0.0001220703125 0.457967377666248
0.125 0.00048828125 0.457967377666248
0.125 0.001953125 0.457967377666248
0.125 0.0078125 0.457967377666248
0.125 0.03125 0.457967377666248
0.125 0.125 0.466750313676286
0.125 0.5 0.613550815558344
0.125 2 0.644918444165621
0.125 8 0.639899623588457
0.5 3.0517578125E-05 0.457967377666248
0.5 0.0001220703125 0.457967377666248
0.5 0.00048828125 0.457967377666248
0.5 0.001953125 0.457967377666248
0.5 0.0078125 0.457967377666248
0.5 0.03125 0.473023839397742
0.5 0.125 0.601003764115433
0.5 0.5 0.628607277289837
0.5 2 0.656210790464241
0.5 8 0.668757841907152
2 3.0517578125E-05 0.457967377666248
2 0.0001220703125 0.457967377666248
2 0.00048828125 0.457967377666248
2 0.001953125 0.457967377666248
2 0.0078125 0.475533249686324
2 0.03125 0.573400250941029
2 0.125 0.644918444165621
2 0.5 0.663739021329987
2 2 0.671267252195734
2 8 0.740276035131744
8 3.0517578125E-05 0.457967377666248
8 0.0001220703125 0.457967377666248
8 0.00048828125 0.457967377666248
8 0.001953125 0.474278544542033
8 0.0078125 0.583437892095358
8 0.03125 0.627352572145546
8 0.125 0.671267252195734
8 0.5 0.691342534504391
8 2 0.728983688833124
8 8 0.756587202007528
32 3.0517578125E-05 0.457967377666248
32 0.0001220703125 0.457967377666248
32 0.00048828125 0.485570890840652
32 0.001953125 0.582183186951067
32 0.0078125 0.631116687578419
32 0.03125 0.673776662484316
32 0.125 0.71267252195734
32 0.5 0.741530740276035
32 2 0.764115432873275
32 8 0.746549560853199
128 3.0517578125E-05 0.457967377666248
128 0.0001220703125 0.478042659974906
128 0.00048828125 0.569636135508156
128 0.001953125 0.627352572145546
128 0.0078125 0.673776662484316
128 0.03125 0.71267252195734
128 0.125 0.728983688833124
128 0.5 0.750313676286073
128 2 0.772898368883312
128 8 0.782936010037641
512 3.0517578125E-05 0.488080301129235
512 0.0001220703125 0.5633626097867
512 0.00048828125 0.628607277289837
512 0.001953125 0.667503136762861
512 0.0078125 0.706398996235885
512 0.03125 0.726474278544542
512 0.125 0.755332496863237
512 0.5 0.766624843161857
512 2 0.796737766624843
512 8 0.784190715181932
2048 3.0517578125E-05 0.575909661229611
2048 0.0001220703125 0.637390213299875
2048 0.00048828125 0.673776662484316
2048 0.001953125 0.702634880803011
2048 0.0078125 0.737766624843162
2048 0.03125 0.746549560853199
2048 0.125 0.756587202007528
2048 0.5 0.803011292346299
2048 2 0.813048933500627
2048 8 0.776662484316186
8192 3.0517578125E-05 0.628607277289837
8192 0.0001220703125 0.670012547051443
8192 0.00048828125 0.705144291091593
8192 0.001953125 0.728983688833124
8192 0.0078125 0.737766624843162
8192 0.03125 0.756587202007528
8192 0.125 0.765370138017566
8192 0.5 0.810539523212045
8192 2 0.810539523212045
8192 8 0.761606022584693
32768 3.0517578125E-05 0.676286072772898
32768 0.0001220703125 0.707653701380176
32768 0.00048828125 0.72396486825596
32768 0.001953125 0.747804265997491
32768 0.0078125 0.746549560853199
32768 0.03125 0.762860727728984
32768 0.125 0.785445420326223
32768 0.5 0.814303638644918
32768 2 0.787954830614806
32768 8 0.727728983688833
13777.2468675169 0.210224103813429 0.780426599749059
13777.2468675169 0.25 0.796737766624843
13777.2468675169 0.29730177875068 0.799247176913425
13777.2468675169 0.353553390593274 0.809284818067754
13777.2468675169 0.420448207626857 0.814303638644918
13777.2468675169 0.5 0.808030112923463
13777.2468675169 0.594603557501361 0.803011292346299
13777.2468675169 0.707106781186548 0.810539523212045
13777.2468675169 0.840896415253715 0.81555834378921
13777.2468675169 1 0.806775407779172
13777.2468675169 1.18920711500272 0.824341279799247
16384 0.210224103813429 0.785445420326223
16384 0.25 0.800501882057716
16384 0.29730177875068 0.800501882057716
16384 0.353553390593274 0.801756587202007
16384 0.420448207626857 0.806775407779172
16384 0.5 0.816813048933501
16384 0.594603557501361 0.797992471769134
16384 0.707106781186548 0.805520702634881
16384 0.840896415253715 0.834378920953576
16384 1 0.823086574654956
16384 1.18920711500272 0.799247176913425
19483.9693722046 0.210224103813429 0.791718946047679
19483.9693722046 0.25 0.797992471769134
19483.9693722046 0.29730177875068 0.800501882057716
19483.9693722046 0.353553390593274 0.810539523212045
19483.9693722046 0.420448207626857 0.813048933500627
19483.9693722046 0.5 0.813048933500627
19483.9693722046 0.594603557501361 0.800501882057716
19483.9693722046 0.707106781186548 0.816813048933501
19483.9693722046 0.840896415253715 0.811794228356336
19483.9693722046 1 0.821831869510665
19483.9693722046 1.18920711500272 0.810539523212045
23170.4750059208 0.210224103813429 0.789209535759097
23170.4750059208 0.25 0.775407779171895
23170.4750059208 0.29730177875068 0.806775407779172
23170.4750059208 0.353553390593274 0.809284818067754
23170.4750059208 0.420448207626857 0.806775407779172
23170.4750059208 0.5 0.820577164366374
23170.4750059208 0.594603557501361 0.799247176913425
23170.4750059208 0.707106781186548 0.810539523212045
23170.4750059208 0.840896415253715 0.821831869510665
23170.4750059208 1 0.825595984943538
23170.4750059208 1.18920711500272 0.80426599749059
27554.4937350337 0.210224103813429 0.813048933500627
27554.4937350337 0.25 0.805520702634881
27554.4937350337 0.29730177875068 0.814303638644918
27554.4937350337 0.353553390593274 0.810539523212045
27554.4937350337 0.420448207626857 0.823086574654956
27554.4937350337 0.5 0.810539523212045
27554.4937350337 0.594603557501361 0.813048933500627
27554.4937350337 0.707106781186548 0.824341279799247
27554.4937350337 0.840896415253715 0.809284818067754
27554.4937350337 1 0.80426599749059
27554.4937350337 1.18920711500272 0.810539523212045
38967.9387444092 0.210224103813429 0.794228356336261
38967.9387444092 0.25 0.810539523212045
38967.9387444092 0.29730177875068 0.810539523212045
38967.9387444092 0.353553390593274 0.808030112923463
38967.9387444092 0.420448207626857 0.800501882057716
38967.9387444092 0.5 0.824341279799247
38967.9387444092 0.594603557501361 0.801756587202007
38967.9387444092 0.707106781186548 0.82810539523212
38967.9387444092 0.840896415253715 0.816813048933501
38967.9387444092 1 0.826850690087829
38967.9387444092 1.18920711500272 0.799247176913425
46340.9500118416 0.210224103813429 0.805520702634881
46340.9500118416 0.25 0.805520702634881
46340.9500118416 0.29730177875068 0.809284818067754
46340.9500118416 0.353553390593274 0.825595984943538
46340.9500118416 0.420448207626857 0.805520702634881
46340.9500118416 0.5 0.818067754077792
46340.9500118416 0.594603557501361 0.821831869510665
46340.9500118416 0.707106781186548 0.811794228356336
46340.9500118416 0.840896415253715 0.809284818067754
46340.9500118416 1 0.799247176913425
46340.9500118416 1.18920711500272 0.803011292346299
55108.9874700674 0.210224103813429 0.790464240903388
55108.9874700674 0.25 0.801756587202007
55108.9874700674 0.29730177875068 0.805520702634881
55108.9874700674 0.353553390593274 0.816813048933501
55108.9874700674 0.420448207626857 0.818067754077792
55108.9874700674 0.5 0.808030112923463
55108.9874700674 0.594603557501361 0.826850690087829
55108.9874700674 0.707106781186548 0.797992471769134
55108.9874700674 0.840896415253715 0.80426599749059
55108.9874700674 1 0.806775407779172
55108.9874700674 1.18920711500272 0.805520702634881
65536 0.210224103813429 0.796737766624843
65536 0.25 0.810539523212045
65536 0.29730177875068 0.811794228356336
65536 0.353553390593274 0.811794228356336
65536 0.420448207626857 0.813048933500627
65536 0.5 0.813048933500627
65536 0.594603557501361 0.80426599749059
65536 0.707106781186548 0.811794228356336
65536 0.840896415253715 0.820577164366374
65536 1 0.809284818067754
65536 1.18920711500272 0.782936010037641
77935.8774888183 0.210224103813429 0.808030112923463
77935.8774888183 0.25 0.809284818067754
77935.8774888183 0.29730177875068 0.810539523212045
77935.8774888183 0.353553390593274 0.81555834378921
77935.8774888183 0.420448207626857 0.820577164366374
77935.8774888183 0.5 0.806775407779172
77935.8774888183 0.594603557501361 0.824341279799247
77935.8774888183 0.707106781186548 0.814303638644918
77935.8774888183 0.840896415253715 0.803011292346299
77935.8774888183 1 0.791718946047679
77935.8774888183 1.18920711500272 0.796737766624843
