0.03125 3.0517578125E-05 0.521957340025094
0.03125 0.0001220703125 0.521957340025094
0.03125 0.00048828125 0.521957340025094
0.03125 0.001953125 0.521957340025094
0.03125 0.0078125 0.521957340025094
0.03125 0.03125 0.521957340025094
0.03125 0.125 0.521957340025094
0.03125 0.5 0.521957340025094
0.03125 2 0.521957340025094
0.03125 8 0.521957340025094
0.125 3.0517578125E-05 0.521957340025094
0.125 0.0001220703125 0.521957340025094
0.125 0.00048828125 0.521957340025094
0.125 0.001953125 0.521957340025094
0.125 0.0078125 0.521957340025094
0.125 0.03125 0.521957340025094
0.125 0.125 0.521957340025094
0.125 0.5 0.521957340025094
0.125 2 0.5633626097867
0.125 8 0.611041405269762
0.5 3.0517578125E-05 0.521957340025094
0.5 0.0001220703125 0.521957340025094
0.5 0.00048828125 0.521957340025094
0.5 0.001953125 0.521957340025094
0.5 0.0078125 0.521957340025094
0.5 0.03125 0.521957340025094
0.5 0.125 0.521957340025094
0.5 0.5 0.554579673776663
0.5 2 0.663739021329987
0.5 8 0.70138017565872
2 3.0517578125E-05 0.521957340025094
2 0.0001220703125 0.521957340025094
2 0.00048828125 0.521957340025094
2 0.001953125 0.521957340025094
2 0.0078125 0.521957340025094
2 0.03125 0.521957340025094
2 0.125 0.543287327478043
2 0.5 0.700125470514429
2 2 0.745294855708908
2 8 0.756587202007528
8 3.0517578125E-05 0.521957340025094
8 0.0001220703125 0.521957340025094
8 0.00048828125 0.521957340025094
8 0.001953125 0.521957340025094
8 0.0078125 0.521957340025094
8 0.03125 0.544542032622334
8 0.125 0.703889585947302
8 0.5 0.751568381430364
8 2 0.765370138017566
8 8 0.790464240903388
32 3.0517578125E-05 0.521957340025094
32 0.0001220703125 0.521957340025094
32 0.00048828125 0.521957340025094
32 0.001953125 0.521957340025094
32 0.0078125 0.537013801756587
32 0.03125 0.700125470514429
32 0.125 0.751568381430364
32 0.5 0.78168130489335
32 2 0.799247176913425
32 8 0.810539523212045
128 3.0517578125E-05 0.521957340025094
128 0.0001220703125 0.521957340025094
128 0.00048828125 0.521957340025094
128 0.001953125 0.539523212045169
128 0.0078125 0.692597239648683
128 0.03125 0.751568381430364
128 0.125 0.785445420326223
128 0.5 0.791718946047679
128 2 0.82810539523212
128 8 0.819322459222083
512 3.0517578125E-05 0.521957340025094
512 0.0001220703125 0.521957340025094
512 0.00048828125 0.543287327478043
512 0.001953125 0.682559598494354
512 0.0078125 0.739021329987453
512 0.03125 0.774153074027603
512 0.125 0.795483061480552
512 0.5 0.811794228356336
512 2 0.824341279799247
512 8 0.800501882057716
2048 3.0517578125E-05 0.521957340025094
2048 0.0001220703125 0.538268506900878
2048 0.00048828125 0.687578419071518
2048 0.001953125 0.757841907151819
2048 0.0078125 0.765370138017566
2048 0.03125 0.79297365119197
2048 0.125 0.813048933500627
2048 0.5 0.811794228356336
2048 2 0.830614805520703
2048 8 0.808030112923463
8192 3.0517578125E-05 0.547051442910916
8192 0.0001220703125 0.700125470514429
8192 0.00048828125 0.751568381430364
8192 0.001953125 0.762860727728984
8192 0.0078125 0.782936010037641
8192 0.03125 0.796737766624843
8192 0.125 0.80426599749059
8192 0.5 0.830614805520703
8192 2 0.799247176913425
8192 8 0.791718946047679
32768 3.0517578125E-05 0.680050188205772
32768 0.0001220703125 0.757841907151819
32768 0.00048828125 0.760351317440402
32768 0.001953125 0.771643663739021
32768 0.0078125 0.799247176913425
32768 0.03125 0.801756587202007
32768 0.125 0.811794228356336
32768 0.5 0.843161856963614
32768 2 0.816813048933501
32768 8 0.786700125470514
13777.2468675169 0.210224103813429 0.799247176913425
13777.2468675169 0.25 0.80426599749059
13777.2468675169 0.29730177875068 0.80426599749059
13777.2468675169 0.353553390593274 0.81555834378921
13777.2468675169 0.420448207626857 0.824341279799247
13777.2468675169 0.5 0.840652446675031
13777.2468675169 0.594603557501361 0.823086574654956
13777.2468675169 0.707106781186548 0.823086574654956
13777.2468675169 0.840896415253715 0.830614805520703
13777.2468675169 1 0.824341279799247
13777.2468675169 1.18920711500272 0.82810539523212
16384 0.210224103813429 0.810539523212045
16384 0.25 0.805520702634881
16384 0.29730177875068 0.805520702634881
16384 0.353553390593274 0.831869510664994
16384 0.420448207626857 0.81555834378921
16384 0.5 0.826850690087829
16384 0.594603557501361 0.831869510664994
16384 0.707106781186548 0.834378920953576
16384 0.840896415253715 0.826850690087829
16384 1 0.829360100376412
16384 1.18920711500272 0.81555834378921
19483.9693722046 0.210224103813429 0.819322459222083
19483.9693722046 0.25 0.811794228356336
19483.9693722046 0.29730177875068 0.826850690087829
19483.9693722046 0.353553390593274 0.82810539523212
19483.9693722046 0.420448207626857 0.833124215809285
19483.9693722046 0.5 0.819322459222083
19483.9693722046 0.594603557501361 0.814303638644918
19483.9693722046 0.707106781186548 0.830614805520703
19483.9693722046 0.840896415253715 0.831869510664994
19483.9693722046 1 0.834378920953576
19483.9693722046 1.18920711500272 0.843161856963614
23170.4750059208 0.210224103813429 0.81555834378921
23170.4750059208 0.25 0.81555834378921
23170.4750059208 0.29730177875068 0.808030112923463
23170.4750059208 0.353553390593274 0.83939774153074
23170.4750059208 0.420448207626857 0.825595984943538
23170.4750059208 0.5 0.808030112923463
23170.4750059208 0.594603557501361 0.838143036386449
23170.4750059208 0.707106781186548 0.836888331242158
23170.4750059208 0.840896415253715 0.85069008782936
23170.4750059208 1 0.818067754077792
23170.4750059208 1.18920711500272 0.823086574654956
27554.4937350337 0.210224103813429 0.830614805520703
27554.4937350337 0.25 0.826850690087829
27554.4937350337 0.29730177875068 0.816813048933501
27554.4937350337 0.353553390593274 0.814303638644918
27554.4937350337 0.420448207626857 0.82810539523212
27554.4937350337 0.5 0.814303638644918
27554.4937350337 0.594603557501361 0.819322459222083
27554.4937350337 0.707106781186548 0.814303638644918
27554.4937350337 0.840896415253715 0.819322459222083
27554.4937350337 1 0.834378920953576
27554.4937350337 1.18920711500272 0.844416562107905
38967.9387444092 0.210224103813429 0.820577164366374
38967.9387444092 0.25 0.813048933500627
38967.9387444092 0.29730177875068 0.813048933500627
38967.9387444092 0.353553390593274 0.813048933500627
38967.9387444092 0.420448207626857 0.838143036386449
38967.9387444092 0.5 0.833124215809285
38967.9387444092 0.594603557501361 0.841907151819322
38967.9387444092 0.707106781186548 0.83939774153074
38967.9387444092 0.840896415253715 0.833124215809285
38967.9387444092 1 0.840652446675031
38967.9387444092 1.18920711500272 0.836888331242158
46340.9500118416 0.210224103813429 0.809284818067754
46340.9500118416 0.25 0.818067754077792
46340.9500118416 0.29730177875068 0.831869510664994
46340.9500118416 0.353553390593274 0.823086574654956
46340.9500118416 0.420448207626857 0.833124215809285
46340.9500118416 0.5 0.830614805520703
46340.9500118416 0.594603557501361 0.836888331242158
46340.9500118416 0.707106781186548 0.825595984943538
46340.9500118416 0.840896415253715 0.833124215809285
46340.9500118416 1 0.824341279799247
46340.9500118416 1.18920711500272 0.826850690087829
55108.9874700674 0.210224103813429 0.814303638644918
55108.9874700674 0.25 0.814303638644918
55108.9874700674 0.29730177875068 0.845671267252196
55108.9874700674 0.353553390593274 0.835633626097867
55108.9874700674 0.420448207626857 0.829360100376412
55108.9874700674 0.5 0.831869510664994
55108.9874700674 0.594603557501361 0.841907151819322
55108.9874700674 0.707106781186548 0.825595984943538
55108.9874700674 0.840896415253715 0.841907151819322
55108.9874700674 1 0.836888331242158
55108.9874700674 1.18920711500272 0.814303638644918
65536 0.210224103813429 0.811794228356336
65536 0.25 0.824341279799247
65536 0.29730177875068 0.819322459222083
65536 0.353553390593274 0.835633626097867
65536 0.420448207626857 0.83939774153074
65536 0.5 0.82810539523212
65536 0.594603557501361 0.816813048933501
65536 0.707106781186548 0.851944792973651
65536 0.840896415253715 0.829360100376412
65536 1 0.816813048933501
65536 1.18920711500272 0.824341279799247
77935.8774888183 0.210224103813429 0.836888331242158
77935.8774888183 0.25 0.820577164366374
77935.8774888183 0.29730177875068 0.840652446675031
77935.8774888183 0.353553390593274 0.826850690087829
77935.8774888183 0.420448207626857 0.830614805520703
77935.8774888183 0.5 0.834378920953576
77935.8774888183 0.594603557501361 0.83939774153074
77935.8774888183 0.707106781186548 0.830614805520703
77935.8774888183 0.840896415253715 0.830614805520703
77935.8774888183 1 0.821831869510665
77935.8774888183 1.18920711500272 0.790464240903388
