0.03125 3.0517578125E-05 0.489795918367347
0.03125 0.0001220703125 0.489795918367347
0.03125 0.00048828125 0.489795918367347
0.03125 0.001953125 0.489795918367347
0.03125 0.0078125 0.489795918367347
0.03125 0.03125 0.489795918367347
0.03125 0.125 0.489795918367347
0.03125 0.5 0.489795918367347
0.03125 2 0.489795918367347
0.03125 8 0.489795918367347
0.125 3.0517578125E-05 0.489795918367347
0.125 0.0001220703125 0.489795918367347
0.125 0.00048828125 0.489795918367347
0.125 0.001953125 0.489795918367347
0.125 0.0078125 0.489795918367347
0.125 0.03125 0.489795918367347
0.125 0.125 0.489795918367347
0.125 0.5 0.489795918367347
0.125 2 0.489795918367347
0.125 8 0.51530612244898
0.5 3.0517578125E-05 0.489795918367347
0.5 0.0001220703125 0.489795918367347
0.5 0.00048828125 0.489795918367347
0.5 0.001953125 0.489795918367347
0.5 0.0078125 0.489795918367347
0.5 0.03125 0.489795918367347
0.5 0.125 0.489795918367347
0.5 0.5 0.489795918367347
0.5 2 0.627551020408163
0.5 8 0.714285714285714
2 3.0517578125E-05 0.489795918367347
2 0.0001220703125 0.489795918367347
2 0.00048828125 0.489795918367347
2 0.001953125 0.489795918367347
2 0.0078125 0.489795918367347
2 0.03125 0.489795918367347
2 0.125 0.489795918367347
2 0.5 0.673469387755102
2 2 0.729591836734694
2 8 0.755102040816326
8 3.0517578125E-05 0.489795918367347
8 0.0001220703125 0.489795918367347
8 0.00048828125 0.489795918367347
8 0.001953125 0.489795918367347
8 0.0078125 0.489795918367347
8 0.03125 0.489795918367347
8 0.125 0.673469387755102
8 0.5 0.775510204081633
8 2 0.816326530612245
8 8 0.795918367346939
32 3.0517578125E-05 0.489795918367347
32 0.0001220703125 0.489795918367347
32 0.00048828125 0.489795918367347
32 0.001953125 0.489795918367347
32 0.0078125 0.494897959183673
32 0.03125 0.693877551020408
32 0.125 0.75
32 0.5 0.811224489795918
32 2 0.86734693877551
32 8 0.852040816326531
128 3.0517578125E-05 0.489795918367347
128 0.0001220703125 0.489795918367347
128 0.00048828125 0.489795918367347
128 0.001953125 0.489795918367347
128 0.0078125 0.683673469387755
128 0.03125 0.795918367346939
128 0.125 0.841836734693878
128 0.5 0.841836734693878
128 2 0.88265306122449
128 8 0.846938775510204
512 3.0517578125E-05 0.489795918367347
512 0.0001220703125 0.489795918367347
512 0.00048828125 0.489795918367347
512 0.001953125 0.678571428571429
512 0.0078125 0.780612244897959
512 0.03125 0.841836734693878
512 0.125 0.862244897959184
512 0.5 0.86734693877551
512 2 0.852040816326531
512 8 0.846938775510204
2048 3.0517578125E-05 0.489795918367347
2048 0.0001220703125 0.494897959183673
2048 0.00048828125 0.683673469387755
2048 0.001953125 0.775510204081633
2048 0.0078125 0.831632653061224
2048 0.03125 0.857142857142857
2048 0.125 0.877551020408163
2048 0.5 0.872448979591837
2048 2 0.872448979591837
2048 8 0.846938775510204
8192 3.0517578125E-05 0.494897959183673
8192 0.0001220703125 0.683673469387755
8192 0.00048828125 0.775510204081633
8192 0.001953125 0.826530612244898
8192 0.0078125 0.846938775510204
8192 0.03125 0.887755102040816
8192 0.125 0.897959183673469
8192 0.5 0.852040816326531
8192 2 0.846938775510204
8192 8 0.857142857142857
32768 3.0517578125E-05 0.693877551020408
32768 0.0001220703125 0.775510204081633
32768 0.00048828125 0.831632653061224
32768 0.001953125 0.841836734693878
32768 0.0078125 0.877551020408163
32768 0.03125 0.892857142857143
32768 0.125 0.887755102040816
32768 0.5 0.852040816326531
32768 2 0.852040816326531
32768 8 0.841836734693878
3444.31171687921 0.0525560259533572 0.903061224489796
3444.31171687921 0.0625 0.872448979591837
3444.31171687921 0.0743254446876701 0.887755102040816
3444.31171687921 0.0883883476483184 0.892857142857143
3444.31171687921 0.105112051906714 0.908163265306122
3444.31171687921 0.125 0.908163265306122
3444.31171687921 0.14865088937534 0.908163265306122
3444.31171687921 0.176776695296637 0.908163265306122
3444.31171687921 0.210224103813429 0.892857142857143
3444.31171687921 0.25 0.923469387755102
3444.31171687921 0.29730177875068 0.88265306122449
4096 0.0525560259533572 0.897959183673469
4096 0.0625 0.892857142857143
4096 0.0743254446876701 0.908163265306122
4096 0.0883883476483184 0.897959183673469
4096 0.105112051906714 0.913265306122449
4096 0.125 0.918367346938776
4096 0.14865088937534 0.892857142857143
4096 0.176776695296637 0.892857142857143
4096 0.210224103813429 0.88265306122449
4096 0.25 0.903061224489796
4096 0.29730177875068 0.862244897959184
4870.99234305115 0.0525560259533572 0.903061224489796
4870.99234305115 0.0625 0.897959183673469
4870.99234305115 0.0743254446876701 0.897959183673469
4870.99234305115 0.0883883476483184 0.887755102040816
4870.99234305115 0.105112051906714 0.908163265306122
4870.99234305115 0.125 0.908163265306122
4870.99234305115 0.14865088937534 0.897959183673469
4870.99234305115 0.176776695296637 0.872448979591837
4870.99234305115 0.210224103813429 0.892857142857143
4870.99234305115 0.25 0.872448979591837
4870.99234305115 0.29730177875068 0.892857142857143
5792.6187514802 0.0525560259533572 0.903061224489796
5792.6187514802 0.0625 0.908163265306122
5792.6187514802 0.0743254446876701 0.88265306122449
5792.6187514802 0.0883883476483184 0.887755102040816
5792.6187514802 0.105112051906714 0.903061224489796
5792.6187514802 0.125 0.88265306122449
5792.6187514802 0.14865088937534 0.857142857142857
5792.6187514802 0.176776695296637 0.852040816326531
5792.6187514802 0.210224103813429 0.897959183673469
5792.6187514802 0.25 0.887755102040816
5792.6187514802 0.29730177875068 0.897959183673469
6888.62343375843 0.0525560259533572 0.897959183673469
6888.62343375843 0.0625 0.913265306122449
6888.62343375843 0.0743254446876701 0.908163265306122
6888.62343375843 0.0883883476483184 0.903061224489796
6888.62343375843 0.105112051906714 0.887755102040816
6888.62343375843 0.125 0.897959183673469
6888.62343375843 0.14865088937534 0.892857142857143
6888.62343375843 0.176776695296637 0.903061224489796
6888.62343375843 0.210224103813429 0.908163265306122
6888.62343375843 0.25 0.892857142857143
6888.62343375843 0.29730177875068 0.892857142857143
9741.98468610229 0.0525560259533572 0.887755102040816
9741.98468610229 0.0625 0.903061224489796
9741.98468610229 0.0743254446876701 0.887755102040816
9741.98468610229 0.0883883476483184 0.887755102040816
9741.98468610229 0.105112051906714 0.903061224489796
9741.98468610229 0.125 0.913265306122449
9741.98468610229 0.14865088937534 0.86734693877551
9741.98468610229 0.176776695296637 0.872448979591837
9741.98468610229 0.210224103813429 0.903061224489796
9741.98468610229 0.25 0.857142857142857
9741.98468610229 0.29730177875068 0.897959183673469
11585.2375029604 0.0525560259533572 0.897959183673469
11585.2375029604 0.0625 0.892857142857143
11585.2375029604 0.0743254446876701 0.897959183673469
11585.2375029604 0.0883883476483184 0.908163265306122
11585.2375029604 0.105112051906714 0.903061224489796
11585.2375029604 0.125 0.908163265306122
11585.2375029604 0.14865088937534 0.913265306122449
11585.2375029604 0.176776695296637 0.903061224489796
11585.2375029604 0.210224103813429 0.872448979591837
11585.2375029604 0.25 0.857142857142857
11585.2375029604 0.29730177875068 0.887755102040816
13777.2468675169 0.0525560259533572 0.897959183673469
13777.2468675169 0.0625 0.918367346938776
13777.2468675169 0.0743254446876701 0.897959183673469
13777.2468675169 0.0883883476483184 0.887755102040816
13777.2468675169 0.105112051906714 0.908163265306122
13777.2468675169 0.125 0.86734693877551
13777.2468675169 0.14865088937534 0.862244897959184
13777.2468675169 0.176776695296637 0.872448979591837
13777.2468675169 0.210224103813429 0.897959183673469
13777.2468675169 0.25 0.872448979591837
13777.2468675169 0.29730177875068 0.877551020408163
16384 0.0525560259533572 0.913265306122449
16384 0.0625 0.908163265306122
16384 0.0743254446876701 0.877551020408163
16384 0.0883883476483184 0.877551020408163
16384 0.105112051906714 0.897959183673469
16384 0.125 0.887755102040816
16384 0.14865088937534 0.877551020408163
16384 0.176776695296637 0.887755102040816
16384 0.210224103813429 0.877551020408163
16384 0.25 0.887755102040816
16384 0.29730177875068 0.877551020408163
19483.9693722046 0.0525560259533572 0.897959183673469
19483.9693722046 0.0625 0.887755102040816
19483.9693722046 0.0743254446876701 0.897959183673469
19483.9693722046 0.0883883476483184 0.892857142857143
19483.9693722046 0.105112051906714 0.872448979591837
19483.9693722046 0.125 0.877551020408163
19483.9693722046 0.14865088937534 0.88265306122449
19483.9693722046 0.176776695296637 0.877551020408163
19483.9693722046 0.210224103813429 0.877551020408163
19483.9693722046 0.25 0.831632653061224
19483.9693722046 0.29730177875068 0.846938775510204
