labels 1 0 -1
-1 -1 0.000866840988597824 0.00260192265134448 0.996531236360058 
-1 -1 0.00116787329883518 0.00222763824774025 0.996604488453425 
-1 -1 0.00178780222191147 0.00315430842389965 0.995057889354189 
-1 -1 0.000436372070113381 0.0102355169445419 0.989328110985345 
-1 -1 1.5515746581027E-06 1.86455942376849E-06 0.999996583865918 
-1 -1 0.000519680450741601 0.00318283001489425 0.996297489534364 
-1 -1 0.00217026892553067 0.0167035305701869 0.981126200504282 
-1 -1 0.00857676289343684 0.135158834637113 0.85626440246945 
0 -1 0.0092054274788996 0.242847223210623 0.747947349310478 
0 -1 0.00915946094385015 0.379160953555807 0.611679585500343 
0 0 0.00863267379372228 0.531741927890858 0.45962539831542 
0 0 0.00801621393579535 0.664319711951397 0.327664074112808 
0 0 0.00818653055104068 0.749736406372815 0.242077063076144 
0 0 0.00928743791114635 0.806803178047985 0.183909384040868 
0 0 0.00601006265282351 0.844122634693519 0.149867302653658 
0 0 0.0125001893307383 0.823249049377058 0.164250761292203 
0 0 0.0085737216535333 0.854884822357572 0.136541455988895 
0 0 0.00184223981654018 0.592673157662966 0.405484602520493 
-1 0 0.00281765697159926 0.617852010659766 0.379330332368635 
-1 0 0.00487622746757021 0.555259254233769 0.43986451829866 
-1 -1 0.00352993245972009 0.442123761151175 0.554346306389105 
0 -1 0.00563749628622856 0.426640643006263 0.567721860707509 
0 0 0.0105328090616511 0.525746584979292 0.463720605959057 
0 0 0.0185957210543178 0.577908028716728 0.403496250228954 
0 0 0.0134446991027071 0.862591807530369 0.123963493366924 
0 0 0.0109864633116204 0.921963641581029 0.0670498951073504 
0 0 0.012340398893638 0.541991112977744 0.445668488128618 
0 0 0.0226128075224363 0.836165017129934 0.14122217534763 
0 0 0.0565467905053946 0.917231555733323 0.0262216537612817 
0 0 0.0262121000894795 0.949427686539401 0.0243602133711197 
0 0 0.0222829393626912 0.949316199374582 0.0284008612627266 
0 0 0.0253315589104616 0.922166533037311 0.0525019080522281 
0 0 0.0372451085145238 0.797299582921109 0.165455308564367 
0 0 0.11959601403377 0.829343734673532 0.0510602512926985 
0 0 0.365952450941692 0.608856010911855 0.0251915381464524 
0 1 0.586694620544764 0.389090150255527 0.0242152291997086 
0 1 0.799546413671761 0.181635610803695 0.0188179755245439 
0 1 0.918488417419453 0.069445256834505 0.0120663257460424 
0 1 0.871024706425801 0.11485155431491 0.0141237392592892 
0 1 0.813822058334049 0.169972655981209 0.0162052856847418 
0 1 0.598570568238278 0.247148046949324 0.154281384812398 
0 1 0.64059302150743 0.240951801296129 0.118455177196441 
0 1 0.525166142796038 0.360641131352548 0.114192725851414 
0 0 0.39670795086162 0.497471124529901 0.105820924608479 
0 0 0.436387765402913 0.496787294558358 0.0668249400387286 
0 1 0.524038434324237 0.440644556468685 0.0353170092070781 
0 0 0.289144715893836 0.682706096917043 0.0281491871891209 
0 1 0.640100375647365 0.349421475045072 0.0104781493075624 
0 1 0.745974987711857 0.245609907854081 0.00841510443406201 
1 1 0.766012438511761 0.214935893052365 0.0190516684358739 
1 1 0.915733753896504 0.0800000090606664 0.00426623704282992 
1 1 0.765488718378545 0.229252584992296 0.00525869662915928 
1 1 0.781789372378616 0.213941827080861 0.00426880054052334 
1 1 0.936329056538327 0.060374639698536 0.00329630376313756 
1 1 0.936055107537319 0.0556390192584577 0.00830587320422321 
1 1 0.989369708324777 0.00950548886095608 0.00112480281426739 
1 1 0.947829750045073 0.0468706698204759 0.00529958013445121 
1 1 0.977232589705013 0.0210987272984268 0.0016686829965601 
1 1 0.976464325866069 0.0225033180607922 0.00103235607313906 
0 1 0.91016221474559 0.0869035178761636 0.00293426737824653 
1 1 0.78225227713015 0.213988372886802 0.00375934998304798 
0 1 0.650403889309459 0.273884120266068 0.0757119904244732 
0 0 0.198332736715687 0.78728544456386 0.0143818187204535 
0 1 0.541145655856559 0.383948813201079 0.0749055309423613 
0 0 0.113449128370199 0.87648636323172 0.010064508398081 
0 1 0.519029466402345 0.396057567743466 0.0849129658541893 
0 0 0.109978269047452 0.878782212133652 0.0112395188188959 
0 0 0.145149027039203 0.843910698642063 0.0109402743187342 
0 0 0.147976067503929 0.826319576017926 0.0257043564781445 
0 0 0.179800932987597 0.804340707388799 0.0158583596236043 
0 0 0.200724473490431 0.724546925496292 0.0747286010132765 
1 0 0.404716421131087 0.519145012850668 0.076138566018245 
1 0 0.352740406629161 0.621193547599862 0.0260660457709768 
1 0 0.418834114419019 0.557121104459782 0.0240447811211992 
1 0 0.230515404618863 0.758028054732455 0.0114565406486823 
1 0 0.375116959824771 0.602125493155228 0.0227575470200009 
0 0 0.240266574049681 0.748154574622537 0.0115788513277824 
0 0 0.149139152433478 0.83513036247399 0.0157304850925311 
-1 -1 0.00114114691643997 5.59993883089733E-05 0.998802853695251 
-1 -1 0.00264830990153902 0.000128674811164155 0.997223015287297 
-1 -1 0.0125044651280158 0.00167341670561329 0.985822118166371 
-1 -1 0.0167758597525508 0.00552884968183862 0.97769529056561 
-1 -1 0.0238979632726767 0.0216234121079873 0.954478624619336 
-1 -1 0.03301586800232 0.083183501286785 0.883800630710895 
0 -1 0.0133305460261559 0.103267098709437 0.883402355264407 
0 -1 0.0117433305219845 0.370285323282 0.617971346196016 
0 -1 0.00358490716042613 0.0927879351840814 0.903627157655492 
0 -1 0.0138231470018561 0.45842262430744 0.527754228690704 
0 0 0.0336131097250558 0.875238480221671 0.091148410053273 
0 0 0.112835840238566 0.824263356499395 0.0629008032620391 
0 0 0.443962501426009 0.458222032062513 0.0978154665114787 
0 1 0.801374282685657 0.11543560296787 0.0831901143464728 
