0.03125 3.0517578125E-05 0.476038338658147
0.03125 0.0001220703125 0.476038338658147
0.03125 0.00048828125 0.476038338658147
0.03125 0.001953125 0.476038338658147
0.03125 0.0078125 0.476038338658147
0.03125 0.03125 0.476038338658147
0.03125 0.125 0.476038338658147
0.03125 0.5 0.476038338658147
0.03125 2 0.476038338658147
0.03125 8 0.476038338658147
0.125 3.0517578125E-05 0.476038338658147
0.125 0.0001220703125 0.476038338658147
0.125 0.00048828125 0.476038338658147
0.125 0.001953125 0.476038338658147
0.125 0.0078125 0.476038338658147
0.125 0.03125 0.476038338658147
0.125 0.125 0.476038338658147
0.125 0.5 0.476038338658147
0.125 2 0.476038338658147
0.125 8 0.479233226837061
0.5 3.0517578125E-05 0.476038338658147
0.5 0.0001220703125 0.476038338658147
0.5 0.00048828125 0.476038338658147
0.5 0.001953125 0.476038338658147
0.5 0.0078125 0.476038338658147
0.5 0.03125 0.476038338658147
0.5 0.125 0.476038338658147
0.5 0.5 0.476038338658147
0.5 2 0.488817891373802
0.5 8 0.501597444089457
2 3.0517578125E-05 0.476038338658147
2 0.0001220703125 0.476038338658147
2 0.00048828125 0.476038338658147
2 0.001953125 0.476038338658147
2 0.0078125 0.476038338658147
2 0.03125 0.476038338658147
2 0.125 0.463258785942492
2 0.5 0.495207667731629
2 2 0.501597444089457
2 8 0.55591054313099
8 3.0517578125E-05 0.476038338658147
8 0.0001220703125 0.476038338658147
8 0.00048828125 0.476038338658147
8 0.001953125 0.476038338658147
8 0.0078125 0.476038338658147
8 0.03125 0.466453674121406
8 0.125 0.501597444089457
8 0.5 0.536741214057508
8 2 0.591054313099042
8 8 0.60702875399361
32 3.0517578125E-05 0.476038338658147
32 0.0001220703125 0.476038338658147
32 0.00048828125 0.476038338658147
32 0.001953125 0.476038338658147
32 0.0078125 0.466453674121406
32 0.03125 0.507987220447284
32 0.125 0.539936102236422
32 0.5 0.667731629392971
32 2 0.744408945686901
32 8 0.750798722044728
128 3.0517578125E-05 0.476038338658147
128 0.0001220703125 0.476038338658147
128 0.00048828125 0.476038338658147
128 0.001953125 0.472843450479233
128 0.0078125 0.511182108626198
128 0.03125 0.533546325878594
128 0.125 0.670926517571885
128 0.5 0.738019169329074
128 2 0.779552715654952
128 8 0.798722044728435
512 3.0517578125E-05 0.476038338658147
512 0.0001220703125 0.476038338658147
512 0.00048828125 0.472843450479233
512 0.001953125 0.507987220447284
512 0.0078125 0.552715654952077
512 0.03125 0.667731629392971
512 0.125 0.76038338658147
512 0.5 0.808306709265176
512 2 0.801916932907348
512 8 0.798722044728435
2048 3.0517578125E-05 0.476038338658147
2048 0.0001220703125 0.472843450479233
2048 0.00048828125 0.492012779552716
2048 0.001953125 0.539936102236422
2048 0.0078125 0.68370607028754
2048 0.03125 0.747603833865815
2048 0.125 0.811501597444089
2048 0.5 0.808306709265176
2048 2 0.814696485623003
2048 8 0.757188498402556
8192 3.0517578125E-05 0.482428115015974
8192 0.0001220703125 0.498402555910543
8192 0.00048828125 0.536741214057508
8192 0.001953125 0.696485623003195
8192 0.0078125 0.779552715654952
8192 0.03125 0.830670926517572
8192 0.125 0.814696485623003
8192 0.5 0.814696485623003
8192 2 0.792332268370607
8192 8 0.789137380191693
32768 3.0517578125E-05 0.504792332268371
32768 0.0001220703125 0.543130990415335
32768 0.00048828125 0.68370607028754
32768 0.001953125 0.766773162939297
32768 0.0078125 0.824281150159744
32768 0.03125 0.824281150159744
32768 0.125 0.843450479233227
32768 0.5 0.824281150159744
32768 2 0.795527156549521
32768 8 0.773162939297125
13777.2468675169 0.0525560259533572 0.811501597444089
13777.2468675169 0.0625 0.814696485623003
13777.2468675169 0.0743254446876701 0.824281150159744
13777.2468675169 0.0883883476483184 0.821086261980831
13777.2468675169 0.105112051906714 0.821086261980831
13777.2468675169 0.125 0.827476038338658
13777.2468675169 0.14865088937534 0.827476038338658
13777.2468675169 0.176776695296637 0.827476038338658
13777.2468675169 0.210224103813429 0.849840255591054
13777.2468675169 0.25 0.827476038338658
13777.2468675169 0.29730177875068 0.824281150159744
16384 0.0525560259533572 0.827476038338658
16384 0.0625 0.827476038338658
16384 0.0743254446876701 0.830670926517572
16384 0.0883883476483184 0.827476038338658
16384 0.105112051906714 0.837060702875399
16384 0.125 0.817891373801917
16384 0.14865088937534 0.833865814696486
16384 0.176776695296637 0.821086261980831
16384 0.210224103813429 0.817891373801917
16384 0.25 0.821086261980831
16384 0.29730177875068 0.821086261980831
19483.9693722046 0.0525560259533572 0.824281150159744
19483.9693722046 0.0625 0.837060702875399
19483.9693722046 0.0743254446876701 0.814696485623003
19483.9693722046 0.0883883476483184 0.827476038338658
19483.9693722046 0.105112051906714 0.817891373801917
19483.9693722046 0.125 0.817891373801917
19483.9693722046 0.14865088937534 0.830670926517572
19483.9693722046 0.176776695296637 0.824281150159744
19483.9693722046 0.210224103813429 0.837060702875399
19483.9693722046 0.25 0.824281150159744
19483.9693722046 0.29730177875068 0.833865814696486
23170.4750059208 0.0525560259533572 0.827476038338658
23170.4750059208 0.0625 0.817891373801917
23170.4750059208 0.0743254446876701 0.824281150159744
23170.4750059208 0.0883883476483184 0.840255591054313
23170.4750059208 0.105112051906714 0.821086261980831
23170.4750059208 0.125 0.827476038338658
23170.4750059208 0.14865088937534 0.821086261980831
23170.4750059208 0.176776695296637 0.821086261980831
23170.4750059208 0.210224103813429 0.827476038338658
23170.4750059208 0.25 0.846645367412141
23170.4750059208 0.29730177875068 0.821086261980831
27554.4937350337 0.0525560259533572 0.833865814696486
27554.4937350337 0.0625 0.821086261980831
27554.4937350337 0.0743254446876701 0.808306709265176
27554.4937350337 0.0883883476483184 0.824281150159744
27554.4937350337 0.105112051906714 0.837060702875399
27554.4937350337 0.125 0.830670926517572
27554.4937350337 0.14865088937534 0.824281150159744
27554.4937350337 0.176776695296637 0.824281150159744
27554.4937350337 0.210224103813429 0.824281150159744
27554.4937350337 0.25 0.827476038338658
27554.4937350337 0.29730177875068 0.833865814696486
38967.9387444092 0.0525560259533572 0.811501597444089
38967.9387444092 0.0625 0.830670926517572
38967.9387444092 0.0743254446876701 0.840255591054313
38967.9387444092 0.0883883476483184 0.821086261980831
38967.9387444092 0.105112051906714 0.837060702875399
38967.9387444092 0.125 0.827476038338658
38967.9387444092 0.14865088937534 0.814696485623003
38967.9387444092 0.176776695296637 0.817891373801917
38967.9387444092 0.210224103813429 0.801916932907348
38967.9387444092 0.25 0.843450479233227
38967.9387444092 0.29730177875068 0.824281150159744
46340.9500118416 0.0525560259533572 0.833865814696486
46340.9500118416 0.0625 0.843450479233227
46340.9500118416 0.0743254446876701 0.830670926517572
46340.9500118416 0.0883883476483184 0.833865814696486
46340.9500118416 0.105112051906714 0.821086261980831
46340.9500118416 0.125 0.837060702875399
46340.9500118416 0.14865088937534 0.833865814696486
46340.9500118416 0.176776695296637 0.824281150159744
46340.9500118416 0.210224103813429 0.830670926517572
46340.9500118416 0.25 0.837060702875399
46340.9500118416 0.29730177875068 0.817891373801917
55108.9874700674 0.0525560259533572 0.837060702875399
55108.9874700674 0.0625 0.833865814696486
55108.9874700674 0.0743254446876701 0.833865814696486
55108.9874700674 0.0883883476483184 0.840255591054313
55108.9874700674 0.105112051906714 0.843450479233227
55108.9874700674 0.125 0.817891373801917
55108.9874700674 0.14865088937534 0.837060702875399
55108.9874700674 0.176776695296637 0.843450479233227
55108.9874700674 0.210224103813429 0.814696485623003
55108.9874700674 0.25 0.821086261980831
55108.9874700674 0.29730177875068 0.824281150159744
65536 0.0525560259533572 0.830670926517572
65536 0.0625 0.840255591054313
65536 0.0743254446876701 0.827476038338658
65536 0.0883883476483184 0.817891373801917
65536 0.105112051906714 0.824281150159744
65536 0.125 0.817891373801917
65536 0.14865088937534 0.811501597444089
65536 0.176776695296637 0.837060702875399
65536 0.210224103813429 0.837060702875399
65536 0.25 0.808306709265176
65536 0.29730177875068 0.830670926517572
77935.8774888183 0.0525560259533572 0.840255591054313
77935.8774888183 0.0625 0.833865814696486
77935.8774888183 0.0743254446876701 0.840255591054313
77935.8774888183 0.0883883476483184 0.827476038338658
77935.8774888183 0.105112051906714 0.840255591054313
77935.8774888183 0.125 0.824281150159744
77935.8774888183 0.14865088937534 0.837060702875399
77935.8774888183 0.176776695296637 0.830670926517572
77935.8774888183 0.210224103813429 0.830670926517572
77935.8774888183 0.25 0.830670926517572
77935.8774888183 0.29730177875068 0.830670926517572
