0.03125 3.0517578125E-05 0.52132701421801
0.03125 0.0001220703125 0.52132701421801
0.03125 0.00048828125 0.52132701421801
0.03125 0.001953125 0.52132701421801
0.03125 0.0078125 0.52132701421801
0.03125 0.03125 0.52132701421801
0.03125 0.125 0.52132701421801
0.03125 0.5 0.52132701421801
0.03125 2 0.52132701421801
0.03125 8 0.52132701421801
0.125 3.0517578125E-05 0.52132701421801
0.125 0.0001220703125 0.52132701421801
0.125 0.00048828125 0.52132701421801
0.125 0.001953125 0.52132701421801
0.125 0.0078125 0.52132701421801
0.125 0.03125 0.52132701421801
0.125 0.125 0.52132701421801
0.125 0.5 0.52132701421801
0.125 2 0.52132701421801
0.125 8 0.5260663507109
0.5 3.0517578125E-05 0.52132701421801
0.5 0.0001220703125 0.52132701421801
0.5 0.00048828125 0.52132701421801
0.5 0.001953125 0.52132701421801
0.5 0.0078125 0.52132701421801
0.5 0.03125 0.52132701421801
0.5 0.125 0.52132701421801
0.5 0.5 0.52132701421801
0.5 2 0.582938388625592
0.5 8 0.649289099526066
2 3.0517578125E-05 0.52132701421801
2 0.0001220703125 0.52132701421801
2 0.00048828125 0.52132701421801
2 0.001953125 0.52132701421801
2 0.0078125 0.52132701421801
2 0.03125 0.52132701421801
2 0.125 0.52132701421801
2 0.5 0.616113744075829
2 2 0.658767772511848
2 8 0.635071090047393
8 3.0517578125E-05 0.52132701421801
8 0.0001220703125 0.52132701421801
8 0.00048828125 0.52132701421801
8 0.001953125 0.52132701421801
8 0.0078125 0.52132701421801
8 0.03125 0.52132701421801
8 0.125 0.587677725118483
8 0.5 0.644549763033175
8 2 0.720379146919431
8 8 0.71563981042654
32 3.0517578125E-05 0.52132701421801
32 0.0001220703125 0.52132701421801
32 0.00048828125 0.52132701421801
32 0.001953125 0.52132701421801
32 0.0078125 0.52132701421801
32 0.03125 0.57345971563981
32 0.125 0.663507109004739
32 0.5 0.71563981042654
32 2 0.71563981042654
32 8 0.767772511848341
128 3.0517578125E-05 0.52132701421801
128 0.0001220703125 0.52132701421801
128 0.00048828125 0.52132701421801
128 0.001953125 0.52132701421801
128 0.0078125 0.554502369668246
128 0.03125 0.663507109004739
128 0.125 0.710900473933649
128 0.5 0.720379146919431
128 2 0.767772511848341
128 8 0.791469194312796
512 3.0517578125E-05 0.52132701421801
512 0.0001220703125 0.52132701421801
512 0.00048828125 0.52132701421801
512 0.001953125 0.568720379146919
512 0.0078125 0.672985781990521
512 0.03125 0.710900473933649
512 0.125 0.725118483412322
512 0.5 0.739336492890995
512 2 0.781990521327014
512 8 0.829383886255924
2048 3.0517578125E-05 0.52132701421801
2048 0.0001220703125 0.52132701421801
2048 0.00048828125 0.568720379146919
2048 0.001953125 0.654028436018957
2048 0.0078125 0.696682464454976
2048 0.03125 0.710900473933649
2048 0.125 0.725118483412322
2048 0.5 0.777251184834123
2048 2 0.815165876777251
2048 8 0.791469194312796
8192 3.0517578125E-05 0.52132701421801
8192 0.0001220703125 0.597156398104265
8192 0.00048828125 0.677725118483412
8192 0.001953125 0.706161137440758
8192 0.0078125 0.720379146919431
8192 0.03125 0.734597156398104
8192 0.125 0.748815165876777
8192 0.5 0.805687203791469
8192 2 0.815165876777251
8192 8 0.815165876777251
32768 3.0517578125E-05 0.563981042654028
32768 0.0001220703125 0.66824644549763
32768 0.00048828125 0.701421800947867
32768 0.001953125 0.710900473933649
32768 0.0078125 0.758293838862559
32768 0.03125 0.758293838862559
32768 0.125 0.781990521327014
32768 0.5 0.805687203791469
32768 2 0.805687203791469
32768 8 0.800947867298578
215.269482304951 3.36358566101486 0.76303317535545
215.269482304951 4 0.777251184834123
215.269482304951 4.75682846001088 0.796208530805687
215.269482304951 5.65685424949238 0.791469194312796
215.269482304951 6.72717132202972 0.796208530805687
215.269482304951 8 0.824644549763033
215.269482304951 9.51365692002177 0.838862559241706
215.269482304951 11.3137084989848 0.824644549763033
215.269482304951 13.4543426440594 0.81042654028436
215.269482304951 16 0.819905213270142
215.269482304951 19.0273138400435 0.781990521327014
256 3.36358566101486 0.819905213270142
256 4 0.772511848341232
256 4.75682846001088 0.800947867298578
256 5.65685424949238 0.796208530805687
256 6.72717132202972 0.800947867298578
256 8 0.824644549763033
256 9.51365692002177 0.829383886255924
256 11.3137084989848 0.848341232227488
256 13.4543426440594 0.800947867298578
256 16 0.81042654028436
256 19.0273138400435 0.81042654028436
304.437021440697 3.36358566101486 0.753554502369668
304.437021440697 4 0.76303317535545
304.437021440697 4.75682846001088 0.815165876777251
304.437021440697 5.65685424949238 0.758293838862559
304.437021440697 6.72717132202972 0.819905213270142
304.437021440697 8 0.815165876777251
304.437021440697 9.51365692002177 0.796208530805687
304.437021440697 11.3137084989848 0.848341232227488
304.437021440697 13.4543426440594 0.786729857819905
304.437021440697 16 0.815165876777251
304.437021440697 19.0273138400435 0.796208530805687
362.038671967512 3.36358566101486 0.796208530805687
362.038671967512 4 0.791469194312796
362.038671967512 4.75682846001088 0.824644549763033
362.038671967512 5.65685424949238 0.824644549763033
362.038671967512 6.72717132202972 0.838862559241706
362.038671967512 8 0.81042654028436
362.038671967512 9.51365692002177 0.824644549763033
362.038671967512 11.3137084989848 0.796208530805687
362.038671967512 13.4543426440594 0.834123222748815
362.038671967512 16 0.76303317535545
362.038671967512 19.0273138400435 0.815165876777251
430.538964609902 3.36358566101486 0.777251184834123
430.538964609902 4 0.815165876777251
430.538964609902 4.75682846001088 0.767772511848341
430.538964609902 5.65685424949238 0.829383886255924
430.538964609902 6.72717132202972 0.81042654028436
430.538964609902 8 0.829383886255924
430.538964609902 9.51365692002177 0.819905213270142
430.538964609902 11.3137084989848 0.834123222748815
430.538964609902 13.4543426440594 0.796208530805687
430.538964609902 16 0.819905213270142
430.538964609902 19.0273138400435 0.81042654028436
608.874042881393 3.36358566101486 0.800947867298578
608.874042881393 4 0.815165876777251
608.874042881393 4.75682846001088 0.829383886255924
608.874042881393 5.65685424949238 0.829383886255924
608.874042881393 6.72717132202972 0.824644549763033
608.874042881393 8 0.829383886255924
608.874042881393 9.51365692002177 0.848341232227488
608.874042881393 11.3137084989848 0.824644549763033
608.874042881393 13.4543426440594 0.81042654028436
608.874042881393 16 0.815165876777251
608.874042881393 19.0273138400435 0.81042654028436
724.077343935025 3.36358566101486 0.838862559241706
724.077343935025 4 0.85781990521327
724.077343935025 4.75682846001088 0.786729857819905
724.077343935025 5.65685424949238 0.805687203791469
724.077343935025 6.72717132202972 0.834123222748815
724.077343935025 8 0.838862559241706
724.077343935025 9.51365692002177 0.848341232227488
724.077343935025 11.3137084989848 0.815165876777251
724.077343935025 13.4543426440594 0.791469194312796
724.077343935025 16 0.800947867298578
724.077343935025 19.0273138400435 0.796208530805687
861.077929219804 3.36358566101486 0.85781990521327
861.077929219804 4 0.834123222748815
861.077929219804 4.75682846001088 0.791469194312796
861.077929219804 5.65685424949238 0.81042654028436
861.077929219804 6.72717132202972 0.843601895734597
861.077929219804 8 0.800947867298578
861.077929219804 9.51365692002177 0.772511848341232
861.077929219804 11.3137084989848 0.819905213270142
861.077929219804 13.4543426440594 0.829383886255924
861.077929219804 16 0.76303317535545
861.077929219804 19.0273138400435 0.791469194312796
1024 3.36358566101486 0.800947867298578
1024 4 0.805687203791469
1024 4.75682846001088 0.824644549763033
1024 5.65685424949238 0.81042654028436
1024 6.72717132202972 0.824644549763033
1024 8 0.805687203791469
1024 9.51365692002177 0.819905213270142
1024 11.3137084989848 0.796208530805687
1024 13.4543426440594 0.815165876777251
1024 16 0.819905213270142
1024 19.0273138400435 0.777251184834123
1217.74808576279 3.36358566101486 0.796208530805687
1217.74808576279 4 0.834123222748815
1217.74808576279 4.75682846001088 0.819905213270142
1217.74808576279 5.65685424949238 0.838862559241706
1217.74808576279 6.72717132202972 0.819905213270142
1217.74808576279 8 0.800947867298578
1217.74808576279 9.51365692002177 0.81042654028436
1217.74808576279 11.3137084989848 0.800947867298578
1217.74808576279 13.4543426440594 0.791469194312796
1217.74808576279 16 0.786729857819905
1217.74808576279 19.0273138400435 0.748815165876777
