0.03125 3.0517578125E-05 0.84297520661157
0.03125 0.0001220703125 0.84297520661157
0.03125 0.00048828125 0.84297520661157
0.03125 0.001953125 0.84297520661157
0.03125 0.0078125 0.84297520661157
0.03125 0.03125 0.84297520661157
0.03125 0.125 0.84297520661157
0.03125 0.5 0.84297520661157
0.03125 2 0.84297520661157
0.03125 8 0.84297520661157
0.125 3.0517578125E-05 0.84297520661157
0.125 0.0001220703125 0.84297520661157
0.125 0.00048828125 0.84297520661157
0.125 0.001953125 0.84297520661157
0.125 0.0078125 0.84297520661157
0.125 0.03125 0.84297520661157
0.125 0.125 0.84297520661157
0.125 0.5 0.84297520661157
0.125 2 0.84297520661157
0.125 8 0.84297520661157
0.5 3.0517578125E-05 0.84297520661157
0.5 0.0001220703125 0.84297520661157
0.5 0.00048828125 0.84297520661157
0.5 0.001953125 0.84297520661157
0.5 0.0078125 0.84297520661157
0.5 0.03125 0.84297520661157
0.5 0.125 0.84297520661157
0.5 0.5 0.84297520661157
0.5 2 0.84297520661157
0.5 8 0.84297520661157
2 3.0517578125E-05 0.84297520661157
2 0.0001220703125 0.84297520661157
2 0.00048828125 0.84297520661157
2 0.001953125 0.84297520661157
2 0.0078125 0.84297520661157
2 0.03125 0.84297520661157
2 0.125 0.84297520661157
2 0.5 0.84297520661157
2 2 0.892561983471074
2 8 0.87603305785124
8 3.0517578125E-05 0.84297520661157
8 0.0001220703125 0.84297520661157
8 0.00048828125 0.84297520661157
8 0.001953125 0.84297520661157
8 0.0078125 0.84297520661157
8 0.03125 0.84297520661157
8 0.125 0.851239669421488
8 0.5 0.892561983471074
8 2 0.917355371900827
8 8 0.925619834710744
32 3.0517578125E-05 0.84297520661157
32 0.0001220703125 0.84297520661157
32 0.00048828125 0.84297520661157
32 0.001953125 0.84297520661157
32 0.0078125 0.84297520661157
32 0.03125 0.851239669421488
32 0.125 0.892561983471074
32 0.5 0.958677685950413
32 2 0.975206611570248
32 8 0.942148760330578
128 3.0517578125E-05 0.84297520661157
128 0.0001220703125 0.84297520661157
128 0.00048828125 0.84297520661157
128 0.001953125 0.84297520661157
128 0.0078125 0.851239669421488
128 0.03125 0.892561983471074
128 0.125 0.958677685950413
128 0.5 0.966942148760331
128 2 0.966942148760331
128 8 0.909090909090909
512 3.0517578125E-05 0.84297520661157
512 0.0001220703125 0.84297520661157
512 0.00048828125 0.84297520661157
512 0.001953125 0.851239669421488
512 0.0078125 0.892561983471074
512 0.03125 0.958677685950413
512 0.125 0.975206611570248
512 0.5 0.966942148760331
512 2 0.958677685950413
512 8 0.87603305785124
2048 3.0517578125E-05 0.84297520661157
2048 0.0001220703125 0.84297520661157
2048 0.00048828125 0.851239669421488
2048 0.001953125 0.892561983471074
2048 0.0078125 0.958677685950413
2048 0.03125 0.966942148760331
2048 0.125 0.966942148760331
2048 0.5 0.958677685950413
2048 2 0.925619834710744
2048 8 0.909090909090909
8192 3.0517578125E-05 0.84297520661157
8192 0.0001220703125 0.84297520661157
8192 0.00048828125 0.892561983471074
8192 0.001953125 0.950413223140496
8192 0.0078125 0.983471074380165
8192 0.03125 0.983471074380165
8192 0.125 0.983471074380165
8192 0.5 0.950413223140496
8192 2 0.942148760330578
8192 8 0.900826446280992
32768 3.0517578125E-05 0.851239669421488
32768 0.0001220703125 0.892561983471074
32768 0.00048828125 0.958677685950413
32768 0.001953125 0.983471074380165
32768 0.0078125 0.983471074380165
32768 0.03125 0.975206611570248
32768 0.125 0.975206611570248
32768 0.5 0.925619834710744
32768 2 0.909090909090909
32768 8 0.892561983471074
3444.31171687921 0.00328475162208482 0.958677685950413
3444.31171687921 0.00390625 0.942148760330578
3444.31171687921 0.00464534029297938 0.958677685950413
3444.31171687921 0.0055242717280199 0.975206611570248
3444.31171687921 0.00656950324416964 0.983471074380165
3444.31171687921 0.0078125 0.975206611570248
3444.31171687921 0.00929068058595876 0.983471074380165
3444.31171687921 0.0110485434560398 0.983471074380165
3444.31171687921 0.0131390064883393 0.983471074380165
3444.31171687921 0.015625 0.983471074380165
3444.31171687921 0.0185813611719175 0.983471074380165
4096 0.00328475162208482 0.958677685950413
4096 0.00390625 0.958677685950413
4096 0.00464534029297938 0.958677685950413
4096 0.0055242717280199 0.966942148760331
4096 0.00656950324416964 0.966942148760331
4096 0.0078125 0.966942148760331
4096 0.00929068058595876 0.966942148760331
4096 0.0110485434560398 0.983471074380165
4096 0.0131390064883393 0.975206611570248
4096 0.015625 0.975206611570248
4096 0.0185813611719175 0.975206611570248
4870.99234305115 0.00328475162208482 0.958677685950413
4870.99234305115 0.00390625 0.966942148760331
4870.99234305115 0.00464534029297938 0.950413223140496
4870.99234305115 0.0055242717280199 0.958677685950413
4870.99234305115 0.00656950324416964 0.966942148760331
4870.99234305115 0.0078125 0.958677685950413
4870.99234305115 0.00929068058595876 0.958677685950413
4870.99234305115 0.0110485434560398 0.983471074380165
4870.99234305115 0.0131390064883393 0.983471074380165
4870.99234305115 0.015625 0.983471074380165
4870.99234305115 0.0185813611719175 0.975206611570248
5792.6187514802 0.00328475162208482 0.966942148760331
5792.6187514802 0.00390625 0.966942148760331
5792.6187514802 0.00464534029297938 0.983471074380165
5792.6187514802 0.0055242717280199 0.983471074380165
5792.6187514802 0.00656950324416964 0.983471074380165
5792.6187514802 0.0078125 0.975206611570248
5792.6187514802 0.00929068058595876 0.975206611570248
5792.6187514802 0.0110485434560398 0.975206611570248
5792.6187514802 0.0131390064883393 0.983471074380165
5792.6187514802 0.015625 0.983471074380165
5792.6187514802 0.0185813611719175 0.983471074380165
6888.62343375843 0.00328475162208482 0.966942148760331
6888.62343375843 0.00390625 0.983471074380165
6888.62343375843 0.00464534029297938 0.975206611570248
6888.62343375843 0.0055242717280199 0.975206611570248
6888.62343375843 0.00656950324416964 0.975206611570248
6888.62343375843 0.0078125 0.983471074380165
6888.62343375843 0.00929068058595876 0.975206611570248
6888.62343375843 0.0110485434560398 0.975206611570248
6888.62343375843 0.0131390064883393 0.983471074380165
6888.62343375843 0.015625 0.983471074380165
6888.62343375843 0.0185813611719175 0.983471074380165
9741.98468610229 0.00328475162208482 0.966942148760331
9741.98468610229 0.00390625 0.975206611570248
9741.98468610229 0.00464534029297938 0.975206611570248
9741.98468610229 0.0055242717280199 0.975206611570248
9741.98468610229 0.00656950324416964 0.975206611570248
9741.98468610229 0.0078125 0.983471074380165
9741.98468610229 0.00929068058595876 0.975206611570248
9741.98468610229 0.0110485434560398 0.975206611570248
9741.98468610229 0.0131390064883393 0.983471074380165
9741.98468610229 0.015625 0.983471074380165
9741.98468610229 0.0185813611719175 0.983471074380165
11585.2375029604 0.00328475162208482 0.975206611570248
11585.2375029604 0.00390625 0.983471074380165
11585.2375029604 0.00464534029297938 0.983471074380165
11585.2375029604 0.0055242717280199 0.975206611570248
11585.2375029604 0.00656950324416964 0.975206611570248
11585.2375029604 0.0078125 0.983471074380165
11585.2375029604 0.00929068058595876 0.983471074380165
11585.2375029604 0.0110485434560398 0.975206611570248
11585.2375029604 0.0131390064883393 0.975206611570248
11585.2375029604 0.015625 0.983471074380165
11585.2375029604 0.0185813611719175 0.983471074380165
13777.2468675169 0.00328475162208482 0.983471074380165
13777.2468675169 0.00390625 0.975206611570248
13777.2468675169 0.00464534029297938 0.983471074380165
13777.2468675169 0.0055242717280199 0.975206611570248
13777.2468675169 0.00656950324416964 0.983471074380165
13777.2468675169 0.0078125 0.983471074380165
13777.2468675169 0.00929068058595876 0.983471074380165
13777.2468675169 0.0110485434560398 0.983471074380165
13777.2468675169 0.0131390064883393 0.983471074380165
13777.2468675169 0.015625 0.983471074380165
13777.2468675169 0.0185813611719175 0.975206611570248
16384 0.00328475162208482 0.983471074380165
16384 0.00390625 0.983471074380165
16384 0.00464534029297938 0.983471074380165
16384 0.0055242717280199 0.975206611570248
16384 0.00656950324416964 0.975206611570248
16384 0.0078125 0.975206611570248
16384 0.00929068058595876 0.983471074380165
16384 0.0110485434560398 0.983471074380165
16384 0.0131390064883393 0.966942148760331
16384 0.015625 0.983471074380165
16384 0.0185813611719175 0.958677685950413
19483.9693722046 0.00328475162208482 0.975206611570248
19483.9693722046 0.00390625 0.975206611570248
19483.9693722046 0.00464534029297938 0.983471074380165
19483.9693722046 0.0055242717280199 0.975206611570248
19483.9693722046 0.00656950324416964 0.983471074380165
19483.9693722046 0.0078125 0.983471074380165
19483.9693722046 0.00929068058595876 0.983471074380165
19483.9693722046 0.0110485434560398 0.983471074380165
19483.9693722046 0.0131390064883393 0.983471074380165
19483.9693722046 0.015625 0.983471074380165
19483.9693722046 0.0185813611719175 0.983471074380165
