0.03125 3.0517578125E-05 0.517985611510791
0.03125 0.0001220703125 0.517985611510791
0.03125 0.00048828125 0.517985611510791
0.03125 0.001953125 0.517985611510791
0.03125 0.0078125 0.517985611510791
0.03125 0.03125 0.517985611510791
0.03125 0.125 0.517985611510791
0.03125 0.5 0.517985611510791
0.03125 2 0.517985611510791
0.03125 8 0.517985611510791
0.125 3.0517578125E-05 0.517985611510791
0.125 0.0001220703125 0.517985611510791
0.125 0.00048828125 0.517985611510791
0.125 0.001953125 0.517985611510791
0.125 0.0078125 0.517985611510791
0.125 0.03125 0.517985611510791
0.125 0.125 0.517985611510791
0.125 0.5 0.579136690647482
0.125 2 0.58273381294964
0.125 8 0.579136690647482
0.5 3.0517578125E-05 0.517985611510791
0.5 0.0001220703125 0.517985611510791
0.5 0.00048828125 0.517985611510791
0.5 0.001953125 0.517985611510791
0.5 0.0078125 0.517985611510791
0.5 0.03125 0.517985611510791
0.5 0.125 0.550359712230216
0.5 0.5 0.589928057553957
0.5 2 0.600719424460432
0.5 8 0.568345323741007
2 3.0517578125E-05 0.517985611510791
2 0.0001220703125 0.517985611510791
2 0.00048828125 0.517985611510791
2 0.001953125 0.517985611510791
2 0.0078125 0.517985611510791
2 0.03125 0.586330935251799
2 0.125 0.597122302158273
2 0.5 0.611510791366906
2 2 0.633093525179856
2 8 0.658273381294964
8 3.0517578125E-05 0.517985611510791
8 0.0001220703125 0.517985611510791
8 0.00048828125 0.517985611510791
8 0.001953125 0.517985611510791
8 0.0078125 0.589928057553957
8 0.03125 0.593525179856115
8 0.125 0.607913669064748
8 0.5 0.611510791366906
8 2 0.672661870503597
8 8 0.661870503597122
32 3.0517578125E-05 0.517985611510791
32 0.0001220703125 0.517985611510791
32 0.00048828125 0.517985611510791
32 0.001953125 0.568345323741007
32 0.0078125 0.593525179856115
32 0.03125 0.629496402877698
32 0.125 0.629496402877698
32 0.5 0.676258992805755
32 2 0.669064748201439
32 8 0.726618705035971
128 3.0517578125E-05 0.517985611510791
128 0.0001220703125 0.517985611510791
128 0.00048828125 0.571942446043165
128 0.001953125 0.593525179856115
128 0.0078125 0.600719424460432
128 0.03125 0.647482014388489
128 0.125 0.676258992805755
128 0.5 0.70863309352518
128 2 0.780575539568345
128 8 0.798561151079137
512 3.0517578125E-05 0.517985611510791
512 0.0001220703125 0.58273381294964
512 0.00048828125 0.60431654676259
512 0.001953125 0.643884892086331
512 0.0078125 0.640287769784173
512 0.03125 0.676258992805755
512 0.125 0.726618705035971
512 0.5 0.79136690647482
512 2 0.823741007194245
512 8 0.805755395683453
2048 3.0517578125E-05 0.58273381294964
2048 0.0001220703125 0.618705035971223
2048 0.00048828125 0.618705035971223
2048 0.001953125 0.651079136690647
2048 0.0078125 0.661870503597122
2048 0.03125 0.733812949640288
2048 0.125 0.76978417266187
2048 0.5 0.816546762589928
2048 2 0.841726618705036
2048 8 0.816546762589928
8192 3.0517578125E-05 0.607913669064748
8192 0.0001220703125 0.622302158273381
8192 0.00048828125 0.651079136690647
8192 0.001953125 0.679856115107914
8192 0.0078125 0.697841726618705
8192 0.03125 0.787769784172662
8192 0.125 0.820143884892086
8192 0.5 0.863309352517986
8192 2 0.823741007194245
8192 8 0.834532374100719
32768 3.0517578125E-05 0.618705035971223
32768 0.0001220703125 0.651079136690647
32768 0.00048828125 0.694244604316547
32768 0.001953125 0.70863309352518
32768 0.0078125 0.798561151079137
32768 0.03125 0.830935251798561
32768 0.125 0.823741007194245
32768 0.5 0.848920863309353
32768 2 0.848920863309353
32768 8 0.787769784172662
3444.31171687921 0.210224103813429 0.823741007194245
3444.31171687921 0.25 0.816546762589928
3444.31171687921 0.29730177875068 0.841726618705036
3444.31171687921 0.353553390593274 0.848920863309353
3444.31171687921 0.420448207626857 0.820143884892086
3444.31171687921 0.5 0.841726618705036
3444.31171687921 0.594603557501361 0.830935251798561
3444.31171687921 0.707106781186548 0.834532374100719
3444.31171687921 0.840896415253715 0.820143884892086
3444.31171687921 1 0.830935251798561
3444.31171687921 1.18920711500272 0.838129496402878
4096 0.210224103813429 0.830935251798561
4096 0.25 0.820143884892086
4096 0.29730177875068 0.830935251798561
4096 0.353553390593274 0.827338129496403
4096 0.420448207626857 0.830935251798561
4096 0.5 0.830935251798561
4096 0.594603557501361 0.834532374100719
4096 0.707106781186548 0.838129496402878
4096 0.840896415253715 0.845323741007194
4096 1 0.852517985611511
4096 1.18920711500272 0.856115107913669
4870.99234305115 0.210224103813429 0.79136690647482
4870.99234305115 0.25 0.827338129496403
4870.99234305115 0.29730177875068 0.834532374100719
4870.99234305115 0.353553390593274 0.830935251798561
4870.99234305115 0.420448207626857 0.823741007194245
4870.99234305115 0.5 0.845323741007194
4870.99234305115 0.594603557501361 0.852517985611511
4870.99234305115 0.707106781186548 0.838129496402878
4870.99234305115 0.840896415253715 0.848920863309353
4870.99234305115 1 0.841726618705036
4870.99234305115 1.18920711500272 0.848920863309353
5792.6187514802 0.210224103813429 0.838129496402878
5792.6187514802 0.25 0.841726618705036
5792.6187514802 0.29730177875068 0.848920863309353
5792.6187514802 0.353553390593274 0.823741007194245
5792.6187514802 0.420448207626857 0.848920863309353
5792.6187514802 0.5 0.830935251798561
5792.6187514802 0.594603557501361 0.830935251798561
5792.6187514802 0.707106781186548 0.870503597122302
5792.6187514802 0.840896415253715 0.845323741007194
5792.6187514802 1 0.848920863309353
5792.6187514802 1.18920711500272 0.823741007194245
6888.62343375843 0.210224103813429 0.830935251798561
6888.62343375843 0.25 0.816546762589928
6888.62343375843 0.29730177875068 0.845323741007194
6888.62343375843 0.353553390593274 0.838129496402878
6888.62343375843 0.420448207626857 0.841726618705036
6888.62343375843 0.5 0.852517985611511
6888.62343375843 0.594603557501361 0.838129496402878
6888.62343375843 0.707106781186548 0.848920863309353
6888.62343375843 0.840896415253715 0.852517985611511
6888.62343375843 1 0.841726618705036
6888.62343375843 1.18920711500272 0.859712230215827
9741.98468610229 0.210224103813429 0.820143884892086
9741.98468610229 0.25 0.841726618705036
9741.98468610229 0.29730177875068 0.852517985611511
9741.98468610229 0.353553390593274 0.848920863309353
9741.98468610229 0.420448207626857 0.856115107913669
9741.98468610229 0.5 0.863309352517986
9741.98468610229 0.594603557501361 0.834532374100719
9741.98468610229 0.707106781186548 0.830935251798561
9741.98468610229 0.840896415253715 0.852517985611511
9741.98468610229 1 0.848920863309353
9741.98468610229 1.18920711500272 0.838129496402878
11585.2375029604 0.210224103813429 0.848920863309353
11585.2375029604 0.25 0.845323741007194
11585.2375029604 0.29730177875068 0.845323741007194
11585.2375029604 0.353553390593274 0.841726618705036
11585.2375029604 0.420448207626857 0.848920863309353
11585.2375029604 0.5 0.852517985611511
11585.2375029604 0.594603557501361 0.852517985611511
11585.2375029604 0.707106781186548 0.852517985611511
11585.2375029604 0.840896415253715 0.856115107913669
11585.2375029604 1 0.834532374100719
11585.2375029604 1.18920711500272 0.834532374100719
13777.2468675169 0.210224103813429 0.848920863309353
13777.2468675169 0.25 0.834532374100719
13777.2468675169 0.29730177875068 0.841726618705036
13777.2468675169 0.353553390593274 0.859712230215827
13777.2468675169 0.420448207626857 0.859712230215827
13777.2468675169 0.5 0.852517985611511
13777.2468675169 0.594603557501361 0.845323741007194
13777.2468675169 0.707106781186548 0.834532374100719
13777.2468675169 0.840896415253715 0.823741007194245
13777.2468675169 1 0.845323741007194
13777.2468675169 1.18920711500272 0.838129496402878
16384 0.210224103813429 0.845323741007194
16384 0.25 0.848920863309353
16384 0.29730177875068 0.845323741007194
16384 0.353553390593274 0.870503597122302
16384 0.420448207626857 0.863309352517986
16384 0.5 0.834532374100719
16384 0.594603557501361 0.841726618705036
16384 0.707106781186548 0.852517985611511
16384 0.840896415253715 0.827338129496403
16384 1 0.852517985611511
16384 1.18920711500272 0.841726618705036
19483.9693722046 0.210224103813429 0.848920863309353
19483.9693722046 0.25 0.845323741007194
19483.9693722046 0.29730177875068 0.859712230215827
19483.9693722046 0.353553390593274 0.838129496402878
19483.9693722046 0.420448207626857 0.859712230215827
19483.9693722046 0.5 0.845323741007194
19483.9693722046 0.594603557501361 0.859712230215827
19483.9693722046 0.707106781186548 0.827338129496403
19483.9693722046 0.840896415253715 0.838129496402878
19483.9693722046 1 0.827338129496403
19483.9693722046 1.18920711500272 0.841726618705036
