labels 1 0 -1
-1 -1 1.69113225462244E-05 0.00588082420029925 0.994102264477155 
-1 -1 2.34830986104212E-06 2.82465803903167E-06 0.9999948270321 
-1 -1 1.81900454112611E-07 2.18424391670507E-07 0.999999599675154 
-1 -1 2.12009431072044E-08 2.54468444915622E-08 0.999999953352212 
-1 -1 5.07521002506438E-09 6.09091870173545E-09 0.999999988833871 
-1 -1 6.38646390720178E-10 7.66405105030271E-10 0.999999998594948 
-1 -1 1.03847666888866E-10 1.24619099460072E-10 0.999999999771533 
-1 -1 2.89452338467675E-11 3.47345539326152E-11 0.99999999993632 
-1 -1 1.40363408552366E-09 1.68445831165812E-09 0.999999996911908 
-1 -1 7.5345769865883E-09 9.04270612958263E-09 0.999999983422717 
-1 -1 2.68711515895663E-07 3.22712722840653E-07 0.999999408575761 
-1 -1 9.24906031563573E-12 1.10683350535763E-11 0.999999999979683 
-1 -1 5.74434739268265E-13 6.89313956907445E-13 0.999999999998736 
-1 -1 7.11079627906787E-13 8.53294935862456E-13 0.999999999998436 
-1 -1 1.56354071911465E-12 1.87624938571038E-12 0.99999999999656 
-1 -1 1.52453773839609E-11 1.82941994058925E-11 0.99999999996646 
-1 -1 7.16780026604299E-10 8.58834299595435E-10 0.999999998424386 
-1 -1 2.9648656421596E-11 3.557769060312E-11 0.999999999934774 
-1 -1 3.72583068251591E-11 4.47087594646029E-11 0.999999999918033 
-1 -1 4.23418501621296E-11 5.08083928308759E-11 0.99999999990685 
-1 -1 3.80196298346704E-11 4.56216067882285E-11 0.999999999916359 
-1 -1 3.57769926268691E-11 4.29301452004332E-11 0.999999999921293 
-1 -1 3.63158432883759E-11 4.35761649622158E-11 0.999999999920108 
-1 -1 4.33358724282867E-11 5.19989496420803E-11 0.999999999904665 
-1 -1 7.5828296887345E-11 9.09844306940864E-11 0.999999999833187 
-1 -1 1.19205463013714E-10 1.43032446205088E-10 0.999999999737762 
-1 -1 1.96226995628079E-10 2.35449870765185E-10 0.999999999568323 
-1 -1 2.90167357438156E-10 3.48169117251037E-10 0.999999999361664 
-1 -1 3.62118131316794E-10 4.34505196671145E-10 0.999999999203377 
-1 -1 5.11069059634553E-10 6.13233607314658E-10 0.999999998875697 
-1 -1 8.29750221843542E-10 9.95622127889162E-10 0.999999998174628 
-1 -1 1.43563397464354E-09 1.7226275225894E-09 0.999999996841739 
-1 -1 2.68402083579629E-09 3.22057988963159E-09 0.999999994095399 
-1 -1 3.62800316676918E-09 4.35328304725478E-09 0.999999992018714 
-1 -1 5.24302257052927E-09 6.29107448475522E-09 0.999999988465903 
-1 -1 7.82329648105631E-09 9.38700869831846E-09 0.999999982789695 
-1 -1 1.18905650201882E-08 1.42670811728549E-08 0.999999973842354 
-1 -1 1.70924756311572E-08 2.05084237740418E-08 0.999999962399101 
-1 -1 4.66154352250776E-07 5.59945715412169E-07 0.999998973899932 
-1 -1 6.01979333371043E-06 0.00180698449762765 0.998186995709039 
-1 -1 4.18671986926739E-05 0.00362977441185826 0.996328358389449 
-1 -1 7.53506758871069E-08 9.0377820346886E-08 0.999999834271504 
-1 -1 1.02888537188484E-07 1.23403386466149E-07 0.999999773708076 
-1 -1 1.35300682621845E-07 1.62272838086196E-07 0.999999702426479 
-1 -1 1.71256018293597E-07 2.05390059006797E-07 0.999999623353923 
-1 -1 2.12982398856372E-07 2.55426973037485E-07 0.999999531590628 
-1 -1 2.53978448922838E-07 3.04586668601371E-07 0.999999441434882 
-1 -1 2.95240620716401E-07 3.54066181210754E-07 0.999999350693198 
-1 -1 3.35386161580758E-07 4.02204422278213E-07 0.999999262409416 
-1 -1 3.87921027029029E-07 4.65171407307497E-07 0.999999146907566 
-1 -1 4.95352254787262E-07 5.93963567922993E-07 0.999998910684177 
-1 -1 7.1063950239755E-07 8.52043896061016E-07 0.999998437316602 
-1 -1 9.58159951783716E-05 0.00222905107711471 0.997675132927707 
-1 -1 0.00025515329341772 0.0057529080416266 0.993991938664956 
-1 -1 0.00141129844310155 0.00293630563288912 0.99565239592401 
-1 -1 3.58781755871335E-06 4.2144893951327E-06 0.999992197693046 
-1 -1 0.0003294485102106 0.00243844135473169 0.997232110135058 
-1 -1 0.000309988460058997 0.00279926982056854 0.996890741719372 
-1 -1 0.000327454777812091 0.00610768545529927 0.993564859766889 
-1 -1 0.000490580509934277 0.00348399714951203 0.996025422340554 
-1 -1 0.00067451964202499 0.00685641205899297 0.992469068298982 
0 1 0.449583468967068 0.19335676024417 0.357059770788762 
0 1 0.385562880932975 0.263710030530968 0.350727088536058 
0 -1 0.335148323497414 0.32209796172563 0.342753714776956 
0 0 0.276199404775215 0.392542530048265 0.33125806517652 
0 0 0.220256877172583 0.462271196787926 0.317471926039491 
0 0 0.263643358484592 0.546153456131475 0.190203185383932 
0 0 0.29922852595513 0.546634015095723 0.154137458949147 
0 0 0.402437347967421 0.412400911285399 0.185161740747181 
0 0 0.092188787374424 0.799397011821269 0.108414200804306 
0 0 0.0781837710287053 0.670178792490128 0.251637436481167 
1 1 0.994131655067663 0.0003469057144244 0.00552143921791287 
1 1 0.979118791147916 0.00151652471092406 0.0193646841411599 
1 1 0.948001092263892 0.00520229632328559 0.0467966114128225 
1 1 0.946155898941348 0.00634283088079436 0.0475012701778579 
0 1 0.877166177600444 0.0252292864001255 0.097604535999431 
0 1 0.745105905657046 0.0838384687778518 0.171055625565102 
0 1 0.621813801486075 0.18334230785517 0.194843890658755 
0 1 0.724293173012784 0.106942604761395 0.16876422222582 
0 1 0.787299804703765 0.0884291644302092 0.124271030866026 
0 0 0.330053788175537 0.604277991731485 0.0656682200929779 
0 0 0.314020662406975 0.555586141518098 0.130393196074927 
0 0 0.21252317059663 0.705630878812828 0.0818459505905416 
0 0 0.145033311113678 0.803377018871004 0.0515896700153184 
0 0 0.0914814872230521 0.884200712589686 0.0243178001872622 
0 0 0.0560158814824075 0.921838485769415 0.0221456327481776 
0 0 0.0155602760331427 0.901854618661108 0.0825851053057494 
0 0 0.00954308732151268 0.873411350873183 0.117045561805304 
0 0 0.00809085363172115 0.851785461175653 0.140123685192626 
0 0 0.00806020181210649 0.829615523404535 0.162324274783358 
0 0 0.00841337184457028 0.939980543214106 0.0516060849413239 
0 0 0.00775195101624044 0.951615331751082 0.0406327172326778 
-1 0 0.0529505851473713 0.808181541630896 0.138867873221733 
-1 0 0.0402076696668063 0.739939655444725 0.219852674888468 
-1 0 0.0190255718469488 0.909603930766942 0.0713704973861092 
-1 0 0.0155349934317727 0.930617159778672 0.0538478467895552 
-1 -1 0.00957229911020086 0.253818295087533 0.736609405802266 
-1 -1 0.00358461413378623 0.269345928915523 0.72706945695069 
-1 -1 0.00308204589777223 0.379151650745065 0.617766303357163 
-1 -1 0.00258636544840756 0.352523795951074 0.644889838600518 
-1 -1 0.0103235763906553 0.0179047827984656 0.971771640810879 
-1 -1 0.00836677241832879 0.0304670643342533 0.961166163247418 
-1 -1 0.0109832925911505 0.0390110411744825 0.950005666234367 
-1 -1 0.0218950567379546 0.0620896813786525 0.916015261883393 
-1 -1 0.0111385256814174 0.0333205328273197 0.955540941491263 
-1 -1 0.0314119335035938 0.0101124289293548 0.958475637567051 
-1 -1 0.00634316214019097 0.00921758082337214 0.984439257036437 
-1 -1 0.00773960856952625 0.0265469025643533 0.965713488866121 
-1 -1 0.0102253778886501 0.0327039168258497 0.9570707052855 
-1 -1 0.0154097244252013 0.0549736715612027 0.929616604013596 
-1 -1 0.00649078209323055 0.0061635375803654 0.987345680326404 
-1 -1 0.0157107095447459 0.0111372426890223 0.973152047766232 
-1 -1 0.0242599663933381 0.061164546854519 0.914575486752143 
-1 -1 0.0193846430019382 0.00986814063128761 0.970747216366774 
-1 -1 0.0587889574687835 0.0206365185458064 0.92057452398541 
-1 -1 0.0280674422124273 0.075533376387383 0.89639918140019 
-1 -1 0.0740253277370927 0.0193019845099417 0.906672687752966 
-1 -1 0.0731840742875732 0.0196729916339975 0.907142934078429 
0 -1 0.14391563041708 0.0497190830381991 0.806365286544721 
-1 -1 0.0684199168665501 0.0324932956472682 0.899086787486182 
-1 -1 0.0740424468736478 0.0653021752433506 0.860655377883001 
-1 -1 0.0945748549681001 0.249303380557035 0.656121764474865 
-1 -1 0.137576338327574 0.248172579402252 0.614251082270175 
-1 -1 0.0941730400056408 0.295743776223491 0.610083183770869 
-1 -1 0.160649402815872 0.290886732640697 0.548463864543432 
