0.03125 3.0517578125E-05 0.464788732394366
0.03125 0.0001220703125 0.464788732394366
0.03125 0.00048828125 0.464788732394366
0.03125 0.001953125 0.464788732394366
0.03125 0.0078125 0.464788732394366
0.03125 0.03125 0.464788732394366
0.03125 0.125 0.464788732394366
0.03125 0.5 0.464788732394366
0.03125 2 0.464788732394366
0.03125 8 0.464788732394366
0.125 3.0517578125E-05 0.464788732394366
0.125 0.0001220703125 0.464788732394366
0.125 0.00048828125 0.464788732394366
0.125 0.001953125 0.464788732394366
0.125 0.0078125 0.464788732394366
0.125 0.03125 0.464788732394366
0.125 0.125 0.464788732394366
0.125 0.5 0.464788732394366
0.125 2 0.47887323943662
0.125 8 0.47887323943662
0.5 3.0517578125E-05 0.464788732394366
0.5 0.0001220703125 0.464788732394366
0.5 0.00048828125 0.464788732394366
0.5 0.001953125 0.464788732394366
0.5 0.0078125 0.464788732394366
0.5 0.03125 0.464788732394366
0.5 0.125 0.464788732394366
0.5 0.5 0.563380281690141
0.5 2 0.788732394366197
0.5 8 0.802816901408451
2 3.0517578125E-05 0.464788732394366
2 0.0001220703125 0.464788732394366
2 0.00048828125 0.464788732394366
2 0.001953125 0.464788732394366
2 0.0078125 0.464788732394366
2 0.03125 0.464788732394366
2 0.125 0.605633802816901
2 0.5 0.859154929577465
2 2 0.873239436619718
2 8 0.873239436619718
8 3.0517578125E-05 0.464788732394366
8 0.0001220703125 0.464788732394366
8 0.00048828125 0.464788732394366
8 0.001953125 0.464788732394366
8 0.0078125 0.464788732394366
8 0.03125 0.549295774647887
8 0.125 0.845070422535211
8 0.5 0.873239436619718
8 2 0.887323943661972
8 8 0.873239436619718
32 3.0517578125E-05 0.464788732394366
32 0.0001220703125 0.464788732394366
32 0.00048828125 0.464788732394366
32 0.001953125 0.464788732394366
32 0.0078125 0.577464788732394
32 0.03125 0.802816901408451
32 0.125 0.859154929577465
32 0.5 0.859154929577465
32 2 0.887323943661972
32 8 0.859154929577465
128 3.0517578125E-05 0.464788732394366
128 0.0001220703125 0.464788732394366
128 0.00048828125 0.464788732394366
128 0.001953125 0.563380281690141
128 0.0078125 0.830985915492958
128 0.03125 0.873239436619718
128 0.125 0.901408450704225
128 0.5 0.887323943661972
128 2 0.873239436619718
128 8 0.887323943661972
512 3.0517578125E-05 0.464788732394366
512 0.0001220703125 0.464788732394366
512 0.00048828125 0.549295774647887
512 0.001953125 0.859154929577465
512 0.0078125 0.845070422535211
512 0.03125 0.887323943661972
512 0.125 0.873239436619718
512 0.5 0.845070422535211
512 2 0.845070422535211
512 8 0.859154929577465
2048 3.0517578125E-05 0.464788732394366
2048 0.0001220703125 0.563380281690141
2048 0.00048828125 0.816901408450704
2048 0.001953125 0.859154929577465
2048 0.0078125 0.859154929577465
2048 0.03125 0.915492957746479
2048 0.125 0.929577464788732
2048 0.5 0.887323943661972
2048 2 0.873239436619718
2048 8 0.887323943661972
8192 3.0517578125E-05 0.563380281690141
8192 0.0001220703125 0.915492957746479
8192 0.00048828125 0.887323943661972
8192 0.001953125 0.943661971830986
8192 0.0078125 0.957746478873239
8192 0.03125 0.971830985915493
8192 0.125 0.971830985915493
8192 0.5 0.901408450704225
8192 2 0.887323943661972
8192 8 0.873239436619718
32768 3.0517578125E-05 0.845070422535211
32768 0.0001220703125 0.887323943661972
32768 0.00048828125 0.887323943661972
32768 0.001953125 0.859154929577465
32768 0.0078125 0.915492957746479
32768 0.03125 0.915492957746479
32768 0.125 0.859154929577465
32768 0.5 0.845070422535211
32768 2 0.901408450704225
32768 8 0.887323943661972
3444.31171687921 0.0131390064883393 0.873239436619718
3444.31171687921 0.015625 0.873239436619718
3444.31171687921 0.0185813611719175 0.873239436619718
3444.31171687921 0.0220970869120796 0.873239436619718
3444.31171687921 0.0262780129766786 0.929577464788732
3444.31171687921 0.03125 0.929577464788732
3444.31171687921 0.037162722343835 0.943661971830986
3444.31171687921 0.0441941738241592 0.929577464788732
3444.31171687921 0.0525560259533572 0.943661971830986
3444.31171687921 0.0625 0.943661971830986
3444.31171687921 0.0743254446876701 0.943661971830986
4096 0.0131390064883393 0.915492957746479
4096 0.015625 0.915492957746479
4096 0.0185813611719175 0.929577464788732
4096 0.0220970869120796 0.929577464788732
4096 0.0262780129766786 0.929577464788732
4096 0.03125 0.943661971830986
4096 0.037162722343835 0.957746478873239
4096 0.0441941738241592 0.957746478873239
4096 0.0525560259533572 0.971830985915493
4096 0.0625 0.943661971830986
4096 0.0743254446876701 0.943661971830986
4870.99234305115 0.0131390064883393 0.887323943661972
4870.99234305115 0.015625 0.901408450704225
4870.99234305115 0.0185813611719175 0.915492957746479
4870.99234305115 0.0220970869120796 0.915492957746479
4870.99234305115 0.0262780129766786 0.929577464788732
4870.99234305115 0.03125 0.943661971830986
4870.99234305115 0.037162722343835 0.859154929577465
4870.99234305115 0.0441941738241592 0.845070422535211
4870.99234305115 0.0525560259533572 0.845070422535211
4870.99234305115 0.0625 0.845070422535211
4870.99234305115 0.0743254446876701 0.915492957746479
5792.6187514802 0.0131390064883393 0.943661971830986
5792.6187514802 0.015625 0.943661971830986
5792.6187514802 0.0185813611719175 0.943661971830986
5792.6187514802 0.0220970869120796 0.873239436619718
5792.6187514802 0.0262780129766786 0.873239436619718
5792.6187514802 0.03125 0.901408450704225
5792.6187514802 0.037162722343835 0.901408450704225
5792.6187514802 0.0441941738241592 0.943661971830986
5792.6187514802 0.0525560259533572 0.957746478873239
5792.6187514802 0.0625 0.943661971830986
5792.6187514802 0.0743254446876701 0.943661971830986
6888.62343375843 0.0131390064883393 0.929577464788732
6888.62343375843 0.015625 0.915492957746479
6888.62343375843 0.0185813611719175 0.929577464788732
6888.62343375843 0.0220970869120796 0.943661971830986
6888.62343375843 0.0262780129766786 0.915492957746479
6888.62343375843 0.03125 0.915492957746479
6888.62343375843 0.037162722343835 0.929577464788732
6888.62343375843 0.0441941738241592 0.971830985915493
6888.62343375843 0.0525560259533572 0.971830985915493
6888.62343375843 0.0625 0.957746478873239
6888.62343375843 0.0743254446876701 0.957746478873239
9741.98468610229 0.0131390064883393 0.943661971830986
9741.98468610229 0.015625 0.943661971830986
9741.98468610229 0.0185813611719175 0.929577464788732
9741.98468610229 0.0220970869120796 0.929577464788732
9741.98468610229 0.0262780129766786 0.929577464788732
9741.98468610229 0.03125 0.957746478873239
9741.98468610229 0.037162722343835 0.957746478873239
9741.98468610229 0.0441941738241592 0.957746478873239
9741.98468610229 0.0525560259533572 0.957746478873239
9741.98468610229 0.0625 0.957746478873239
9741.98468610229 0.0743254446876701 0.943661971830986
11585.2375029604 0.0131390064883393 0.929577464788732
11585.2375029604 0.015625 0.929577464788732
11585.2375029604 0.0185813611719175 0.929577464788732
11585.2375029604 0.0220970869120796 0.971830985915493
11585.2375029604 0.0262780129766786 0.971830985915493
11585.2375029604 0.03125 0.971830985915493
11585.2375029604 0.037162722343835 0.957746478873239
11585.2375029604 0.0441941738241592 0.943661971830986
11585.2375029604 0.0525560259533572 0.943661971830986
11585.2375029604 0.0625 0.957746478873239
11585.2375029604 0.0743254446876701 0.957746478873239
13777.2468675169 0.0131390064883393 0.929577464788732
13777.2468675169 0.015625 0.971830985915493
13777.2468675169 0.0185813611719175 0.957746478873239
13777.2468675169 0.0220970869120796 0.957746478873239
13777.2468675169 0.0262780129766786 0.971830985915493
13777.2468675169 0.03125 0.915492957746479
13777.2468675169 0.037162722343835 0.915492957746479
13777.2468675169 0.0441941738241592 0.943661971830986
13777.2468675169 0.0525560259533572 0.943661971830986
13777.2468675169 0.0625 0.943661971830986
13777.2468675169 0.0743254446876701 0.957746478873239
16384 0.0131390064883393 0.943661971830986
16384 0.015625 0.943661971830986
16384 0.0185813611719175 0.943661971830986
16384 0.0220970869120796 0.915492957746479
16384 0.0262780129766786 0.915492957746479
16384 0.03125 0.929577464788732
16384 0.037162722343835 0.957746478873239
16384 0.0441941738241592 0.929577464788732
16384 0.0525560259533572 0.929577464788732
16384 0.0625 0.915492957746479
16384 0.0743254446876701 0.915492957746479
19483.9693722046 0.0131390064883393 0.915492957746479
19483.9693722046 0.015625 0.957746478873239
19483.9693722046 0.0185813611719175 0.957746478873239
19483.9693722046 0.0220970869120796 0.957746478873239
19483.9693722046 0.0262780129766786 0.971830985915493
19483.9693722046 0.03125 0.957746478873239
19483.9693722046 0.037162722343835 0.957746478873239
19483.9693722046 0.0441941738241592 0.985915492957747
19483.9693722046 0.0525560259533572 0.985915492957747
19483.9693722046 0.0625 0.985915492957747
19483.9693722046 0.0743254446876701 0.971830985915493
