0.03125 3.0517578125E-05 0.543956043956044
0.03125 0.0001220703125 0.543956043956044
0.03125 0.00048828125 0.543956043956044
0.03125 0.001953125 0.543956043956044
0.03125 0.0078125 0.543956043956044
0.03125 0.03125 0.543956043956044
0.03125 0.125 0.543956043956044
0.03125 0.5 0.543956043956044
0.03125 2 0.543956043956044
0.03125 8 0.543956043956044
0.125 3.0517578125E-05 0.543956043956044
0.125 0.0001220703125 0.543956043956044
0.125 0.00048828125 0.543956043956044
0.125 0.001953125 0.543956043956044
0.125 0.0078125 0.543956043956044
0.125 0.03125 0.543956043956044
0.125 0.125 0.543956043956044
0.125 0.5 0.543956043956044
0.125 2 0.543956043956044
0.125 8 0.543956043956044
0.5 3.0517578125E-05 0.543956043956044
0.5 0.0001220703125 0.543956043956044
0.5 0.00048828125 0.543956043956044
0.5 0.001953125 0.543956043956044
0.5 0.0078125 0.543956043956044
0.5 0.03125 0.543956043956044
0.5 0.125 0.543956043956044
0.5 0.5 0.543956043956044
0.5 2 0.538461538461538
0.5 8 0.554945054945055
2 3.0517578125E-05 0.543956043956044
2 0.0001220703125 0.543956043956044
2 0.00048828125 0.543956043956044
2 0.001953125 0.543956043956044
2 0.0078125 0.543956043956044
2 0.03125 0.543956043956044
2 0.125 0.543956043956044
2 0.5 0.543956043956044
2 2 0.554945054945055
2 8 0.571428571428571
8 3.0517578125E-05 0.543956043956044
8 0.0001220703125 0.543956043956044
8 0.00048828125 0.543956043956044
8 0.001953125 0.543956043956044
8 0.0078125 0.543956043956044
8 0.03125 0.543956043956044
8 0.125 0.565934065934066
8 0.5 0.565934065934066
8 2 0.582417582417582
8 8 0.626373626373626
32 3.0517578125E-05 0.543956043956044
32 0.0001220703125 0.543956043956044
32 0.00048828125 0.543956043956044
32 0.001953125 0.543956043956044
32 0.0078125 0.54945054945055
32 0.03125 0.56043956043956
32 0.125 0.56043956043956
32 0.5 0.593406593406593
32 2 0.664835164835165
32 8 0.686813186813187
128 3.0517578125E-05 0.543956043956044
128 0.0001220703125 0.543956043956044
128 0.00048828125 0.543956043956044
128 0.001953125 0.543956043956044
128 0.0078125 0.554945054945055
128 0.03125 0.56043956043956
128 0.125 0.571428571428571
128 0.5 0.653846153846154
128 2 0.736263736263736
128 8 0.686813186813187
512 3.0517578125E-05 0.543956043956044
512 0.0001220703125 0.543956043956044
512 0.00048828125 0.54945054945055
512 0.001953125 0.56043956043956
512 0.0078125 0.565934065934066
512 0.03125 0.587912087912088
512 0.125 0.675824175824176
512 0.5 0.708791208791209
512 2 0.714285714285714
512 8 0.741758241758242
2048 3.0517578125E-05 0.543956043956044
2048 0.0001220703125 0.543956043956044
2048 0.00048828125 0.56043956043956
2048 0.001953125 0.565934065934066
2048 0.0078125 0.604395604395604
2048 0.03125 0.681318681318681
2048 0.125 0.71978021978022
2048 0.5 0.769230769230769
2048 2 0.747252747252747
2048 8 0.730769230769231
8192 3.0517578125E-05 0.538461538461538
8192 0.0001220703125 0.54945054945055
8192 0.00048828125 0.54945054945055
8192 0.001953125 0.593406593406593
8192 0.0078125 0.703296703296703
8192 0.03125 0.741758241758242
8192 0.125 0.774725274725275
8192 0.5 0.747252747252747
8192 2 0.785714285714286
8192 8 0.71978021978022
32768 3.0517578125E-05 0.565934065934066
32768 0.0001220703125 0.565934065934066
32768 0.00048828125 0.587912087912088
32768 0.001953125 0.703296703296703
32768 0.0078125 0.741758241758242
32768 0.03125 0.763736263736264
32768 0.125 0.763736263736264
32768 0.5 0.747252747252747
32768 2 0.747252747252747
32768 8 0.758241758241758
3444.31171687921 0.840896415253715 0.730769230769231
3444.31171687921 1 0.763736263736264
3444.31171687921 1.18920711500272 0.741758241758242
3444.31171687921 1.4142135623731 0.736263736263736
3444.31171687921 1.68179283050743 0.752747252747253
3444.31171687921 2 0.730769230769231
3444.31171687921 2.37841423000544 0.71978021978022
3444.31171687921 2.82842712474619 0.791208791208791
3444.31171687921 3.36358566101486 0.763736263736264
3444.31171687921 4 0.78021978021978
3444.31171687921 4.75682846001088 0.730769230769231
4096 0.840896415253715 0.785714285714286
4096 1 0.736263736263736
4096 1.18920711500272 0.725274725274725
4096 1.4142135623731 0.752747252747253
4096 1.68179283050743 0.78021978021978
4096 2 0.741758241758242
4096 2.37841423000544 0.774725274725275
4096 2.82842712474619 0.675824175824176
4096 3.36358566101486 0.78021978021978
4096 4 0.747252747252747
4096 4.75682846001088 0.714285714285714
4870.99234305115 0.840896415253715 0.752747252747253
4870.99234305115 1 0.752747252747253
4870.99234305115 1.18920711500272 0.758241758241758
4870.99234305115 1.4142135623731 0.736263736263736
4870.99234305115 1.68179283050743 0.769230769230769
4870.99234305115 2 0.736263736263736
4870.99234305115 2.37841423000544 0.752747252747253
4870.99234305115 2.82842712474619 0.758241758241758
4870.99234305115 3.36358566101486 0.791208791208791
4870.99234305115 4 0.741758241758242
4870.99234305115 4.75682846001088 0.730769230769231
5792.6187514802 0.840896415253715 0.747252747252747
5792.6187514802 1 0.736263736263736
5792.6187514802 1.18920711500272 0.763736263736264
5792.6187514802 1.4142135623731 0.747252747252747
5792.6187514802 1.68179283050743 0.747252747252747
5792.6187514802 2 0.758241758241758
5792.6187514802 2.37841423000544 0.730769230769231
5792.6187514802 2.82842712474619 0.758241758241758
5792.6187514802 3.36358566101486 0.78021978021978
5792.6187514802 4 0.78021978021978
5792.6187514802 4.75682846001088 0.725274725274725
6888.62343375843 0.840896415253715 0.758241758241758
6888.62343375843 1 0.741758241758242
6888.62343375843 1.18920711500272 0.769230769230769
6888.62343375843 1.4142135623731 0.769230769230769
6888.62343375843 1.68179283050743 0.736263736263736
6888.62343375843 2 0.758241758241758
6888.62343375843 2.37841423000544 0.71978021978022
6888.62343375843 2.82842712474619 0.747252747252747
6888.62343375843 3.36358566101486 0.736263736263736
6888.62343375843 4 0.730769230769231
6888.62343375843 4.75682846001088 0.736263736263736
9741.98468610229 0.840896415253715 0.736263736263736
9741.98468610229 1 0.752747252747253
9741.98468610229 1.18920711500272 0.763736263736264
9741.98468610229 1.4142135623731 0.725274725274725
9741.98468610229 1.68179283050743 0.769230769230769
9741.98468610229 2 0.730769230769231
9741.98468610229 2.37841423000544 0.769230769230769
9741.98468610229 2.82842712474619 0.71978021978022
9741.98468610229 3.36358566101486 0.747252747252747
9741.98468610229 4 0.774725274725275
9741.98468610229 4.75682846001088 0.730769230769231
11585.2375029604 0.840896415253715 0.791208791208791
11585.2375029604 1 0.752747252747253
11585.2375029604 1.18920711500272 0.747252747252747
11585.2375029604 1.4142135623731 0.763736263736264
11585.2375029604 1.68179283050743 0.752747252747253
11585.2375029604 2 0.741758241758242
11585.2375029604 2.37841423000544 0.758241758241758
11585.2375029604 2.82842712474619 0.791208791208791
11585.2375029604 3.36358566101486 0.758241758241758
11585.2375029604 4 0.774725274725275
11585.2375029604 4.75682846001088 0.747252747252747
13777.2468675169 0.840896415253715 0.769230769230769
13777.2468675169 1 0.741758241758242
13777.2468675169 1.18920711500272 0.758241758241758
13777.2468675169 1.4142135623731 0.796703296703297
13777.2468675169 1.68179283050743 0.763736263736264
13777.2468675169 2 0.785714285714286
13777.2468675169 2.37841423000544 0.785714285714286
13777.2468675169 2.82842712474619 0.769230769230769
13777.2468675169 3.36358566101486 0.785714285714286
13777.2468675169 4 0.763736263736264
13777.2468675169 4.75682846001088 0.758241758241758
16384 0.840896415253715 0.752747252747253
16384 1 0.747252747252747
16384 1.18920711500272 0.741758241758242
16384 1.4142135623731 0.758241758241758
16384 1.68179283050743 0.697802197802198
16384 2 0.752747252747253
16384 2.37841423000544 0.791208791208791
16384 2.82842712474619 0.763736263736264
16384 3.36358566101486 0.78021978021978
16384 4 0.752747252747253
16384 4.75682846001088 0.697802197802198
19483.9693722046 0.840896415253715 0.681318681318681
19483.9693722046 1 0.752747252747253
19483.9693722046 1.18920711500272 0.747252747252747
19483.9693722046 1.4142135623731 0.741758241758242
19483.9693722046 1.68179283050743 0.752747252747253
19483.9693722046 2 0.796703296703297
19483.9693722046 2.37841423000544 0.725274725274725
19483.9693722046 2.82842712474619 0.741758241758242
19483.9693722046 3.36358566101486 0.741758241758242
19483.9693722046 4 0.741758241758242
19483.9693722046 4.75682846001088 0.785714285714286
