labels 0 1 -1
-1 -1 1.96976321656509E-11 9.85196595929467E-12 0.999999999970451 
-1 -1 1.40122160894627E-11 7.00800533151191E-12 0.99999999997898 
-1 -1 1.08907230619828E-11 5.44687083540316E-12 0.999999999983662 
-1 -1 7.12456400078991E-12 3.56328006785651E-12 0.999999999989312 
-1 -1 5.12382719310876E-12 2.56284290835099E-12 0.999999999992313 
-1 -1 4.78291919352028E-12 2.392509912231E-12 0.999999999992825 
-1 -1 3.75016526234237E-12 1.8760549734404E-12 0.999999999994374 
-1 -1 5.73165602605393E-12 2.86795291174805E-12 0.9999999999914 
-1 -1 1.05540361077168E-12 5.29233540474655E-13 0.999999999998415 
-1 -1 1.31611858983523E-12 6.6672272224432E-13 0.999999999998017 
-1 -1 5.16926948774622E-07 2.60672446214024E-07 0.999999222400605 
-1 -1 2.41776512368501E-08 1.30968152303392E-08 0.999999962725534 
-1 -1 0.000198580741610473 0.00722904264150805 0.992572376616882 
-1 -1 4.94619609801736E-05 0.00356656640200695 0.996383971637013 
-1 -1 7.69030662253926E-06 0.0013931369965013 0.998599172696876 
-1 -1 0.000115496482186656 0.0054817841276573 0.994402719390156 
-1 -1 1.45448377058225E-05 0.00192747046206972 0.998057984700224 
-1 -1 1.88203575281591E-05 0.0021965543724258 0.997784625270046 
-1 -1 2.29297228325883E-05 0.00242800169191164 0.997549068585256 
-1 -1 9.60768307586878E-06 0.00159033218233802 0.998400060134586 
-1 -1 4.82848012496698E-05 0.00353319041574594 0.996418524783005 
-1 -1 5.93307018150272E-05 0.00390242600453571 0.996038243293649 
-1 -1 6.99491880189686E-05 0.00419297321228646 0.995737077599695 
-1 -1 8.53601522715619E-05 0.00455112231027043 0.995363517537458 
-1 -1 8.63342935453739E-05 0.00447106244941757 0.995442603257037 
-1 -1 8.74978043089063E-05 0.00435793657921836 0.995554565616473 
-1 -1 9.30505124713467E-05 0.00432632361263903 0.995580625874889 
-1 -1 0.000102560465325549 0.00436764693702432 0.99552979259765 
-1 -1 0.000117472316340235 0.00449456189658829 0.995387965787071 
-1 -1 0.000141757429195959 0.00476325611469113 0.995094986456113 
-1 -1 0.000186041937202976 0.00534003173306793 0.994473926329729 
-1 -1 0.000241259267469792 0.00589288095849071 0.993865859774039 
-1 -1 0.000313272318461975 0.00665503750803383 0.993031690173504 
-1 -1 0.000397737217891803 0.00749124534734753 0.99211101743476 
-1 -1 0.000506555476396737 0.00846393919171014 0.991029505331893 
-1 -1 0.000640860157703545 0.00957352258037033 0.989785617261926 
-1 -1 0.000809466950331695 0.010899182057245 0.988291350992423 
-1 -1 0.000294106460434124 0.0083099977548407 0.991395895784725 
-1 -1 0.000408601080613616 0.0108289314854646 0.988762467433922 
-1 -1 0.00428184827698667 0.0222260562616963 0.973492095461317 
-1 -1 0.00617148103303505 0.0251289760854222 0.968699542881543 
-1 -1 0.00705341003572333 0.0281655850106933 0.964781004953583 
-1 -1 0.00792409299236293 0.0311145428064789 0.960961364201158 
-1 -1 0.00872628850424642 0.0338619878752034 0.95741172362055 
-1 -1 0.00967764095978772 0.0370196042262032 0.953302754814009 
-1 -1 0.0107559255200724 0.040517984559174 0.948726089920753 
-1 -1 0.0117685582662989 0.043819851327107 0.944411590406594 
-1 -1 0.0127107016556962 0.0469007403280912 0.940388558016213 
-1 -1 0.0136781381150292 0.0500310922506031 0.936290769634367 
-1 -1 0.0148937784706588 0.0536805513193731 0.931425670209968 
-1 -1 0.0109356824759155 0.0484599785355701 0.940604338988514 
-1 -1 0.0162067847863218 0.0675183218059513 0.916274893407727 
-1 -1 0.210647372258908 0.270460173245951 0.518892454495142 
-1 -1 0.0916474460286253 0.199863886780228 0.708488667191147 
-1 -1 0.0342049847143931 0.119160684371672 0.846634330913935 
-1 -1 0.0486761962544691 0.161451602126331 0.7898722016192 
0 0 0.447150271055643 0.415697470107675 0.137152258836682 
0 1 0.201315216661734 0.458770520615806 0.33991426272246 
0 1 0.210906984375202 0.507986950504255 0.281106065120543 
0 0 0.486863383476544 0.46056387210587 0.0525727444175859 
0 1 0.303893673600898 0.561984927172505 0.134121399226596 
0 1 0.347019343753645 0.504982371445721 0.147998284800634 
0 1 0.375575539259012 0.458455384911444 0.165969075829543 
0 1 0.388223919078271 0.42362340968784 0.188152671233889 
0 1 0.386230065978064 0.40271710329296 0.211052830728976 
0 0 0.383601827776877 0.382825348504719 0.233572823718404 
0 0 0.372914364211499 0.3684697291984 0.258615906590101 
-1 0 0.359907605830351 0.353584223520996 0.286508170648653 
-1 0 0.345295864417076 0.334167058307222 0.320537077275702 
-1 -1 0.331206096790663 0.309568397105728 0.359225506103609 
-1 -1 0.310508034233393 0.288801885286459 0.400690080480148 
-1 -1 0.290378676713941 0.272869337548693 0.436751985737366 
-1 -1 0.141413326685059 0.227764942779801 0.63082173053514 
-1 -1 0.128888327348114 0.263767381434821 0.607344291217066 
1 1 0.0429833484530515 0.948046407778707 0.00897024376824163 
1 1 0.0832120639984942 0.896440985931034 0.0203469500704719 
1 1 0.053758367796824 0.879664018978967 0.0665776132242085 
0 1 0.0842283072881537 0.832004226774085 0.0837674659377608 
0 1 0.128320299495486 0.76964233565851 0.102037364846004 
0 1 0.181527443342252 0.698627926864411 0.119844629793337 
0 1 0.253264200336319 0.606478260423094 0.140257539240588 
0 1 0.308829185158164 0.5299395345383 0.161231280303536 
0 1 0.341927674814618 0.47255984916074 0.185512476024643 
0 1 0.368652748842786 0.410872727942393 0.220474523214821 
0 1 0.363645804628401 0.422352530561105 0.214001664810494 
0 0 0.516885835791463 0.371228353442114 0.111885810766423 
0 0 0.365214396520909 0.330990379810097 0.303795223668994 
0 0 0.821725119319961 0.149068400384478 0.0292064802955611 
0 0 0.568996722550032 0.31448129533554 0.116521982114428 
0 -1 0.34693342256273 0.264756848553561 0.38830972888371 
0 -1 0.328374723094408 0.289704073476156 0.381921203429436 
0 0 0.844462311028217 0.0760810894119208 0.079456599559862 
-1 0 0.591719316548639 0.197561746863462 0.210718936587899 
-1 -1 0.323278600810124 0.246425898408061 0.430295500781815 
-1 -1 0.255039000765982 0.238157141970229 0.506803857263789 
-1 -1 0.198030749280264 0.225141692121412 0.576827558598324 
-1 -1 0.104443488171065 0.220622864999953 0.674933646828981 
-1 -1 0.122928828297 0.277170044503103 0.599901127199897 
-1 0 0.37355037222037 0.294750607177943 0.331699020601686 
-1 -1 0.115400298454272 0.294809561633148 0.58979013991258 
-1 -1 0.108296306088624 0.303223173846486 0.58848052006489 
-1 -1 0.174581562016548 0.309932761832315 0.515485676151137 
-1 -1 0.278318015110124 0.292697064301065 0.42898492058881 
-1 -1 0.117213739778473 0.248979753507756 0.633806506713771 
-1 -1 0.0968129981462316 0.228062623851404 0.675124378002365 
-1 -1 0.0665484267950667 0.222275363130276 0.711176210074657 
-1 -1 0.0870626117827132 0.279414944219728 0.633522443997558 
-1 1 0.364271479061589 0.366457101899192 0.269271419039219 
-1 -1 0.150195212560583 0.422928945688669 0.426875841750748 
-1 -1 0.14392544705547 0.417889020950369 0.43818553199416 
-1 -1 0.118507478140156 0.406892173049091 0.474600348810753 
-1 1 0.13967771473297 0.447399749163336 0.412922536103694 
-1 0 0.529793306388601 0.205853662371674 0.264353031239725 
-1 1 0.243010796478465 0.387905434663827 0.369083768857709 
-1 1 0.136636753080152 0.434153874565293 0.429209372354555 
-1 -1 0.135423969004711 0.430476577751996 0.434099453243293 
-1 -1 0.233393581012783 0.378583545068717 0.3880228739185 
-1 -1 0.137404404043231 0.412100927365446 0.450494668591322 
-1 1 0.144330193500419 0.430942897330523 0.424726909169058 
-1 0 0.488329333572065 0.220856823698227 0.290813842729708 
-1 1 0.249869242819108 0.385393337088713 0.364737420092179 
-1 1 0.14616962912368 0.454120433369994 0.399709937506325 
-1 1 0.287240341505043 0.38164845708482 0.331111201410137 
-1 1 0.201922268677634 0.477726607664028 0.320351123658338 
-1 0 0.615392478093201 0.156980164075805 0.227627357830994 
-1 1 0.295243799216509 0.360799096011732 0.343957104771759 
-1 1 0.195469036700299 0.472066564503809 0.332464398795891 
-1 1 0.157841809971675 0.441329298319275 0.400828891709051 
-1 1 0.246675601623815 0.505139469267928 0.248184929108257 
-1 0 0.750277870883963 0.107300894200992 0.142421234915046 
-1 0 0.493786107330107 0.33658428875391 0.169629603915983 
-1 1 0.201488096593334 0.517327651894927 0.281184251511738 
-1 1 0.21989118655703 0.505902168259074 0.274206645183897 
-1 1 0.25235492812193 0.503919686333131 0.243725385544939 
