0.03125 3.0517578125E-05 0.438271604938272
0.03125 0.0001220703125 0.438271604938272
0.03125 0.00048828125 0.438271604938272
0.03125 0.001953125 0.438271604938272
0.03125 0.0078125 0.438271604938272
0.03125 0.03125 0.438271604938272
0.03125 0.125 0.438271604938272
0.03125 0.5 0.438271604938272
0.03125 2 0.438271604938272
0.03125 8 0.438271604938272
0.125 3.0517578125E-05 0.438271604938272
0.125 0.0001220703125 0.438271604938272
0.125 0.00048828125 0.438271604938272
0.125 0.001953125 0.438271604938272
0.125 0.0078125 0.438271604938272
0.125 0.03125 0.438271604938272
0.125 0.125 0.438271604938272
0.125 0.5 0.438271604938272
0.125 2 0.450617283950617
0.125 8 0.518518518518518
0.5 3.0517578125E-05 0.438271604938272
0.5 0.0001220703125 0.438271604938272
0.5 0.00048828125 0.438271604938272
0.5 0.001953125 0.438271604938272
0.5 0.0078125 0.438271604938272
0.5 0.03125 0.438271604938272
0.5 0.125 0.438271604938272
0.5 0.5 0.58641975308642
0.5 2 0.666666666666667
0.5 8 0.703703703703704
2 3.0517578125E-05 0.438271604938272
2 0.0001220703125 0.438271604938272
2 0.00048828125 0.438271604938272
2 0.001953125 0.438271604938272
2 0.0078125 0.438271604938272
2 0.03125 0.438271604938272
2 0.125 0.617283950617284
2 0.5 0.654320987654321
2 2 0.666666666666667
2 8 0.746913580246914
8 3.0517578125E-05 0.438271604938272
8 0.0001220703125 0.438271604938272
8 0.00048828125 0.438271604938272
8 0.001953125 0.438271604938272
8 0.0078125 0.438271604938272
8 0.03125 0.611111111111111
8 0.125 0.660493827160494
8 0.5 0.709876543209877
8 2 0.790123456790123
8 8 0.740740740740741
32 3.0517578125E-05 0.438271604938272
32 0.0001220703125 0.438271604938272
32 0.00048828125 0.438271604938272
32 0.001953125 0.438271604938272
32 0.0078125 0.604938271604938
32 0.03125 0.654320987654321
32 0.125 0.67283950617284
32 0.5 0.790123456790123
32 2 0.802469135802469
32 8 0.771604938271605
128 3.0517578125E-05 0.438271604938272
128 0.0001220703125 0.438271604938272
128 0.00048828125 0.438271604938272
128 0.001953125 0.62962962962963
128 0.0078125 0.660493827160494
128 0.03125 0.691358024691358
128 0.125 0.833333333333333
128 0.5 0.845679012345679
128 2 0.845679012345679
128 8 0.771604938271605
512 3.0517578125E-05 0.438271604938272
512 0.0001220703125 0.438271604938272
512 0.00048828125 0.623456790123457
512 0.001953125 0.660493827160494
512 0.0078125 0.679012345679012
512 0.03125 0.814814814814815
512 0.125 0.851851851851852
512 0.5 0.814814814814815
512 2 0.802469135802469
512 8 0.759259259259259
2048 3.0517578125E-05 0.438271604938272
2048 0.0001220703125 0.611111111111111
2048 0.00048828125 0.660493827160494
2048 0.001953125 0.67283950617284
2048 0.0078125 0.814814814814815
2048 0.03125 0.845679012345679
2048 0.125 0.839506172839506
2048 0.5 0.833333333333333
2048 2 0.753086419753086
2048 8 0.716049382716049
8192 3.0517578125E-05 0.611111111111111
8192 0.0001220703125 0.660493827160494
8192 0.00048828125 0.67283950617284
8192 0.001953125 0.802469135802469
8192 0.0078125 0.839506172839506
8192 0.03125 0.827160493827161
8192 0.125 0.814814814814815
8192 0.5 0.827160493827161
8192 2 0.808641975308642
8192 8 0.771604938271605
32768 3.0517578125E-05 0.660493827160494
32768 0.0001220703125 0.679012345679012
32768 0.00048828125 0.820987654320988
32768 0.001953125 0.851851851851852
32768 0.0078125 0.87037037037037
32768 0.03125 0.827160493827161
32768 0.125 0.851851851851852
32768 0.5 0.820987654320988
32768 2 0.814814814814815
32768 8 0.753086419753086
13777.2468675169 0.00328475162208482 0.839506172839506
13777.2468675169 0.00390625 0.839506172839506
13777.2468675169 0.00464534029297938 0.833333333333333
13777.2468675169 0.0055242717280199 0.839506172839506
13777.2468675169 0.00656950324416964 0.845679012345679
13777.2468675169 0.0078125 0.827160493827161
13777.2468675169 0.00929068058595876 0.839506172839506
13777.2468675169 0.0110485434560398 0.87037037037037
13777.2468675169 0.0131390064883393 0.845679012345679
13777.2468675169 0.015625 0.851851851851852
13777.2468675169 0.0185813611719175 0.845679012345679
16384 0.00328475162208482 0.845679012345679
16384 0.00390625 0.845679012345679
16384 0.00464534029297938 0.839506172839506
16384 0.0055242717280199 0.845679012345679
16384 0.00656950324416964 0.851851851851852
16384 0.0078125 0.858024691358025
16384 0.00929068058595876 0.845679012345679
16384 0.0110485434560398 0.833333333333333
16384 0.0131390064883393 0.864197530864197
16384 0.015625 0.845679012345679
16384 0.0185813611719175 0.845679012345679
19483.9693722046 0.00328475162208482 0.839506172839506
19483.9693722046 0.00390625 0.845679012345679
19483.9693722046 0.00464534029297938 0.851851851851852
19483.9693722046 0.0055242717280199 0.864197530864197
19483.9693722046 0.00656950324416964 0.864197530864197
19483.9693722046 0.0078125 0.864197530864197
19483.9693722046 0.00929068058595876 0.858024691358025
19483.9693722046 0.0110485434560398 0.864197530864197
19483.9693722046 0.0131390064883393 0.814814814814815
19483.9693722046 0.015625 0.845679012345679
19483.9693722046 0.0185813611719175 0.851851851851852
23170.4750059208 0.00328475162208482 0.851851851851852
23170.4750059208 0.00390625 0.839506172839506
23170.4750059208 0.00464534029297938 0.858024691358025
23170.4750059208 0.0055242717280199 0.87037037037037
23170.4750059208 0.00656950324416964 0.845679012345679
23170.4750059208 0.0078125 0.864197530864197
23170.4750059208 0.00929068058595876 0.87037037037037
23170.4750059208 0.0110485434560398 0.864197530864197
23170.4750059208 0.0131390064883393 0.839506172839506
23170.4750059208 0.015625 0.833333333333333
23170.4750059208 0.0185813611719175 0.858024691358025
27554.4937350337 0.00328475162208482 0.851851851851852
27554.4937350337 0.00390625 0.845679012345679
27554.4937350337 0.00464534029297938 0.858024691358025
27554.4937350337 0.0055242717280199 0.864197530864197
27554.4937350337 0.00656950324416964 0.864197530864197
27554.4937350337 0.0078125 0.845679012345679
27554.4937350337 0.00929068058595876 0.827160493827161
27554.4937350337 0.0110485434560398 0.851851851851852
27554.4937350337 0.0131390064883393 0.839506172839506
27554.4937350337 0.015625 0.845679012345679
27554.4937350337 0.0185813611719175 0.839506172839506
38967.9387444092 0.00328475162208482 0.858024691358025
38967.9387444092 0.00390625 0.858024691358025
38967.9387444092 0.00464534029297938 0.851851851851852
38967.9387444092 0.0055242717280199 0.87037037037037
38967.9387444092 0.00656950324416964 0.833333333333333
38967.9387444092 0.0078125 0.827160493827161
38967.9387444092 0.00929068058595876 0.845679012345679
38967.9387444092 0.0110485434560398 0.851851851851852
38967.9387444092 0.0131390064883393 0.864197530864197
38967.9387444092 0.015625 0.851851851851852
38967.9387444092 0.0185813611719175 0.833333333333333
46340.9500118416 0.00328475162208482 0.864197530864197
46340.9500118416 0.00390625 0.839506172839506
46340.9500118416 0.00464534029297938 0.864197530864197
46340.9500118416 0.0055242717280199 0.876543209876543
46340.9500118416 0.00656950324416964 0.876543209876543
46340.9500118416 0.0078125 0.845679012345679
46340.9500118416 0.00929068058595876 0.839506172839506
46340.9500118416 0.0110485434560398 0.858024691358025
46340.9500118416 0.0131390064883393 0.876543209876543
46340.9500118416 0.015625 0.820987654320988
46340.9500118416 0.0185813611719175 0.827160493827161
55108.9874700674 0.00328475162208482 0.858024691358025
55108.9874700674 0.00390625 0.864197530864197
55108.9874700674 0.00464534029297938 0.858024691358025
55108.9874700674 0.0055242717280199 0.858024691358025
55108.9874700674 0.00656950324416964 0.845679012345679
55108.9874700674 0.0078125 0.845679012345679
55108.9874700674 0.00929068058595876 0.827160493827161
55108.9874700674 0.0110485434560398 0.845679012345679
55108.9874700674 0.0131390064883393 0.827160493827161
55108.9874700674 0.015625 0.802469135802469
55108.9874700674 0.0185813611719175 0.839506172839506
65536 0.00328475162208482 0.864197530864197
65536 0.00390625 0.858024691358025
65536 0.00464534029297938 0.864197530864197
65536 0.0055242717280199 0.820987654320988
65536 0.00656950324416964 0.858024691358025
65536 0.0078125 0.87037037037037
65536 0.00929068058595876 0.864197530864197
65536 0.0110485434560398 0.858024691358025
65536 0.0131390064883393 0.839506172839506
65536 0.015625 0.839506172839506
65536 0.0185813611719175 0.814814814814815
77935.8774888183 0.00328475162208482 0.864197530864197
77935.8774888183 0.00390625 0.882716049382716
77935.8774888183 0.00464534029297938 0.851851851851852
77935.8774888183 0.0055242717280199 0.851851851851852
77935.8774888183 0.00656950324416964 0.845679012345679
77935.8774888183 0.0078125 0.839506172839506
77935.8774888183 0.00929068058595876 0.845679012345679
77935.8774888183 0.0110485434560398 0.827160493827161
77935.8774888183 0.0131390064883393 0.845679012345679
77935.8774888183 0.015625 0.839506172839506
77935.8774888183 0.0185813611719175 0.851851851851852
