0.03125 3.0517578125E-05 0.60625
0.03125 0.0001220703125 0.60625
0.03125 0.00048828125 0.60625
0.03125 0.001953125 0.60625
0.03125 0.0078125 0.60625
0.03125 0.03125 0.60625
0.03125 0.125 0.60625
0.03125 0.5 0.60625
0.03125 2 0.60625
0.03125 8 0.60625
0.125 3.0517578125E-05 0.60625
0.125 0.0001220703125 0.60625
0.125 0.00048828125 0.60625
0.125 0.001953125 0.60625
0.125 0.0078125 0.60625
0.125 0.03125 0.60625
0.125 0.125 0.60625
0.125 0.5 0.60625
0.125 2 0.60625
0.125 8 0.60625
0.5 3.0517578125E-05 0.60625
0.5 0.0001220703125 0.60625
0.5 0.00048828125 0.60625
0.5 0.001953125 0.60625
0.5 0.0078125 0.60625
0.5 0.03125 0.60625
0.5 0.125 0.60625
0.5 0.5 0.60625
0.5 2 0.60625
0.5 8 0.6125
2 3.0517578125E-05 0.60625
2 0.0001220703125 0.60625
2 0.00048828125 0.60625
2 0.001953125 0.60625
2 0.0078125 0.60625
2 0.03125 0.60625
2 0.125 0.60625
2 0.5 0.60625
2 2 0.64375
2 8 0.65625
8 3.0517578125E-05 0.60625
8 0.0001220703125 0.60625
8 0.00048828125 0.60625
8 0.001953125 0.60625
8 0.0078125 0.60625
8 0.03125 0.60625
8 0.125 0.60625
8 0.5 0.64375
8 2 0.6875
8 8 0.73125
32 3.0517578125E-05 0.60625
32 0.0001220703125 0.60625
32 0.00048828125 0.60625
32 0.001953125 0.60625
32 0.0078125 0.60625
32 0.03125 0.60625
32 0.125 0.64375
32 0.5 0.69375
32 2 0.75625
32 8 0.775
128 3.0517578125E-05 0.60625
128 0.0001220703125 0.60625
128 0.00048828125 0.60625
128 0.001953125 0.60625
128 0.0078125 0.60625
128 0.03125 0.64375
128 0.125 0.7
128 0.5 0.7875
128 2 0.8
128 8 0.76875
512 3.0517578125E-05 0.60625
512 0.0001220703125 0.60625
512 0.00048828125 0.60625
512 0.001953125 0.60625
512 0.0078125 0.64375
512 0.03125 0.69375
512 0.125 0.7875
512 0.5 0.8125
512 2 0.81875
512 8 0.76875
2048 3.0517578125E-05 0.60625
2048 0.0001220703125 0.60625
2048 0.00048828125 0.60625
2048 0.001953125 0.64375
2048 0.0078125 0.7
2048 0.03125 0.8
2048 0.125 0.8125
2048 0.5 0.84375
2048 2 0.825
2048 8 0.80625
8192 3.0517578125E-05 0.60625
8192 0.0001220703125 0.60625
8192 0.00048828125 0.64375
8192 0.001953125 0.71875
8192 0.0078125 0.7875
8192 0.03125 0.81875
8192 0.125 0.81875
8192 0.5 0.78125
8192 2 0.8125
8192 8 0.79375
32768 3.0517578125E-05 0.60625
32768 0.0001220703125 0.64375
32768 0.00048828125 0.6875
32768 0.001953125 0.76875
32768 0.0078125 0.8125
32768 0.03125 0.83125
32768 0.125 0.825
32768 0.5 0.85625
32768 2 0.79375
32768 8 0.775
13777.2468675169 0.210224103813429 0.81875
13777.2468675169 0.25 0.81875
13777.2468675169 0.29730177875068 0.80625
13777.2468675169 0.353553390593274 0.8375
13777.2468675169 0.420448207626857 0.8375
13777.2468675169 0.5 0.8125
13777.2468675169 0.594603557501361 0.84375
13777.2468675169 0.707106781186548 0.7625
13777.2468675169 0.840896415253715 0.825
13777.2468675169 1 0.83125
13777.2468675169 1.18920711500272 0.84375
16384 0.210224103813429 0.8375
16384 0.25 0.80625
16384 0.29730177875068 0.825
16384 0.353553390593274 0.8125
16384 0.420448207626857 0.84375
16384 0.5 0.84375
16384 0.594603557501361 0.83125
16384 0.707106781186548 0.8375
16384 0.840896415253715 0.84375
16384 1 0.79375
16384 1.18920711500272 0.85
19483.9693722046 0.210224103813429 0.78125
19483.9693722046 0.25 0.83125
19483.9693722046 0.29730177875068 0.83125
19483.9693722046 0.353553390593274 0.83125
19483.9693722046 0.420448207626857 0.80625
19483.9693722046 0.5 0.8125
19483.9693722046 0.594603557501361 0.8625
19483.9693722046 0.707106781186548 0.85
19483.9693722046 0.840896415253715 0.8125
19483.9693722046 1 0.84375
19483.9693722046 1.18920711500272 0.83125
23170.4750059208 0.210224103813429 0.84375
23170.4750059208 0.25 0.825
23170.4750059208 0.29730177875068 0.78125
23170.4750059208 0.353553390593274 0.80625
23170.4750059208 0.420448207626857 0.85625
23170.4750059208 0.5 0.83125
23170.4750059208 0.594603557501361 0.825
23170.4750059208 0.707106781186548 0.85
23170.4750059208 0.840896415253715 0.85
23170.4750059208 1 0.85
23170.4750059208 1.18920711500272 0.85
27554.4937350337 0.210224103813429 0.83125
27554.4937350337 0.25 0.825
27554.4937350337 0.29730177875068 0.8375
27554.4937350337 0.353553390593274 0.85625
27554.4937350337 0.420448207626857 0.85
27554.4937350337 0.5 0.85625
27554.4937350337 0.594603557501361 0.85625
27554.4937350337 0.707106781186548 0.85
27554.4937350337 0.840896415253715 0.85
27554.4937350337 1 0.83125
27554.4937350337 1.18920711500272 0.8375
38967.9387444092 0.210224103813429 0.85625
38967.9387444092 0.25 0.85
38967.9387444092 0.29730177875068 0.825
38967.9387444092 0.353553390593274 0.84375
38967.9387444092 0.420448207626857 0.81875
38967.9387444092 0.5 0.825
38967.9387444092 0.594603557501361 0.8375
38967.9387444092 0.707106781186548 0.84375
38967.9387444092 0.840896415253715 0.83125
38967.9387444092 1 0.80625
38967.9387444092 1.18920711500272 0.8125
46340.9500118416 0.210224103813429 0.8375
46340.9500118416 0.25 0.85625
46340.9500118416 0.29730177875068 0.8125
46340.9500118416 0.353553390593274 0.8375
46340.9500118416 0.420448207626857 0.8375
46340.9500118416 0.5 0.8625
46340.9500118416 0.594603557501361 0.81875
46340.9500118416 0.707106781186548 0.83125
46340.9500118416 0.840896415253715 0.825
46340.9500118416 1 0.8375
46340.9500118416 1.18920711500272 0.85
55108.9874700674 0.210224103813429 0.83125
55108.9874700674 0.25 0.85
55108.9874700674 0.29730177875068 0.825
55108.9874700674 0.353553390593274 0.825
55108.9874700674 0.420448207626857 0.8625
55108.9874700674 0.5 0.8375
55108.9874700674 0.594603557501361 0.83125
55108.9874700674 0.707106781186548 0.825
55108.9874700674 0.840896415253715 0.81875
55108.9874700674 1 0.80625
55108.9874700674 1.18920711500272 0.8
65536 0.210224103813429 0.85625
65536 0.25 0.85625
65536 0.29730177875068 0.83125
65536 0.353553390593274 0.85625
65536 0.420448207626857 0.8375
65536 0.5 0.85
65536 0.594603557501361 0.81875
65536 0.707106781186548 0.8
65536 0.840896415253715 0.8375
65536 1 0.84375
65536 1.18920711500272 0.825
77935.8774888183 0.210224103813429 0.8125
77935.8774888183 0.25 0.85
77935.8774888183 0.29730177875068 0.81875
77935.8774888183 0.353553390593274 0.80625
77935.8774888183 0.420448207626857 0.825
77935.8774888183 0.5 0.85
77935.8774888183 0.594603557501361 0.825
77935.8774888183 0.707106781186548 0.8375
77935.8774888183 0.840896415253715 0.8375
77935.8774888183 1 0.825
77935.8774888183 1.18920711500272 0.8
