0.03125 3.0517578125E-05 0.501882057716437
0.03125 0.0001220703125 0.501882057716437
0.03125 0.00048828125 0.501882057716437
0.03125 0.001953125 0.501882057716437
0.03125 0.0078125 0.501882057716437
0.03125 0.03125 0.501882057716437
0.03125 0.125 0.501882057716437
0.03125 0.5 0.501882057716437
0.03125 2 0.619824341279799
0.03125 8 0.564617314930991
0.125 3.0517578125E-05 0.501882057716437
0.125 0.0001220703125 0.501882057716437
0.125 0.00048828125 0.501882057716437
0.125 0.001953125 0.501882057716437
0.125 0.0078125 0.501882057716437
0.125 0.03125 0.501882057716437
0.125 0.125 0.52823086574655
0.125 0.5 0.618569636135508
0.125 2 0.644918444165621
0.125 8 0.631116687578419
0.5 3.0517578125E-05 0.501882057716437
0.5 0.0001220703125 0.501882057716437
0.5 0.00048828125 0.501882057716437
0.5 0.001953125 0.501882057716437
0.5 0.0078125 0.501882057716437
0.5 0.03125 0.544542032622334
0.5 0.125 0.617314930991217
0.5 0.5 0.622333751568381
0.5 2 0.642409033877039
0.5 8 0.678795483061481
2 3.0517578125E-05 0.501882057716437
2 0.0001220703125 0.501882057716437
2 0.00048828125 0.501882057716437
2 0.001953125 0.501882057716437
2 0.0078125 0.553324968632371
2 0.03125 0.616060225846926
2 0.125 0.622333751568381
2 0.5 0.639899623588457
2 2 0.676286072772898
2 8 0.774153074027603
8 3.0517578125E-05 0.501882057716437
8 0.0001220703125 0.501882057716437
8 0.00048828125 0.501882057716437
8 0.001953125 0.557089084065245
8 0.0078125 0.614805520702635
8 0.03125 0.62107904642409
8 0.125 0.641154328732748
8 0.5 0.687578419071518
8 2 0.737766624843162
8 8 0.787954830614806
32 3.0517578125E-05 0.501882057716437
32 0.0001220703125 0.501882057716437
32 0.00048828125 0.54077791718946
32 0.001953125 0.613550815558344
32 0.0078125 0.623588456712672
32 0.03125 0.627352572145546
32 0.125 0.677540777917189
32 0.5 0.737766624843162
32 2 0.769134253450439
32 8 0.806775407779172
128 3.0517578125E-05 0.501882057716437
128 0.0001220703125 0.55207026348808
128 0.00048828125 0.619824341279799
128 0.001953125 0.622333751568381
128 0.0078125 0.624843161856964
128 0.03125 0.686323713927227
128 0.125 0.739021329987453
128 0.5 0.761606022584693
128 2 0.806775407779172
128 8 0.82810539523212
512 3.0517578125E-05 0.549560853199498
512 0.0001220703125 0.614805520702635
512 0.00048828125 0.617314930991217
512 0.001953125 0.617314930991217
512 0.0078125 0.675031367628607
512 0.03125 0.734002509410289
512 0.125 0.744040150564617
512 0.5 0.775407779171895
512 2 0.794228356336261
512 8 0.83939774153074
2048 3.0517578125E-05 0.616060225846926
2048 0.0001220703125 0.622333751568381
2048 0.00048828125 0.623588456712672
2048 0.001953125 0.652446675031368
2048 0.0078125 0.716436637390213
2048 0.03125 0.752823086574655
2048 0.125 0.760351317440402
2048 0.5 0.795483061480552
2048 2 0.819322459222083
2048 8 0.810539523212045
8192 3.0517578125E-05 0.617314930991217
8192 0.0001220703125 0.626097867001255
8192 0.00048828125 0.658720200752823
8192 0.001953125 0.703889585947302
8192 0.0078125 0.73525721455458
8192 0.03125 0.751568381430364
8192 0.125 0.772898368883312
8192 0.5 0.797992471769134
8192 2 0.819322459222083
8192 8 0.821831869510665
32768 3.0517578125E-05 0.624843161856964
32768 0.0001220703125 0.653701380175659
32768 0.00048828125 0.696361355081556
32768 0.001953125 0.739021329987453
32768 0.0078125 0.741530740276035
32768 0.03125 0.762860727728984
32768 0.125 0.782936010037641
32768 0.5 0.79297365119197
32768 2 0.829360100376412
32768 8 0.811794228356336
215.269482304951 3.36358566101486 0.820577164366374
215.269482304951 4 0.821831869510665
215.269482304951 4.75682846001088 0.818067754077792
215.269482304951 5.65685424949238 0.821831869510665
215.269482304951 6.72717132202972 0.831869510664994
215.269482304951 8 0.818067754077792
215.269482304951 9.51365692002177 0.830614805520703
215.269482304951 11.3137084989848 0.818067754077792
215.269482304951 13.4543426440594 0.833124215809285
215.269482304951 16 0.816813048933501
215.269482304951 19.0273138400435 0.814303638644918
256 3.36358566101486 0.811794228356336
256 4 0.819322459222083
256 4.75682846001088 0.831869510664994
256 5.65685424949238 0.82810539523212
256 6.72717132202972 0.82810539523212
256 8 0.820577164366374
256 9.51365692002177 0.829360100376412
256 11.3137084989848 0.814303638644918
256 13.4543426440594 0.823086574654956
256 16 0.806775407779172
256 19.0273138400435 0.800501882057716
304.437021440697 3.36358566101486 0.81555834378921
304.437021440697 4 0.824341279799247
304.437021440697 4.75682846001088 0.826850690087829
304.437021440697 5.65685424949238 0.831869510664994
304.437021440697 6.72717132202972 0.818067754077792
304.437021440697 8 0.824341279799247
304.437021440697 9.51365692002177 0.816813048933501
304.437021440697 11.3137084989848 0.810539523212045
304.437021440697 13.4543426440594 0.816813048933501
304.437021440697 16 0.800501882057716
304.437021440697 19.0273138400435 0.796737766624843
362.038671967512 3.36358566101486 0.821831869510665
362.038671967512 4 0.834378920953576
362.038671967512 4.75682846001088 0.82810539523212
362.038671967512 5.65685424949238 0.829360100376412
362.038671967512 6.72717132202972 0.826850690087829
362.038671967512 8 0.821831869510665
362.038671967512 9.51365692002177 0.821831869510665
362.038671967512 11.3137084989848 0.821831869510665
362.038671967512 13.4543426440594 0.820577164366374
362.038671967512 16 0.803011292346299
362.038671967512 19.0273138400435 0.799247176913425
430.538964609902 3.36358566101486 0.810539523212045
430.538964609902 4 0.838143036386449
430.538964609902 4.75682846001088 0.833124215809285
430.538964609902 5.65685424949238 0.829360100376412
430.538964609902 6.72717132202972 0.830614805520703
430.538964609902 8 0.836888331242158
430.538964609902 9.51365692002177 0.816813048933501
430.538964609902 11.3137084989848 0.811794228356336
430.538964609902 13.4543426440594 0.805520702634881
430.538964609902 16 0.795483061480552
430.538964609902 19.0273138400435 0.813048933500627
608.874042881393 3.36358566101486 0.823086574654956
608.874042881393 4 0.829360100376412
608.874042881393 4.75682846001088 0.829360100376412
608.874042881393 5.65685424949238 0.811794228356336
608.874042881393 6.72717132202972 0.81555834378921
608.874042881393 8 0.825595984943538
608.874042881393 9.51365692002177 0.829360100376412
608.874042881393 11.3137084989848 0.797992471769134
608.874042881393 13.4543426440594 0.794228356336261
608.874042881393 16 0.818067754077792
608.874042881393 19.0273138400435 0.799247176913425
724.077343935025 3.36358566101486 0.833124215809285
724.077343935025 4 0.825595984943538
724.077343935025 4.75682846001088 0.841907151819322
724.077343935025 5.65685424949238 0.826850690087829
724.077343935025 6.72717132202972 0.829360100376412
724.077343935025 8 0.830614805520703
724.077343935025 9.51365692002177 0.785445420326223
724.077343935025 11.3137084989848 0.806775407779172
724.077343935025 13.4543426440594 0.813048933500627
724.077343935025 16 0.80426599749059
724.077343935025 19.0273138400435 0.810539523212045
861.077929219804 3.36358566101486 0.834378920953576
861.077929219804 4 0.819322459222083
861.077929219804 4.75682846001088 0.823086574654956
861.077929219804 5.65685424949238 0.811794228356336
861.077929219804 6.72717132202972 0.821831869510665
861.077929219804 8 0.820577164366374
861.077929219804 9.51365692002177 0.823086574654956
861.077929219804 11.3137084989848 0.814303638644918
861.077929219804 13.4543426440594 0.797992471769134
861.077929219804 16 0.800501882057716
861.077929219804 19.0273138400435 0.789209535759097
1024 3.36358566101486 0.80426599749059
1024 4 0.825595984943538
1024 4.75682846001088 0.841907151819322
1024 5.65685424949238 0.818067754077792
1024 6.72717132202972 0.829360100376412
1024 8 0.810539523212045
1024 9.51365692002177 0.80426599749059
1024 11.3137084989848 0.813048933500627
1024 13.4543426440594 0.784190715181932
1024 16 0.795483061480552
1024 19.0273138400435 0.801756587202007
1217.74808576279 3.36358566101486 0.840652446675031
1217.74808576279 4 0.814303638644918
1217.74808576279 4.75682846001088 0.826850690087829
1217.74808576279 5.65685424949238 0.818067754077792
1217.74808576279 6.72717132202972 0.836888331242158
1217.74808576279 8 0.834378920953576
1217.74808576279 9.51365692002177 0.826850690087829
1217.74808576279 11.3137084989848 0.809284818067754
1217.74808576279 13.4543426440594 0.801756587202007
1217.74808576279 16 0.80426599749059
1217.74808576279 19.0273138400435 0.818067754077792
