0.03125 3.0517578125E-05 0.40276035131744
0.03125 0.0001220703125 0.40276035131744
0.03125 0.00048828125 0.40276035131744
0.03125 0.001953125 0.40276035131744
0.03125 0.0078125 0.40276035131744
0.03125 0.03125 0.40276035131744
0.03125 0.125 0.604767879548306
0.03125 0.5 0.62107904642409
0.03125 2 0.662484316185696
0.03125 8 0.624843161856964
0.125 3.0517578125E-05 0.40276035131744
0.125 0.0001220703125 0.40276035131744
0.125 0.00048828125 0.40276035131744
0.125 0.001953125 0.40276035131744
0.125 0.0078125 0.40276035131744
0.125 0.03125 0.638644918444166
0.125 0.125 0.626097867001255
0.125 0.5 0.734002509410289
0.125 2 0.742785445420326
0.125 8 0.742785445420326
0.5 3.0517578125E-05 0.40276035131744
0.5 0.0001220703125 0.40276035131744
0.5 0.00048828125 0.40276035131744
0.5 0.001953125 0.40276035131744
0.5 0.0078125 0.636135508155583
0.5 0.03125 0.626097867001255
0.5 0.125 0.718946047678795
0.5 0.5 0.744040150564617
0.5 2 0.750313676286073
0.5 8 0.751568381430364
2 3.0517578125E-05 0.40276035131744
2 0.0001220703125 0.40276035131744
2 0.00048828125 0.40276035131744
2 0.001953125 0.638644918444166
2 0.0078125 0.626097867001255
2 0.03125 0.707653701380176
2 0.125 0.739021329987453
2 0.5 0.755332496863237
2 2 0.755332496863237
2 8 0.787954830614806
8 3.0517578125E-05 0.40276035131744
8 0.0001220703125 0.40276035131744
8 0.00048828125 0.64366373902133
8 0.001953125 0.628607277289837
8 0.0078125 0.698870765370138
8 0.03125 0.737766624843162
8 0.125 0.750313676286073
8 0.5 0.772898368883312
8 2 0.801756587202007
8 8 0.819322459222083
32 3.0517578125E-05 0.40276035131744
32 0.0001220703125 0.636135508155583
32 0.00048828125 0.626097867001255
32 0.001953125 0.702634880803011
32 0.0078125 0.731493099121706
32 0.03125 0.756587202007528
32 0.125 0.777917189460477
32 0.5 0.789209535759097
32 2 0.810539523212045
32 8 0.841907151819322
128 3.0517578125E-05 0.636135508155583
128 0.0001220703125 0.623588456712672
128 0.00048828125 0.706398996235885
128 0.001953125 0.739021329987453
128 0.0078125 0.754077791718946
128 0.03125 0.774153074027603
128 0.125 0.79297365119197
128 0.5 0.818067754077792
128 2 0.843161856963614
128 8 0.860727728983689
512 3.0517578125E-05 0.62107904642409
512 0.0001220703125 0.702634880803011
512 0.00048828125 0.741530740276035
512 0.001953125 0.755332496863237
512 0.0078125 0.772898368883312
512 0.03125 0.769134253450439
512 0.125 0.787954830614806
512 0.5 0.823086574654956
512 2 0.848180677540778
512 8 0.830614805520703
2048 3.0517578125E-05 0.703889585947302
2048 0.0001220703125 0.734002509410289
2048 0.00048828125 0.761606022584693
2048 0.001953125 0.777917189460477
2048 0.0078125 0.782936010037641
2048 0.03125 0.784190715181932
2048 0.125 0.791718946047679
2048 0.5 0.849435382685069
2048 2 0.843161856963614
2048 8 0.840652446675031
8192 3.0517578125E-05 0.726474278544542
8192 0.0001220703125 0.756587202007528
8192 0.00048828125 0.78168130489335
8192 0.001953125 0.784190715181932
8192 0.0078125 0.782936010037641
8192 0.03125 0.774153074027603
8192 0.125 0.82810539523212
8192 0.5 0.846925972396487
8192 2 0.853199498117942
8192 8 0.829360100376412
32768 3.0517578125E-05 0.755332496863237
32768 0.0001220703125 0.774153074027603
32768 0.00048828125 0.776662484316186
32768 0.001953125 0.791718946047679
32768 0.0078125 0.775407779171895
32768 0.03125 0.789209535759097
32768 0.125 0.835633626097867
32768 0.5 0.86198243412798
32768 2 0.843161856963614
32768 8 0.849435382685069
13777.2468675169 0.210224103813429 0.82810539523212
13777.2468675169 0.25 0.840652446675031
13777.2468675169 0.29730177875068 0.849435382685069
13777.2468675169 0.353553390593274 0.835633626097867
13777.2468675169 0.420448207626857 0.841907151819322
13777.2468675169 0.5 0.844416562107905
13777.2468675169 0.594603557501361 0.841907151819322
13777.2468675169 0.707106781186548 0.845671267252196
13777.2468675169 0.840896415253715 0.846925972396487
13777.2468675169 1 0.836888331242158
13777.2468675169 1.18920711500272 0.841907151819322
16384 0.210224103813429 0.844416562107905
16384 0.25 0.840652446675031
16384 0.29730177875068 0.843161856963614
16384 0.353553390593274 0.83939774153074
16384 0.420448207626857 0.836888331242158
16384 0.5 0.849435382685069
16384 0.594603557501361 0.845671267252196
16384 0.707106781186548 0.843161856963614
16384 0.840896415253715 0.833124215809285
16384 1 0.835633626097867
16384 1.18920711500272 0.849435382685069
19483.9693722046 0.210224103813429 0.840652446675031
19483.9693722046 0.25 0.833124215809285
19483.9693722046 0.29730177875068 0.841907151819322
19483.9693722046 0.353553390593274 0.846925972396487
19483.9693722046 0.420448207626857 0.844416562107905
19483.9693722046 0.5 0.841907151819322
19483.9693722046 0.594603557501361 0.836888331242158
19483.9693722046 0.707106781186548 0.841907151819322
19483.9693722046 0.840896415253715 0.835633626097867
19483.9693722046 1 0.849435382685069
19483.9693722046 1.18920711500272 0.851944792973651
23170.4750059208 0.210224103813429 0.840652446675031
23170.4750059208 0.25 0.834378920953576
23170.4750059208 0.29730177875068 0.849435382685069
23170.4750059208 0.353553390593274 0.844416562107905
23170.4750059208 0.420448207626857 0.841907151819322
23170.4750059208 0.5 0.834378920953576
23170.4750059208 0.594603557501361 0.834378920953576
23170.4750059208 0.707106781186548 0.849435382685069
23170.4750059208 0.840896415253715 0.845671267252196
23170.4750059208 1 0.849435382685069
23170.4750059208 1.18920711500272 0.856963613550816
27554.4937350337 0.210224103813429 0.848180677540778
27554.4937350337 0.25 0.841907151819322
27554.4937350337 0.29730177875068 0.855708908406524
27554.4937350337 0.353553390593274 0.846925972396487
27554.4937350337 0.420448207626857 0.845671267252196
27554.4937350337 0.5 0.843161856963614
27554.4937350337 0.594603557501361 0.825595984943538
27554.4937350337 0.707106781186548 0.835633626097867
27554.4937350337 0.840896415253715 0.825595984943538
27554.4937350337 1 0.844416562107905
27554.4937350337 1.18920711500272 0.845671267252196
38967.9387444092 0.210224103813429 0.854454203262233
38967.9387444092 0.25 0.840652446675031
38967.9387444092 0.29730177875068 0.85069008782936
38967.9387444092 0.353553390593274 0.85069008782936
38967.9387444092 0.420448207626857 0.843161856963614
38967.9387444092 0.5 0.85069008782936
38967.9387444092 0.594603557501361 0.846925972396487
38967.9387444092 0.707106781186548 0.838143036386449
38967.9387444092 0.840896415253715 0.826850690087829
38967.9387444092 1 0.843161856963614
38967.9387444092 1.18920711500272 0.868255959849435
46340.9500118416 0.210224103813429 0.846925972396487
46340.9500118416 0.25 0.844416562107905
46340.9500118416 0.29730177875068 0.841907151819322
46340.9500118416 0.353553390593274 0.838143036386449
46340.9500118416 0.420448207626857 0.840652446675031
46340.9500118416 0.5 0.834378920953576
46340.9500118416 0.594603557501361 0.843161856963614
46340.9500118416 0.707106781186548 0.825595984943538
46340.9500118416 0.840896415253715 0.843161856963614
46340.9500118416 1 0.846925972396487
46340.9500118416 1.18920711500272 0.849435382685069
55108.9874700674 0.210224103813429 0.835633626097867
55108.9874700674 0.25 0.853199498117942
55108.9874700674 0.29730177875068 0.840652446675031
55108.9874700674 0.353553390593274 0.83939774153074
55108.9874700674 0.420448207626857 0.834378920953576
55108.9874700674 0.5 0.835633626097867
55108.9874700674 0.594603557501361 0.836888331242158
55108.9874700674 0.707106781186548 0.82810539523212
55108.9874700674 0.840896415253715 0.853199498117942
55108.9874700674 1 0.840652446675031
55108.9874700674 1.18920711500272 0.846925972396487
65536 0.210224103813429 0.840652446675031
65536 0.25 0.836888331242158
65536 0.29730177875068 0.841907151819322
65536 0.353553390593274 0.825595984943538
65536 0.420448207626857 0.834378920953576
65536 0.5 0.849435382685069
65536 0.594603557501361 0.841907151819322
65536 0.707106781186548 0.854454203262233
65536 0.840896415253715 0.851944792973651
65536 1 0.846925972396487
65536 1.18920711500272 0.838143036386449
77935.8774888183 0.210224103813429 0.851944792973651
77935.8774888183 0.25 0.826850690087829
77935.8774888183 0.29730177875068 0.844416562107905
77935.8774888183 0.353553390593274 0.845671267252196
77935.8774888183 0.420448207626857 0.845671267252196
77935.8774888183 0.5 0.823086574654956
77935.8774888183 0.594603557501361 0.834378920953576
77935.8774888183 0.707106781186548 0.833124215809285
77935.8774888183 0.840896415253715 0.841907151819322
77935.8774888183 1 0.846925972396487
77935.8774888183 1.18920711500272 0.845671267252196
