0.03125 3.0517578125E-05 0.506900878293601
0.03125 0.0001220703125 0.506900878293601
0.03125 0.00048828125 0.506900878293601
0.03125 0.001953125 0.506900878293601
0.03125 0.0078125 0.506900878293601
0.03125 0.03125 0.506900878293601
0.03125 0.125 0.506900878293601
0.03125 0.5 0.506900878293601
0.03125 2 0.511919698870765
0.03125 8 0.506900878293601
0.125 3.0517578125E-05 0.506900878293601
0.125 0.0001220703125 0.506900878293601
0.125 0.00048828125 0.506900878293601
0.125 0.001953125 0.506900878293601
0.125 0.0078125 0.506900878293601
0.125 0.03125 0.506900878293601
0.125 0.125 0.506900878293601
0.125 0.5 0.549560853199498
0.125 2 0.573400250941029
0.125 8 0.623588456712672
0.5 3.0517578125E-05 0.506900878293601
0.5 0.0001220703125 0.506900878293601
0.5 0.00048828125 0.506900878293601
0.5 0.001953125 0.506900878293601
0.5 0.0078125 0.506900878293601
0.5 0.03125 0.506900878293601
0.5 0.125 0.539523212045169
0.5 0.5 0.624843161856964
0.5 2 0.70138017565872
0.5 8 0.697616060225847
2 3.0517578125E-05 0.506900878293601
2 0.0001220703125 0.506900878293601
2 0.00048828125 0.506900878293601
2 0.001953125 0.506900878293601
2 0.0078125 0.506900878293601
2 0.03125 0.537013801756587
2 0.125 0.647427854454203
2 0.5 0.727728983688833
2 2 0.718946047678795
2 8 0.713927227101631
8 3.0517578125E-05 0.506900878293601
8 0.0001220703125 0.506900878293601
8 0.00048828125 0.506900878293601
8 0.001953125 0.506900878293601
8 0.0078125 0.518193224592221
8 0.03125 0.637390213299875
8 0.125 0.739021329987453
8 0.5 0.755332496863237
8 2 0.755332496863237
8 8 0.754077791718946
32 3.0517578125E-05 0.506900878293601
32 0.0001220703125 0.506900878293601
32 0.00048828125 0.506900878293601
32 0.001953125 0.503136762860728
32 0.0078125 0.631116687578419
32 0.03125 0.718946047678795
32 0.125 0.769134253450439
32 0.5 0.774153074027603
32 2 0.803011292346299
32 8 0.795483061480552
128 3.0517578125E-05 0.506900878293601
128 0.0001220703125 0.506900878293601
128 0.00048828125 0.524466750313676
128 0.001953125 0.642409033877039
128 0.0078125 0.728983688833124
128 0.03125 0.767879548306148
128 0.125 0.771643663739021
128 0.5 0.80426599749059
128 2 0.813048933500627
128 8 0.789209535759097
512 3.0517578125E-05 0.506900878293601
512 0.0001220703125 0.525721455457967
512 0.00048828125 0.634880803011292
512 0.001953125 0.720200752823087
512 0.0078125 0.761606022584693
512 0.03125 0.774153074027603
512 0.125 0.800501882057716
512 0.5 0.82810539523212
512 2 0.825595984943538
512 8 0.786700125470514
2048 3.0517578125E-05 0.510664993726474
2048 0.0001220703125 0.631116687578419
2048 0.00048828125 0.725219573400251
2048 0.001953125 0.742785445420326
2048 0.0078125 0.764115432873275
2048 0.03125 0.790464240903388
2048 0.125 0.820577164366374
2048 0.5 0.851944792973651
2048 2 0.82810539523212
2048 8 0.775407779171895
8192 3.0517578125E-05 0.634880803011292
8192 0.0001220703125 0.703889585947302
8192 0.00048828125 0.739021329987453
8192 0.001953125 0.777917189460477
8192 0.0078125 0.796737766624843
8192 0.03125 0.795483061480552
8192 0.125 0.85069008782936
8192 0.5 0.830614805520703
8192 2 0.820577164366374
8192 8 0.780426599749059
32768 3.0517578125E-05 0.721455457967378
32768 0.0001220703125 0.752823086574655
32768 0.00048828125 0.769134253450439
32768 0.001953125 0.791718946047679
32768 0.0078125 0.795483061480552
32768 0.03125 0.833124215809285
32768 0.125 0.849435382685069
32768 0.5 0.853199498117942
32768 2 0.814303638644918
32768 8 0.790464240903388
13777.2468675169 0.210224103813429 0.851944792973651
13777.2468675169 0.25 0.845671267252196
13777.2468675169 0.29730177875068 0.849435382685069
13777.2468675169 0.353553390593274 0.855708908406524
13777.2468675169 0.420448207626857 0.854454203262233
13777.2468675169 0.5 0.863237139272271
13777.2468675169 0.594603557501361 0.848180677540778
13777.2468675169 0.707106781186548 0.831869510664994
13777.2468675169 0.840896415253715 0.844416562107905
13777.2468675169 1 0.846925972396487
13777.2468675169 1.18920711500272 0.821831869510665
16384 0.210224103813429 0.869510664993726
16384 0.25 0.86198243412798
16384 0.29730177875068 0.845671267252196
16384 0.353553390593274 0.858218318695107
16384 0.420448207626857 0.853199498117942
16384 0.5 0.86198243412798
16384 0.594603557501361 0.841907151819322
16384 0.707106781186548 0.848180677540778
16384 0.840896415253715 0.844416562107905
16384 1 0.835633626097867
16384 1.18920711500272 0.830614805520703
19483.9693722046 0.210224103813429 0.856963613550816
19483.9693722046 0.25 0.849435382685069
19483.9693722046 0.29730177875068 0.865746549560853
19483.9693722046 0.353553390593274 0.858218318695107
19483.9693722046 0.420448207626857 0.845671267252196
19483.9693722046 0.5 0.848180677540778
19483.9693722046 0.594603557501361 0.846925972396487
19483.9693722046 0.707106781186548 0.841907151819322
19483.9693722046 0.840896415253715 0.840652446675031
19483.9693722046 1 0.841907151819322
19483.9693722046 1.18920711500272 0.840652446675031
23170.4750059208 0.210224103813429 0.853199498117942
23170.4750059208 0.25 0.864491844416562
23170.4750059208 0.29730177875068 0.8732747804266
23170.4750059208 0.353553390593274 0.867001254705144
23170.4750059208 0.420448207626857 0.859473023839398
23170.4750059208 0.5 0.865746549560853
23170.4750059208 0.594603557501361 0.849435382685069
23170.4750059208 0.707106781186548 0.849435382685069
23170.4750059208 0.840896415253715 0.835633626097867
23170.4750059208 1 0.846925972396487
23170.4750059208 1.18920711500272 0.824341279799247
27554.4937350337 0.210224103813429 0.867001254705144
27554.4937350337 0.25 0.8732747804266
27554.4937350337 0.29730177875068 0.856963613550816
27554.4937350337 0.353553390593274 0.860727728983689
27554.4937350337 0.420448207626857 0.85069008782936
27554.4937350337 0.5 0.843161856963614
27554.4937350337 0.594603557501361 0.859473023839398
27554.4937350337 0.707106781186548 0.853199498117942
27554.4937350337 0.840896415253715 0.826850690087829
27554.4937350337 1 0.829360100376412
27554.4937350337 1.18920711500272 0.819322459222083
38967.9387444092 0.210224103813429 0.856963613550816
38967.9387444092 0.25 0.865746549560853
38967.9387444092 0.29730177875068 0.855708908406524
38967.9387444092 0.353553390593274 0.863237139272271
38967.9387444092 0.420448207626857 0.859473023839398
38967.9387444092 0.5 0.835633626097867
38967.9387444092 0.594603557501361 0.864491844416562
38967.9387444092 0.707106781186548 0.834378920953576
38967.9387444092 0.840896415253715 0.844416562107905
38967.9387444092 1 0.830614805520703
38967.9387444092 1.18920711500272 0.826850690087829
46340.9500118416 0.210224103813429 0.860727728983689
46340.9500118416 0.25 0.863237139272271
46340.9500118416 0.29730177875068 0.86198243412798
46340.9500118416 0.353553390593274 0.869510664993726
46340.9500118416 0.420448207626857 0.835633626097867
46340.9500118416 0.5 0.848180677540778
46340.9500118416 0.594603557501361 0.855708908406524
46340.9500118416 0.707106781186548 0.836888331242158
46340.9500118416 0.840896415253715 0.83939774153074
46340.9500118416 1 0.826850690087829
46340.9500118416 1.18920711500272 0.795483061480552
55108.9874700674 0.210224103813429 0.860727728983689
55108.9874700674 0.25 0.868255959849435
55108.9874700674 0.29730177875068 0.872020075282309
55108.9874700674 0.353553390593274 0.851944792973651
55108.9874700674 0.420448207626857 0.859473023839398
55108.9874700674 0.5 0.849435382685069
55108.9874700674 0.594603557501361 0.854454203262233
55108.9874700674 0.707106781186548 0.829360100376412
55108.9874700674 0.840896415253715 0.849435382685069
55108.9874700674 1 0.810539523212045
55108.9874700674 1.18920711500272 0.806775407779172
65536 0.210224103813429 0.863237139272271
65536 0.25 0.854454203262233
65536 0.29730177875068 0.846925972396487
65536 0.353553390593274 0.863237139272271
65536 0.420448207626857 0.855708908406524
65536 0.5 0.853199498117942
65536 0.594603557501361 0.845671267252196
65536 0.707106781186548 0.838143036386449
65536 0.840896415253715 0.836888331242158
65536 1 0.818067754077792
65536 1.18920711500272 0.819322459222083
77935.8774888183 0.210224103813429 0.860727728983689
77935.8774888183 0.25 0.85069008782936
77935.8774888183 0.29730177875068 0.859473023839398
77935.8774888183 0.353553390593274 0.863237139272271
77935.8774888183 0.420448207626857 0.840652446675031
77935.8774888183 0.5 0.856963613550816
77935.8774888183 0.594603557501361 0.83939774153074
77935.8774888183 0.707106781186548 0.824341279799247
77935.8774888183 0.840896415253715 0.849435382685069
77935.8774888183 1 0.800501882057716
77935.8774888183 1.18920711500272 0.813048933500627
