0.03125 3.0517578125E-05 0.40276035131744
0.03125 0.0001220703125 0.40276035131744
0.03125 0.00048828125 0.40276035131744
0.03125 0.001953125 0.40276035131744
0.03125 0.0078125 0.40276035131744
0.03125 0.03125 0.40276035131744
0.03125 0.125 0.40276035131744
0.03125 0.5 0.513174404015056
0.03125 2 0.501882057716437
0.03125 8 0.475533249686324
0.125 3.0517578125E-05 0.40276035131744
0.125 0.0001220703125 0.40276035131744
0.125 0.00048828125 0.40276035131744
0.125 0.001953125 0.40276035131744
0.125 0.0078125 0.40276035131744
0.125 0.03125 0.40276035131744
0.125 0.125 0.496863237139272
0.125 0.5 0.531994981179423
0.125 2 0.580928481806775
0.125 8 0.579673776662484
0.5 3.0517578125E-05 0.40276035131744
0.5 0.0001220703125 0.40276035131744
0.5 0.00048828125 0.40276035131744
0.5 0.001953125 0.40276035131744
0.5 0.0078125 0.40276035131744
0.5 0.03125 0.496863237139272
0.5 0.125 0.518193224592221
0.5 0.5 0.612296110414053
0.5 2 0.629861982434128
0.5 8 0.648682559598494
2 3.0517578125E-05 0.40276035131744
2 0.0001220703125 0.40276035131744
2 0.00048828125 0.40276035131744
2 0.001953125 0.40276035131744
2 0.0078125 0.506900878293601
2 0.03125 0.524466750313676
2 0.125 0.62107904642409
2 0.5 0.673776662484316
2 2 0.6900878293601
2 8 0.702634880803011
8 3.0517578125E-05 0.40276035131744
8 0.0001220703125 0.40276035131744
8 0.00048828125 0.40276035131744
8 0.001953125 0.504391468005019
8 0.0078125 0.509410288582183
8 0.03125 0.623588456712672
8 0.125 0.707653701380176
8 0.5 0.737766624843162
8 2 0.744040150564617
8 8 0.721455457967378
32 3.0517578125E-05 0.40276035131744
32 0.0001220703125 0.40276035131744
32 0.00048828125 0.500627352572146
32 0.001953125 0.524466750313676
32 0.0078125 0.607277289836888
32 0.03125 0.695106649937265
32 0.125 0.75909661229611
32 0.5 0.776662484316186
32 2 0.780426599749059
32 8 0.765370138017566
128 3.0517578125E-05 0.40276035131744
128 0.0001220703125 0.504391468005019
128 0.00048828125 0.520702634880803
128 0.001953125 0.599749058971142
128 0.0078125 0.682559598494354
128 0.03125 0.754077791718946
128 0.125 0.782936010037641
128 0.5 0.80426599749059
128 2 0.805520702634881
128 8 0.795483061480552
512 3.0517578125E-05 0.498117942283563
512 0.0001220703125 0.515683814303639
512 0.00048828125 0.598494353826851
512 0.001953125 0.668757841907152
512 0.0078125 0.745294855708908
512 0.03125 0.782936010037641
512 0.125 0.801756587202007
512 0.5 0.841907151819322
512 2 0.840652446675031
512 8 0.813048933500627
2048 3.0517578125E-05 0.521957340025094
2048 0.0001220703125 0.603513174404015
2048 0.00048828125 0.672521957340025
2048 0.001953125 0.737766624843162
2048 0.0078125 0.771643663739021
2048 0.03125 0.805520702634881
2048 0.125 0.848180677540778
2048 0.5 0.868255959849435
2048 2 0.840652446675031
2048 8 0.816813048933501
8192 3.0517578125E-05 0.606022584692597
8192 0.0001220703125 0.662484316185696
8192 0.00048828125 0.734002509410289
8192 0.001953125 0.772898368883312
8192 0.0078125 0.808030112923463
8192 0.03125 0.846925972396487
8192 0.125 0.863237139272271
8192 0.5 0.869510664993726
8192 2 0.83939774153074
8192 8 0.796737766624843
32768 3.0517578125E-05 0.66624843161857
32768 0.0001220703125 0.73525721455458
32768 0.00048828125 0.787954830614806
32768 0.001953125 0.821831869510665
32768 0.0078125 0.843161856963614
32768 0.03125 0.863237139272271
32768 0.125 0.859473023839398
32768 0.5 0.853199498117942
32768 2 0.836888331242158
32768 8 0.794228356336261
3444.31171687921 0.210224103813429 0.851944792973651
3444.31171687921 0.25 0.86198243412798
3444.31171687921 0.29730177875068 0.859473023839398
3444.31171687921 0.353553390593274 0.859473023839398
3444.31171687921 0.420448207626857 0.858218318695107
3444.31171687921 0.5 0.864491844416562
3444.31171687921 0.594603557501361 0.855708908406524
3444.31171687921 0.707106781186548 0.864491844416562
3444.31171687921 0.840896415253715 0.856963613550816
3444.31171687921 1 0.858218318695107
3444.31171687921 1.18920711500272 0.860727728983689
4096 0.210224103813429 0.851944792973651
4096 0.25 0.869510664993726
4096 0.29730177875068 0.863237139272271
4096 0.353553390593274 0.860727728983689
4096 0.420448207626857 0.859473023839398
4096 0.5 0.858218318695107
4096 0.594603557501361 0.868255959849435
4096 0.707106781186548 0.859473023839398
4096 0.840896415253715 0.845671267252196
4096 1 0.856963613550816
4096 1.18920711500272 0.855708908406524
4870.99234305115 0.210224103813429 0.868255959849435
4870.99234305115 0.25 0.858218318695107
4870.99234305115 0.29730177875068 0.865746549560853
4870.99234305115 0.353553390593274 0.8732747804266
4870.99234305115 0.420448207626857 0.854454203262233
4870.99234305115 0.5 0.853199498117942
4870.99234305115 0.594603557501361 0.872020075282309
4870.99234305115 0.707106781186548 0.859473023839398
4870.99234305115 0.840896415253715 0.853199498117942
4870.99234305115 1 0.844416562107905
4870.99234305115 1.18920711500272 0.85069008782936
5792.6187514802 0.210224103813429 0.855708908406524
5792.6187514802 0.25 0.860727728983689
5792.6187514802 0.29730177875068 0.869510664993726
5792.6187514802 0.353553390593274 0.859473023839398
5792.6187514802 0.420448207626857 0.860727728983689
5792.6187514802 0.5 0.875784190715182
5792.6187514802 0.594603557501361 0.868255959849435
5792.6187514802 0.707106781186548 0.858218318695107
5792.6187514802 0.840896415253715 0.845671267252196
5792.6187514802 1 0.851944792973651
5792.6187514802 1.18920711500272 0.854454203262233
6888.62343375843 0.210224103813429 0.86198243412798
6888.62343375843 0.25 0.856963613550816
6888.62343375843 0.29730177875068 0.872020075282309
6888.62343375843 0.353553390593274 0.872020075282309
6888.62343375843 0.420448207626857 0.875784190715182
6888.62343375843 0.5 0.86198243412798
6888.62343375843 0.594603557501361 0.870765370138018
6888.62343375843 0.707106781186548 0.863237139272271
6888.62343375843 0.840896415253715 0.844416562107905
6888.62343375843 1 0.863237139272271
6888.62343375843 1.18920711500272 0.851944792973651
9741.98468610229 0.210224103813429 0.872020075282309
9741.98468610229 0.25 0.875784190715182
9741.98468610229 0.29730177875068 0.875784190715182
9741.98468610229 0.353553390593274 0.863237139272271
9741.98468610229 0.420448207626857 0.859473023839398
9741.98468610229 0.5 0.86198243412798
9741.98468610229 0.594603557501361 0.864491844416562
9741.98468610229 0.707106781186548 0.858218318695107
9741.98468610229 0.840896415253715 0.858218318695107
9741.98468610229 1 0.845671267252196
9741.98468610229 1.18920711500272 0.854454203262233
11585.2375029604 0.210224103813429 0.868255959849435
11585.2375029604 0.25 0.859473023839398
11585.2375029604 0.29730177875068 0.874529485570891
11585.2375029604 0.353553390593274 0.878293601003764
11585.2375029604 0.420448207626857 0.86198243412798
11585.2375029604 0.5 0.855708908406524
11585.2375029604 0.594603557501361 0.872020075282309
11585.2375029604 0.707106781186548 0.856963613550816
11585.2375029604 0.840896415253715 0.853199498117942
11585.2375029604 1 0.856963613550816
11585.2375029604 1.18920711500272 0.854454203262233
13777.2468675169 0.210224103813429 0.869510664993726
13777.2468675169 0.25 0.867001254705144
13777.2468675169 0.29730177875068 0.877038895859473
13777.2468675169 0.353553390593274 0.856963613550816
13777.2468675169 0.420448207626857 0.8732747804266
13777.2468675169 0.5 0.86198243412798
13777.2468675169 0.594603557501361 0.86198243412798
13777.2468675169 0.707106781186548 0.85069008782936
13777.2468675169 0.840896415253715 0.86198243412798
13777.2468675169 1 0.851944792973651
13777.2468675169 1.18920711500272 0.855708908406524
16384 0.210224103813429 0.86198243412798
16384 0.25 0.865746549560853
16384 0.29730177875068 0.864491844416562
16384 0.353553390593274 0.856963613550816
16384 0.420448207626857 0.86198243412798
16384 0.5 0.865746549560853
16384 0.594603557501361 0.855708908406524
16384 0.707106781186548 0.851944792973651
16384 0.840896415253715 0.843161856963614
16384 1 0.844416562107905
16384 1.18920711500272 0.846925972396487
19483.9693722046 0.210224103813429 0.867001254705144
19483.9693722046 0.25 0.872020075282309
19483.9693722046 0.29730177875068 0.874529485570891
19483.9693722046 0.353553390593274 0.869510664993726
19483.9693722046 0.420448207626857 0.865746549560853
19483.9693722046 0.5 0.858218318695107
19483.9693722046 0.594603557501361 0.85069008782936
19483.9693722046 0.707106781186548 0.844416562107905
19483.9693722046 0.840896415253715 0.844416562107905
19483.9693722046 1 0.838143036386449
19483.9693722046 1.18920711500272 0.83939774153074
