0.03125 3.0517578125E-05 0.602258469259724
0.03125 0.0001220703125 0.602258469259724
0.03125 0.00048828125 0.602258469259724
0.03125 0.001953125 0.602258469259724
0.03125 0.0078125 0.602258469259724
0.03125 0.03125 0.602258469259724
0.03125 0.125 0.602258469259724
0.03125 0.5 0.602258469259724
0.03125 2 0.602258469259724
0.03125 8 0.602258469259724
0.125 3.0517578125E-05 0.602258469259724
0.125 0.0001220703125 0.602258469259724
0.125 0.00048828125 0.602258469259724
0.125 0.001953125 0.602258469259724
0.125 0.0078125 0.602258469259724
0.125 0.03125 0.602258469259724
0.125 0.125 0.602258469259724
0.125 0.5 0.602258469259724
0.125 2 0.602258469259724
0.125 8 0.626097867001255
0.5 3.0517578125E-05 0.602258469259724
0.5 0.0001220703125 0.602258469259724
0.5 0.00048828125 0.602258469259724
0.5 0.001953125 0.602258469259724
0.5 0.0078125 0.602258469259724
0.5 0.03125 0.602258469259724
0.5 0.125 0.602258469259724
0.5 0.5 0.602258469259724
0.5 2 0.658720200752823
0.5 8 0.702634880803011
2 3.0517578125E-05 0.602258469259724
2 0.0001220703125 0.602258469259724
2 0.00048828125 0.602258469259724
2 0.001953125 0.602258469259724
2 0.0078125 0.602258469259724
2 0.03125 0.602258469259724
2 0.125 0.602258469259724
2 0.5 0.648682559598494
2 2 0.692597239648683
2 8 0.708908406524467
8 3.0517578125E-05 0.602258469259724
8 0.0001220703125 0.602258469259724
8 0.00048828125 0.602258469259724
8 0.001953125 0.602258469259724
8 0.0078125 0.602258469259724
8 0.03125 0.602258469259724
8 0.125 0.616060225846926
8 0.5 0.710163111668758
8 2 0.731493099121706
8 8 0.746549560853199
32 3.0517578125E-05 0.602258469259724
32 0.0001220703125 0.602258469259724
32 0.00048828125 0.602258469259724
32 0.001953125 0.602258469259724
32 0.0078125 0.602258469259724
32 0.03125 0.607277289836888
32 0.125 0.702634880803011
32 0.5 0.703889585947302
32 2 0.732747804265998
32 8 0.811794228356336
128 3.0517578125E-05 0.602258469259724
128 0.0001220703125 0.602258469259724
128 0.00048828125 0.602258469259724
128 0.001953125 0.602258469259724
128 0.0078125 0.599749058971142
128 0.03125 0.682559598494354
128 0.125 0.711417816813049
128 0.5 0.721455457967378
128 2 0.779171894604768
128 8 0.853199498117942
512 3.0517578125E-05 0.602258469259724
512 0.0001220703125 0.602258469259724
512 0.00048828125 0.602258469259724
512 0.001953125 0.603513174404015
512 0.0078125 0.675031367628607
512 0.03125 0.696361355081556
512 0.125 0.717691342534504
512 0.5 0.739021329987453
512 2 0.810539523212045
512 8 0.867001254705144
2048 3.0517578125E-05 0.602258469259724
2048 0.0001220703125 0.602258469259724
2048 0.00048828125 0.602258469259724
2048 0.001953125 0.677540777917189
2048 0.0078125 0.696361355081556
2048 0.03125 0.707653701380176
2048 0.125 0.741530740276035
2048 0.5 0.780426599749059
2048 2 0.849435382685069
2048 8 0.841907151819322
8192 3.0517578125E-05 0.602258469259724
8192 0.0001220703125 0.608531994981179
8192 0.00048828125 0.673776662484316
8192 0.001953125 0.687578419071518
8192 0.0078125 0.698870765370138
8192 0.03125 0.736511919698871
8192 0.125 0.750313676286073
8192 0.5 0.820577164366374
8192 2 0.870765370138018
8192 8 0.855708908406524
32768 3.0517578125E-05 0.604767879548306
32768 0.0001220703125 0.672521957340025
32768 0.00048828125 0.695106649937265
32768 0.001953125 0.70138017565872
32768 0.0078125 0.728983688833124
32768 0.03125 0.751568381430364
32768 0.125 0.78168130489335
32768 0.5 0.843161856963614
32768 2 0.878293601003764
32768 8 0.841907151819322
13777.2468675169 0.840896415253715 0.834378920953576
13777.2468675169 1 0.843161856963614
13777.2468675169 1.18920711500272 0.867001254705144
13777.2468675169 1.4142135623731 0.865746549560853
13777.2468675169 1.68179283050743 0.860727728983689
13777.2468675169 2 0.868255959849435
13777.2468675169 2.37841423000544 0.879548306148055
13777.2468675169 2.82842712474619 0.858218318695107
13777.2468675169 3.36358566101486 0.856963613550816
13777.2468675169 4 0.868255959849435
13777.2468675169 4.75682846001088 0.856963613550816
16384 0.840896415253715 0.859473023839398
16384 1 0.86198243412798
16384 1.18920711500272 0.86198243412798
16384 1.4142135623731 0.868255959849435
16384 1.68179283050743 0.874529485570891
16384 2 0.849435382685069
16384 2.37841423000544 0.870765370138018
16384 2.82842712474619 0.877038895859473
16384 3.36358566101486 0.865746549560853
16384 4 0.870765370138018
16384 4.75682846001088 0.875784190715182
19483.9693722046 0.840896415253715 0.853199498117942
19483.9693722046 1 0.859473023839398
19483.9693722046 1.18920711500272 0.872020075282309
19483.9693722046 1.4142135623731 0.874529485570891
19483.9693722046 1.68179283050743 0.851944792973651
19483.9693722046 2 0.870765370138018
19483.9693722046 2.37841423000544 0.854454203262233
19483.9693722046 2.82842712474619 0.867001254705144
19483.9693722046 3.36358566101486 0.856963613550816
19483.9693722046 4 0.868255959849435
19483.9693722046 4.75682846001088 0.868255959849435
23170.4750059208 0.840896415253715 0.853199498117942
23170.4750059208 1 0.870765370138018
23170.4750059208 1.18920711500272 0.853199498117942
23170.4750059208 1.4142135623731 0.867001254705144
23170.4750059208 1.68179283050743 0.865746549560853
23170.4750059208 2 0.864491844416562
23170.4750059208 2.37841423000544 0.869510664993726
23170.4750059208 2.82842712474619 0.864491844416562
23170.4750059208 3.36358566101486 0.882057716436637
23170.4750059208 4 0.855708908406524
23170.4750059208 4.75682846001088 0.855708908406524
27554.4937350337 0.840896415253715 0.856963613550816
27554.4937350337 1 0.863237139272271
27554.4937350337 1.18920711500272 0.864491844416562
27554.4937350337 1.4142135623731 0.874529485570891
27554.4937350337 1.68179283050743 0.875784190715182
27554.4937350337 2 0.8732747804266
27554.4937350337 2.37841423000544 0.86198243412798
27554.4937350337 2.82842712474619 0.8732747804266
27554.4937350337 3.36358566101486 0.872020075282309
27554.4937350337 4 0.867001254705144
27554.4937350337 4.75682846001088 0.856963613550816
38967.9387444092 0.840896415253715 0.854454203262233
38967.9387444092 1 0.863237139272271
38967.9387444092 1.18920711500272 0.868255959849435
38967.9387444092 1.4142135623731 0.8732747804266
38967.9387444092 1.68179283050743 0.869510664993726
38967.9387444092 2 0.869510664993726
38967.9387444092 2.37841423000544 0.8732747804266
38967.9387444092 2.82842712474619 0.872020075282309
38967.9387444092 3.36358566101486 0.880803011292346
38967.9387444092 4 0.860727728983689
38967.9387444092 4.75682846001088 0.844416562107905
46340.9500118416 0.840896415253715 0.855708908406524
46340.9500118416 1 0.865746549560853
46340.9500118416 1.18920711500272 0.879548306148055
46340.9500118416 1.4142135623731 0.865746549560853
46340.9500118416 1.68179283050743 0.872020075282309
46340.9500118416 2 0.882057716436637
46340.9500118416 2.37841423000544 0.872020075282309
46340.9500118416 2.82842712474619 0.878293601003764
46340.9500118416 3.36358566101486 0.855708908406524
46340.9500118416 4 0.851944792973651
46340.9500118416 4.75682846001088 0.869510664993726
55108.9874700674 0.840896415253715 0.868255959849435
55108.9874700674 1 0.856963613550816
55108.9874700674 1.18920711500272 0.879548306148055
55108.9874700674 1.4142135623731 0.856963613550816
55108.9874700674 1.68179283050743 0.859473023839398
55108.9874700674 2 0.880803011292346
55108.9874700674 2.37841423000544 0.859473023839398
55108.9874700674 2.82842712474619 0.8732747804266
55108.9874700674 3.36358566101486 0.882057716436637
55108.9874700674 4 0.849435382685069
55108.9874700674 4.75682846001088 0.868255959849435
65536 0.840896415253715 0.870765370138018
65536 1 0.864491844416562
65536 1.18920711500272 0.859473023839398
65536 1.4142135623731 0.8732747804266
65536 1.68179283050743 0.86198243412798
65536 2 0.872020075282309
65536 2.37841423000544 0.855708908406524
65536 2.82842712474619 0.879548306148055
65536 3.36358566101486 0.860727728983689
65536 4 0.860727728983689
65536 4.75682846001088 0.867001254705144
77935.8774888183 0.840896415253715 0.867001254705144
77935.8774888183 1 0.865746549560853
77935.8774888183 1.18920711500272 0.874529485570891
77935.8774888183 1.4142135623731 0.883312421580928
77935.8774888183 1.68179283050743 0.878293601003764
77935.8774888183 2 0.877038895859473
77935.8774888183 2.37841423000544 0.851944792973651
77935.8774888183 2.82842712474619 0.867001254705144
77935.8774888183 3.36358566101486 0.867001254705144
77935.8774888183 4 0.872020075282309
77935.8774888183 4.75682846001088 0.8732747804266
