0.03125 3.0517578125E-05 0.457967377666248
0.03125 0.0001220703125 0.457967377666248
0.03125 0.00048828125 0.457967377666248
0.03125 0.001953125 0.457967377666248
0.03125 0.0078125 0.457967377666248
0.03125 0.03125 0.457967377666248
0.03125 0.125 0.457967377666248
0.03125 0.5 0.491844416562108
0.03125 2 0.64366373902133
0.03125 8 0.558343789209536
0.125 3.0517578125E-05 0.457967377666248
0.125 0.0001220703125 0.457967377666248
0.125 0.00048828125 0.457967377666248
0.125 0.001953125 0.457967377666248
0.125 0.0078125 0.457967377666248
0.125 0.03125 0.457967377666248
0.125 0.125 0.570890840652447
0.125 0.5 0.696361355081556
0.125 2 0.702634880803011
0.125 8 0.693851944792974
0.5 3.0517578125E-05 0.457967377666248
0.5 0.0001220703125 0.457967377666248
0.5 0.00048828125 0.457967377666248
0.5 0.001953125 0.457967377666248
0.5 0.0078125 0.457967377666248
0.5 0.03125 0.584692597239649
0.5 0.125 0.685069008782936
0.5 0.5 0.703889585947302
0.5 2 0.721455457967378
0.5 8 0.737766624843162
2 3.0517578125E-05 0.457967377666248
2 0.0001220703125 0.457967377666248
2 0.00048828125 0.457967377666248
2 0.001953125 0.457967377666248
2 0.0078125 0.582183186951067
2 0.03125 0.681304893350063
2 0.125 0.711417816813049
2 0.5 0.721455457967378
2 2 0.752823086574655
2 8 0.785445420326223
8 3.0517578125E-05 0.457967377666248
8 0.0001220703125 0.457967377666248
8 0.00048828125 0.457967377666248
8 0.001953125 0.575909661229611
8 0.0078125 0.678795483061481
8 0.03125 0.705144291091593
8 0.125 0.715181932245922
8 0.5 0.741530740276035
8 2 0.750313676286073
8 8 0.821831869510665
32 3.0517578125E-05 0.457967377666248
32 0.0001220703125 0.457967377666248
32 0.00048828125 0.592220828105395
32 0.001953125 0.673776662484316
32 0.0078125 0.696361355081556
32 0.03125 0.716436637390213
32 0.125 0.725219573400251
32 0.5 0.75909661229611
32 2 0.79297365119197
32 8 0.85069008782936
128 3.0517578125E-05 0.457967377666248
128 0.0001220703125 0.589711417816813
128 0.00048828125 0.675031367628607
128 0.001953125 0.698870765370138
128 0.0078125 0.721455457967378
128 0.03125 0.72396486825596
128 0.125 0.742785445420326
128 0.5 0.756587202007528
128 2 0.823086574654956
128 8 0.858218318695107
512 3.0517578125E-05 0.594730238393977
512 0.0001220703125 0.671267252195734
512 0.00048828125 0.703889585947302
512 0.001953125 0.717691342534504
512 0.0078125 0.725219573400251
512 0.03125 0.73525721455458
512 0.125 0.762860727728984
512 0.5 0.790464240903388
512 2 0.836888331242158
512 8 0.851944792973651
2048 3.0517578125E-05 0.667503136762861
2048 0.0001220703125 0.698870765370138
2048 0.00048828125 0.711417816813049
2048 0.001953125 0.717691342534504
2048 0.0078125 0.737766624843162
2048 0.03125 0.744040150564617
2048 0.125 0.78168130489335
2048 0.5 0.810539523212045
2048 2 0.833124215809285
2048 8 0.836888331242158
8192 3.0517578125E-05 0.692597239648683
8192 0.0001220703125 0.72396486825596
8192 0.00048828125 0.727728983688833
8192 0.001953125 0.725219573400251
8192 0.0078125 0.744040150564617
8192 0.03125 0.754077791718946
8192 0.125 0.791718946047679
8192 0.5 0.818067754077792
8192 2 0.843161856963614
8192 8 0.830614805520703
32768 3.0517578125E-05 0.717691342534504
32768 0.0001220703125 0.726474278544542
32768 0.00048828125 0.725219573400251
32768 0.001953125 0.742785445420326
32768 0.0078125 0.746549560853199
32768 0.03125 0.766624843161857
32768 0.125 0.80426599749059
32768 0.5 0.830614805520703
32768 2 0.833124215809285
32768 8 0.833124215809285
53.8173705762377 3.36358566101486 0.840652446675031
53.8173705762377 4 0.833124215809285
53.8173705762377 4.75682846001088 0.85069008782936
53.8173705762377 5.65685424949238 0.846925972396487
53.8173705762377 6.72717132202972 0.849435382685069
53.8173705762377 8 0.854454203262233
53.8173705762377 9.51365692002177 0.858218318695107
53.8173705762377 11.3137084989848 0.855708908406524
53.8173705762377 13.4543426440594 0.860727728983689
53.8173705762377 16 0.836888331242158
53.8173705762377 19.0273138400435 0.853199498117942
64 3.36358566101486 0.835633626097867
64 4 0.840652446675031
64 4.75682846001088 0.838143036386449
64 5.65685424949238 0.855708908406524
64 6.72717132202972 0.83939774153074
64 8 0.856963613550816
64 9.51365692002177 0.859473023839398
64 11.3137084989848 0.864491844416562
64 13.4543426440594 0.853199498117942
64 16 0.85069008782936
64 19.0273138400435 0.856963613550816
76.1092553601741 3.36358566101486 0.843161856963614
76.1092553601741 4 0.845671267252196
76.1092553601741 4.75682846001088 0.840652446675031
76.1092553601741 5.65685424949238 0.853199498117942
76.1092553601741 6.72717132202972 0.853199498117942
76.1092553601741 8 0.859473023839398
76.1092553601741 9.51365692002177 0.858218318695107
76.1092553601741 11.3137084989848 0.858218318695107
76.1092553601741 13.4543426440594 0.85069008782936
76.1092553601741 16 0.853199498117942
76.1092553601741 19.0273138400435 0.860727728983689
90.5096679918781 3.36358566101486 0.834378920953576
90.5096679918781 4 0.85069008782936
90.5096679918781 4.75682846001088 0.849435382685069
90.5096679918781 5.65685424949238 0.835633626097867
90.5096679918781 6.72717132202972 0.85069008782936
90.5096679918781 8 0.859473023839398
90.5096679918781 9.51365692002177 0.858218318695107
90.5096679918781 11.3137084989848 0.8732747804266
90.5096679918781 13.4543426440594 0.848180677540778
90.5096679918781 16 0.85069008782936
90.5096679918781 19.0273138400435 0.83939774153074
107.634741152475 3.36358566101486 0.848180677540778
107.634741152475 4 0.840652446675031
107.634741152475 4.75682846001088 0.855708908406524
107.634741152475 5.65685424949238 0.853199498117942
107.634741152475 6.72717132202972 0.845671267252196
107.634741152475 8 0.874529485570891
107.634741152475 9.51365692002177 0.864491844416562
107.634741152475 11.3137084989848 0.8732747804266
107.634741152475 13.4543426440594 0.868255959849435
107.634741152475 16 0.844416562107905
107.634741152475 19.0273138400435 0.860727728983689
152.218510720348 3.36358566101486 0.848180677540778
152.218510720348 4 0.856963613550816
152.218510720348 4.75682846001088 0.83939774153074
152.218510720348 5.65685424949238 0.865746549560853
152.218510720348 6.72717132202972 0.856963613550816
152.218510720348 8 0.859473023839398
152.218510720348 9.51365692002177 0.855708908406524
152.218510720348 11.3137084989848 0.86198243412798
152.218510720348 13.4543426440594 0.872020075282309
152.218510720348 16 0.843161856963614
152.218510720348 19.0273138400435 0.848180677540778
181.019335983756 3.36358566101486 0.838143036386449
181.019335983756 4 0.843161856963614
181.019335983756 4.75682846001088 0.855708908406524
181.019335983756 5.65685424949238 0.841907151819322
181.019335983756 6.72717132202972 0.856963613550816
181.019335983756 8 0.846925972396487
181.019335983756 9.51365692002177 0.865746549560853
181.019335983756 11.3137084989848 0.853199498117942
181.019335983756 13.4543426440594 0.858218318695107
181.019335983756 16 0.85069008782936
181.019335983756 19.0273138400435 0.844416562107905
215.269482304951 3.36358566101486 0.846925972396487
215.269482304951 4 0.844416562107905
215.269482304951 4.75682846001088 0.854454203262233
215.269482304951 5.65685424949238 0.860727728983689
215.269482304951 6.72717132202972 0.85069008782936
215.269482304951 8 0.858218318695107
215.269482304951 9.51365692002177 0.864491844416562
215.269482304951 11.3137084989848 0.855708908406524
215.269482304951 13.4543426440594 0.855708908406524
215.269482304951 16 0.844416562107905
215.269482304951 19.0273138400435 0.845671267252196
256 3.36358566101486 0.845671267252196
256 4 0.85069008782936
256 4.75682846001088 0.846925972396487
256 5.65685424949238 0.849435382685069
256 6.72717132202972 0.844416562107905
256 8 0.864491844416562
256 9.51365692002177 0.833124215809285
256 11.3137084989848 0.858218318695107
256 13.4543426440594 0.840652446675031
256 16 0.853199498117942
256 19.0273138400435 0.833124215809285
304.437021440697 3.36358566101486 0.834378920953576
304.437021440697 4 0.86198243412798
304.437021440697 4.75682846001088 0.864491844416562
304.437021440697 5.65685424949238 0.867001254705144
304.437021440697 6.72717132202972 0.86198243412798
304.437021440697 8 0.855708908406524
304.437021440697 9.51365692002177 0.843161856963614
304.437021440697 11.3137084989848 0.855708908406524
304.437021440697 13.4543426440594 0.851944792973651
304.437021440697 16 0.841907151819322
304.437021440697 19.0273138400435 0.851944792973651
