labels 1 0 -1
-1 -1 0.000567502982526104 0.334562674704462 0.664869822313012 
-1 -1 0.0006192024732246 0.462417066531397 0.536963730995378 
-1 0 0.00102409337850271 0.700141274978404 0.298834631643093 
-1 0 0.00126750256421833 0.813954137570225 0.184778359865557 
-1 0 0.000850258327004031 0.916935314808298 0.0822144268646981 
-1 0 0.000238656645169698 0.874970922446372 0.124790420908458 
-1 0 0.00011655816692552 0.89154376633311 0.108339675499965 
-1 0 2.44781417173555E-05 0.932637067514045 0.0673384543442379 
-1 0 1.28225755922202E-05 0.944763517604762 0.0552236598196458 
-1 0 3.79557544136569E-05 0.919038630831225 0.0809234134143619 
-1 0 1.67035394367851E-05 0.934669382766731 0.0653139136938326 
-1 0 1.8690639397341E-05 0.932806486910534 0.0671748224500692 
-1 0 6.67298727282709E-05 0.903888758900396 0.0960445112268758 
-1 0 9.45017808515395E-05 0.894404078259893 0.105501419959255 
-1 0 6.43316892423436E-05 0.911674527401568 0.0882611409091899 
-1 0 0.000190705423524303 0.946642641547834 0.0531666530286418 
-1 0 0.00208355433786354 0.969710579744683 0.0282058659174535 
-1 0 0.0151927898400888 0.972050830684812 0.012756379475099 
-1 0 0.270393407105597 0.550006244938857 0.179600347955545 
-1 0 0.320867682164207 0.387435259533633 0.29169705830216 
-1 0 0.318565008789556 0.39635747199228 0.285077519218164 
-1 0 0.291475399849588 0.48899252318797 0.219532076962442 
-1 0 0.16766521927079 0.769887701554797 0.0624470791744127 
-1 0 0.000360627326141973 0.521969312414645 0.477670060259213 
-1 -1 0.0002060290965055 0.297756248380847 0.702037722522647 
-1 -1 0.000156319701626277 0.104545890504092 0.895297789794282 
-1 -1 0.000167329219687228 0.0572271218368384 0.942605548943474 
-1 0 0.000752094725641456 0.509364269362875 0.489883635911484 
-1 0 0.00117800233817066 0.813289390611271 0.185532607050558 
-1 0 0.00159909174967142 0.798282082783727 0.200118825466601 
-1 0 0.00115975125021498 0.788724054766491 0.210116193983294 
-1 0 0.00241912922387267 0.519136617387001 0.478444253389126 
-1 -1 0.00312266090612072 0.368794950120824 0.628082388973055 
-1 -1 0.00259621742338305 0.130075969976722 0.867327812599895 
-1 -1 0.00295683321516805 0.426111058371001 0.570932108413831 
-1 0 0.00218179684743303 0.634492400978027 0.36332580217454 
-1 0 0.0030488367319054 0.551080882693915 0.44587028057418 
-1 -1 0.00560475466686767 0.128920088636019 0.865475156697113 
-1 -1 0.00671359588831018 0.146515845186312 0.846770558925377 
-1 -1 0.00886237188727823 0.219917118100646 0.771220510012076 
-1 -1 0.0111845931844345 0.408234174330816 0.58058123248475 
-1 0 0.00969435085362326 0.716437974984179 0.273867674162197 
-1 0 0.00464047705952885 0.928271269501687 0.0670882534387841 
-1 0 0.00429175416325007 0.946444351583943 0.0492638942528071 
-1 0 0.00364300737053539 0.96382072201042 0.0325362706190443 
-1 0 0.00306585895490761 0.974390064470158 0.0225440765749345 
-1 0 0.00247845744339833 0.982065961684539 0.0154555808720629 
-1 0 0.00187512445502719 0.987969275541329 0.0101556000036443 
-1 0 7.59383248554519E-05 0.993646746720439 0.0062773149547055 
-1 0 3.54145533917453E-05 0.995953648480922 0.00401093696568649 
-1 0 0.00224059348018939 0.987334746076346 0.0104246604434647 
-1 0 0.00296559082406284 0.983469241848218 0.0135651673277192 
-1 0 0.00238573323259323 0.987942609188412 0.00967165757899427 
-1 0 2.56221284771559E-06 0.999142079893612 0.000855357893539866 
-1 0 1.9302768739796E-06 0.999260765689454 0.000737304033672487 
-1 0 2.33495393187236E-06 0.999177608347816 0.000820056698252002 
-1 0 1.1793527052617E-06 0.999425545839713 0.000573274807582114 
-1 0 6.17717448341325E-07 0.999589749981146 0.000409632301405563 
-1 0 3.33493481741063E-07 0.999701737442103 0.000297929064415821 
-1 0 2.11940117217815E-07 0.999764690792254 0.000235097267629138 
-1 0 1.52061839272567E-06 0.999364346172391 0.000634133209216694 
-1 0 2.83826640373143E-06 0.999130654191364 0.0008665075422321 
-1 0 1.39245125570937E-06 0.999409516182799 0.000589091365945693 
-1 0 1.73707848633572E-06 0.999787670143915 0.000210592777598808 
-1 1 0.920740640875183 0.0478698658043268 0.03138949332049 
0 1 0.948579684662379 0.031472220493276 0.0199480948443447 
0 1 0.970011001422415 0.0186273634405735 0.011361635137011 
0 1 0.905103462940481 0.0870617414813924 0.00783479557812655 
0 1 0.776455152765901 0.219789865615961 0.00375498161813844 
0 1 0.790534748734844 0.206979074336659 0.0024861769284969 
0 1 0.989369756128166 0.00903539509916606 0.00159484877266754 
0 1 0.994961501235465 0.00398484407576743 0.00105365468876747 
0 1 0.997975743670255 0.00132959076072621 0.000694665569018973 
0 1 0.998510913110605 0.000134544401100297 0.00135454248829482 
0 1 0.99915094690346 3.52570401986371E-05 0.000813796056341418 
0 1 0.999523881899835 8.80368271356433E-06 0.000467314417451159 
0 1 0.999750371124434 2.32002415641904E-06 0.000247308851410096 
0 1 0.999875381600341 7.18297131309421E-07 0.000123900102527437 
0 1 0.999911723800938 1.83934270341825E-07 8.80922647914595E-05 
0 1 0.999905468347119 3.17984400452388E-07 9.42136684809366E-05 
0 1 0.99994508860172 1.12001818457896E-07 5.47993964614129E-05 
0 1 0.999962110178313 1.0570527883609E-07 3.77841164076979E-05 
0 1 0.999973808673347 1.02719365456784E-07 2.60886072874169E-05 
1 1 0.999981957830009 1.01285555395931E-07 1.7940884435215E-05 
1 1 0.999988038480079 1.00561506414939E-07 1.18609584143421E-05 
0 1 0.999991813229262 1.00260753039253E-07 8.08650998532506E-06 
0 1 0.999994367685605 1.0012187259123E-07 5.53219252279862E-06 
0 1 0.999995040510897 1.00093975669154E-07 4.85939512751708E-06 
0 1 0.999994669755718 1.00108900181161E-07 5.23013538200946E-06 
0 1 0.99999240183908 1.00224124553179E-07 7.49793679498971E-06 
1 1 0.999988467865081 1.0052155204381E-07 1.14316133668982E-05 
1 1 0.999982808357576 2.78400638051998E-07 1.69132417862309E-05 
1 1 0.999892118270858 1.46373409964114E-07 0.000107735355732049 
1 1 0.999861353475802 1.00857043086529E-06 0.000137637953766931 
1 1 0.999878401839567 3.52635865989836E-06 0.000118071801772976 
0 1 0.999886507850212 9.19009212978298E-06 0.000104302057657803 
0 1 0.999894685641198 1.17419573907887E-05 9.35724014111505E-05 
0 1 0.999902642191037 1.37442933740082E-05 8.36135155895026E-05 
0 1 0.99990625203496 1.85811415585148E-05 7.51668234819824E-05 
0 1 0.999825178243057 0.000143763736317868 3.10580206255845E-05 
1 1 0.9980196387599 0.00193404508482637 4.63161552741505E-05 
1 1 0.990410435736137 0.00953771369336622 5.18505704966889E-05 
1 1 0.959864479344602 0.0400797283655072 5.57922898911677E-05 
1 1 0.998606974003109 0.00117684098423336 0.000216185012658055 
1 1 0.998296357726036 0.00152408123810007 0.000179561035864251 
1 1 0.998678974014606 0.00117889891608443 0.000142127069309991 
1 1 0.996277561363835 0.00355780370088037 0.000164634935284533 
1 1 0.999830466949642 0.000131473040023695 3.806001033451E-05 
0 1 0.999909003097991 6.66231925669206E-05 2.43737094422096E-05 
0 1 0.999980885691226 7.53665248688804E-06 1.15776562868824E-05 
1 1 0.99985295105014 0.000122835019236963 2.42139306226498E-05 
1 1 0.998050380059676 0.00190664761405873 4.29723262656542E-05 
1 1 0.999302203673736 0.000664310991481476 3.34853347822458E-05 
1 1 0.993981614653618 0.00596007673512317 5.83086112586174E-05 
1 1 0.999279816169443 0.000666252168867382 5.39316616899449E-05 
1 1 0.999961400852349 2.83422252763182E-05 1.02569223749742E-05 
1 1 0.999973479537766 3.28499441872132E-06 2.32354678153891E-05 
0 1 0.999881151613278 6.5497800003661E-05 5.33505867184616E-05 
0 1 0.999143606022344 0.000760090683660708 9.63032939956682E-05 
0 1 0.999747924081052 0.000199296218623414 5.2779700324686E-05 
0 1 0.999343294348002 0.000609628180572212 4.70774714260093E-05 
0 1 0.995091534990777 0.00473804164926354 0.00017042335995984 
0 1 0.994625871537294 0.00454506523508388 0.0008290632276225 
0 1 0.975452443211988 0.0235932020413248 0.000954354746687187 
0 1 0.94705427838642 0.0517967003649647 0.00114902124861474 
0 1 0.797238026808642 0.201378414287058 0.00138355890430061 
0 1 0.788656771337233 0.208917460909923 0.00242576775284421 
0 1 0.872893425235058 0.124864562303086 0.00224201246185647 
0 1 0.666234264203729 0.331609434694986 0.00215630110128496 
0 0 0.30708472112457 0.691346986235114 0.001568292640316 
0 0 0.21053071175525 0.788065107770102 0.00140418047464758 
0 1 0.513673197525236 0.483037001640818 0.00328980083394593 
0 1 0.779878765497619 0.215240012782492 0.0048812217198895 
0 1 0.924978531948934 0.0690023528446573 0.00601911520640877 
0 1 0.81141230523986 0.180118308100724 0.0084693866594162 
0 1 0.934824995399016 0.0551592888235347 0.0100157157774489 
0 1 0.936135977694793 0.0557116788398167 0.00815234346539065 
-1 1 0.919675536506227 0.0634595972034 0.0168648662903737 
-1 1 0.740120662008925 0.247191255692565 0.0126880822985093 
-1 1 0.849212993673337 0.144170614017181 0.0066163923094822 
-1 0 0.361451965427284 0.632831025702284 0.00571700887043172 
-1 0 0.120958554666706 0.87677003039053 0.00227141494276394 
-1 0 0.0253182090726705 0.974061017024074 0.000620773903255291 
-1 0 0.0202921840351457 0.97807117760828 0.0016366383565744 
-1 0 0.00168619313679576 0.997345572515394 0.000968234347810275 
-1 0 9.34571615797715E-07 0.999712724282097 0.000286341146287001 
-1 0 0.00639750728358728 0.990208810558554 0.00339368215785927 
-1 0 0.00198995108413015 0.996190804919942 0.00181924399592731 
-1 0 0.00307373383776306 0.995426700912364 0.00149956524987365 
-1 0 0.00301712283411903 0.996251671796659 0.000731205369222132 
-1 0 0.00304976917018854 0.99621973083987 0.000730499989941527 
-1 0 0.0496772264482816 0.949435040848584 0.000887732703134134 
-1 0 0.153625596077677 0.844281341057714 0.00209306286460885 
-1 1 0.648032472936596 0.346166271522263 0.00580125554114101 
-1 1 0.99152230515622 0.00129007856340244 0.00718761628037787 
-1 1 0.981974079461134 0.00990065032715028 0.00812527021171561 
0 1 0.957587722889627 0.0360648135596466 0.00634746355072612 
0 1 0.50668803384302 0.48221997788352 0.01109198827346 
0 0 0.458060482410309 0.534731824287077 0.00720769330261392 
0 0 0.39075041962326 0.603386475697576 0.00586310467916383 
0 0 0.223533226136162 0.772342287515555 0.00412448634828326 
0 0 0.160014104655139 0.837801409264487 0.00218448608037436 
-1 0 0.045713893287552 0.953682677255863 0.000603429456585362 
0 1 0.996097395952385 0.000989016701869321 0.0029135873457452 
0 1 0.998341297930497 0.000108135006280234 0.001550567063223 
0 1 0.996558116105405 0.00140913837895323 0.00203274551564196 
0 1 0.980978916878 0.0168027952228333 0.0022182878991667 
0 1 0.948734453053418 0.0498689478350395 0.00139659911154229 
0 1 0.947721359733192 0.0511438794687752 0.00113476079803298 
0 1 0.946233069286598 0.0528782598684431 0.000888670844959184 
0 0 0.461992484501904 0.533513342781944 0.00449417271615175 
0 1 0.609181098629433 0.389013508312704 0.00180539305786354 
0 0 0.467633181891824 0.531333072346948 0.00103374576122748 
-1 1 0.580161113834271 0.418980105265398 0.000858780900329988 
-1 1 0.752860571228686 0.24640353775154 0.0007358910197742 
-1 1 0.685529463182273 0.312593816021916 0.00187672079581081 
-1 0 0.351762721284877 0.64697198571376 0.00126529300136341 
-1 0 0.0806321220595591 0.918796189067573 0.000571688872867895 
-1 0 0.0323177217478778 0.967273099206912 0.000409179045209865 
-1 0 0.0383212437954409 0.960330149973919 0.00134860623064006 
-1 0 0.030877252600382 0.968829910119364 0.000292837280253935 
-1 0 0.151172207537711 0.848627871461764 0.000199921000524729 
-1 0 0.336531432362503 0.663247663384687 0.000220904252809799 
-1 0 0.31239435203921 0.687420181260877 0.000185466699913453 
-1 1 0.822905947526757 0.176018233625244 0.00107581884799964 
-1 0 0.340378460891786 0.658328728076729 0.00129281103148479 
-1 0 0.0603381069741821 0.938612771197962 0.00104912182785608 
-1 0 0.0669346222560043 0.93265541664859 0.000409961095406036 
-1 0 0.0323866232609321 0.967271707643788 0.000341669095280661 
-1 0 0.00555898870206389 0.994259160219479 0.000181851078456707 
-1 0 0.0122379273853642 0.987725513036904 3.65595777317929E-05 
-1 0 0.0458955512228233 0.954078797074212 2.56517029648248E-05 
-1 0 0.139560252930485 0.860364513993334 7.52330761811574E-05 
-1 1 0.911276682513284 0.0883686742341651 0.000354643252551084 
-1 1 0.906279773889256 0.0934858348713253 0.000234391239418822 
-1 1 0.761937577830821 0.237908959921074 0.000153462248104846 
-1 1 0.57281587618126 0.427024251729301 0.000159872089438558 
0 0 0.428875226847375 0.57105277349631 7.19996563150697E-05 
0 0 0.384936838208693 0.615026436280047 3.67255112605763E-05 
0 0 0.187578230078285 0.812381089392494 4.06805292215312E-05 
