0.03125 3.0517578125E-05 0.602258469259724
0.03125 0.0001220703125 0.602258469259724
0.03125 0.00048828125 0.602258469259724
0.03125 0.001953125 0.602258469259724
0.03125 0.0078125 0.602258469259724
0.03125 0.03125 0.602258469259724
0.03125 0.125 0.602258469259724
0.03125 0.5 0.602258469259724
0.03125 2 0.602258469259724
0.03125 8 0.602258469259724
0.125 3.0517578125E-05 0.602258469259724
0.125 0.0001220703125 0.602258469259724
0.125 0.00048828125 0.602258469259724
0.125 0.001953125 0.602258469259724
0.125 0.0078125 0.602258469259724
0.125 0.03125 0.602258469259724
0.125 0.125 0.602258469259724
0.125 0.5 0.602258469259724
0.125 2 0.602258469259724
0.125 8 0.664993726474279
0.5 3.0517578125E-05 0.602258469259724
0.5 0.0001220703125 0.602258469259724
0.5 0.00048828125 0.602258469259724
0.5 0.001953125 0.602258469259724
0.5 0.0078125 0.602258469259724
0.5 0.03125 0.602258469259724
0.5 0.125 0.602258469259724
0.5 0.5 0.609786700125471
0.5 2 0.711417816813049
0.5 8 0.715181932245922
2 3.0517578125E-05 0.602258469259724
2 0.0001220703125 0.602258469259724
2 0.00048828125 0.602258469259724
2 0.001953125 0.602258469259724
2 0.0078125 0.602258469259724
2 0.03125 0.602258469259724
2 0.125 0.607277289836888
2 0.5 0.717691342534504
2 2 0.734002509410289
2 8 0.745294855708908
8 3.0517578125E-05 0.602258469259724
8 0.0001220703125 0.602258469259724
8 0.00048828125 0.602258469259724
8 0.001953125 0.602258469259724
8 0.0078125 0.602258469259724
8 0.03125 0.603513174404015
8 0.125 0.708908406524467
8 0.5 0.744040150564617
8 2 0.752823086574655
8 8 0.749058971141782
32 3.0517578125E-05 0.602258469259724
32 0.0001220703125 0.602258469259724
32 0.00048828125 0.602258469259724
32 0.001953125 0.602258469259724
32 0.0078125 0.603513174404015
32 0.03125 0.71267252195734
32 0.125 0.747804265997491
32 0.5 0.751568381430364
32 2 0.774153074027603
32 8 0.789209535759097
128 3.0517578125E-05 0.602258469259724
128 0.0001220703125 0.602258469259724
128 0.00048828125 0.602258469259724
128 0.001953125 0.603513174404015
128 0.0078125 0.707653701380176
128 0.03125 0.73525721455458
128 0.125 0.756587202007528
128 0.5 0.745294855708908
128 2 0.785445420326223
128 8 0.808030112923463
512 3.0517578125E-05 0.602258469259724
512 0.0001220703125 0.602258469259724
512 0.00048828125 0.603513174404015
512 0.001953125 0.705144291091593
512 0.0078125 0.742785445420326
512 0.03125 0.752823086574655
512 0.125 0.751568381430364
512 0.5 0.782936010037641
512 2 0.805520702634881
512 8 0.795483061480552
2048 3.0517578125E-05 0.602258469259724
2048 0.0001220703125 0.602258469259724
2048 0.00048828125 0.705144291091593
2048 0.001953125 0.740276035131744
2048 0.0078125 0.750313676286073
2048 0.03125 0.754077791718946
2048 0.125 0.747804265997491
2048 0.5 0.796737766624843
2048 2 0.806775407779172
2048 8 0.786700125470514
8192 3.0517578125E-05 0.603513174404015
8192 0.0001220703125 0.70138017565872
8192 0.00048828125 0.746549560853199
8192 0.001953125 0.746549560853199
8192 0.0078125 0.751568381430364
8192 0.03125 0.756587202007528
8192 0.125 0.772898368883312
8192 0.5 0.80426599749059
8192 2 0.821831869510665
8192 8 0.766624843161857
32768 3.0517578125E-05 0.703889585947302
32768 0.0001220703125 0.741530740276035
32768 0.00048828125 0.742785445420326
32768 0.001953125 0.760351317440402
32768 0.0078125 0.75909661229611
32768 0.03125 0.772898368883312
32768 0.125 0.790464240903388
32768 0.5 0.821831869510665
32768 2 0.826850690087829
32768 8 0.79297365119197
13777.2468675169 0.840896415253715 0.811794228356336
13777.2468675169 1 0.829360100376412
13777.2468675169 1.18920711500272 0.813048933500627
13777.2468675169 1.4142135623731 0.814303638644918
13777.2468675169 1.68179283050743 0.841907151819322
13777.2468675169 2 0.80426599749059
13777.2468675169 2.37841423000544 0.829360100376412
13777.2468675169 2.82842712474619 0.806775407779172
13777.2468675169 3.36358566101486 0.809284818067754
13777.2468675169 4 0.803011292346299
13777.2468675169 4.75682846001088 0.786700125470514
16384 0.840896415253715 0.816813048933501
16384 1 0.821831869510665
16384 1.18920711500272 0.821831869510665
16384 1.4142135623731 0.819322459222083
16384 1.68179283050743 0.831869510664994
16384 2 0.821831869510665
16384 2.37841423000544 0.811794228356336
16384 2.82842712474619 0.811794228356336
16384 3.36358566101486 0.795483061480552
16384 4 0.803011292346299
16384 4.75682846001088 0.78168130489335
19483.9693722046 0.840896415253715 0.821831869510665
19483.9693722046 1 0.81555834378921
19483.9693722046 1.18920711500272 0.821831869510665
19483.9693722046 1.4142135623731 0.824341279799247
19483.9693722046 1.68179283050743 0.826850690087829
19483.9693722046 2 0.831869510664994
19483.9693722046 2.37841423000544 0.797992471769134
19483.9693722046 2.82842712474619 0.811794228356336
19483.9693722046 3.36358566101486 0.818067754077792
19483.9693722046 4 0.808030112923463
19483.9693722046 4.75682846001088 0.794228356336261
23170.4750059208 0.840896415253715 0.82810539523212
23170.4750059208 1 0.831869510664994
23170.4750059208 1.18920711500272 0.816813048933501
23170.4750059208 1.4142135623731 0.814303638644918
23170.4750059208 1.68179283050743 0.814303638644918
23170.4750059208 2 0.831869510664994
23170.4750059208 2.37841423000544 0.821831869510665
23170.4750059208 2.82842712474619 0.813048933500627
23170.4750059208 3.36358566101486 0.795483061480552
23170.4750059208 4 0.786700125470514
23170.4750059208 4.75682846001088 0.786700125470514
27554.4937350337 0.840896415253715 0.825595984943538
27554.4937350337 1 0.801756587202007
27554.4937350337 1.18920711500272 0.81555834378921
27554.4937350337 1.4142135623731 0.821831869510665
27554.4937350337 1.68179283050743 0.829360100376412
27554.4937350337 2 0.820577164366374
27554.4937350337 2.37841423000544 0.814303638644918
27554.4937350337 2.82842712474619 0.821831869510665
27554.4937350337 3.36358566101486 0.780426599749059
27554.4937350337 4 0.799247176913425
27554.4937350337 4.75682846001088 0.780426599749059
38967.9387444092 0.840896415253715 0.816813048933501
38967.9387444092 1 0.811794228356336
38967.9387444092 1.18920711500272 0.814303638644918
38967.9387444092 1.4142135623731 0.821831869510665
38967.9387444092 1.68179283050743 0.823086574654956
38967.9387444092 2 0.818067754077792
38967.9387444092 2.37841423000544 0.800501882057716
38967.9387444092 2.82842712474619 0.801756587202007
38967.9387444092 3.36358566101486 0.797992471769134
38967.9387444092 4 0.790464240903388
38967.9387444092 4.75682846001088 0.79297365119197
46340.9500118416 0.840896415253715 0.833124215809285
46340.9500118416 1 0.831869510664994
46340.9500118416 1.18920711500272 0.814303638644918
46340.9500118416 1.4142135623731 0.820577164366374
46340.9500118416 1.68179283050743 0.803011292346299
46340.9500118416 2 0.805520702634881
46340.9500118416 2.37841423000544 0.819322459222083
46340.9500118416 2.82842712474619 0.795483061480552
46340.9500118416 3.36358566101486 0.79297365119197
46340.9500118416 4 0.80426599749059
46340.9500118416 4.75682846001088 0.796737766624843
55108.9874700674 0.840896415253715 0.825595984943538
55108.9874700674 1 0.820577164366374
55108.9874700674 1.18920711500272 0.834378920953576
55108.9874700674 1.4142135623731 0.826850690087829
55108.9874700674 1.68179283050743 0.836888331242158
55108.9874700674 2 0.799247176913425
55108.9874700674 2.37841423000544 0.81555834378921
55108.9874700674 2.82842712474619 0.787954830614806
55108.9874700674 3.36358566101486 0.803011292346299
55108.9874700674 4 0.786700125470514
55108.9874700674 4.75682846001088 0.790464240903388
65536 0.840896415253715 0.811794228356336
65536 1 0.805520702634881
65536 1.18920711500272 0.814303638644918
65536 1.4142135623731 0.80426599749059
65536 1.68179283050743 0.81555834378921
65536 2 0.800501882057716
65536 2.37841423000544 0.795483061480552
65536 2.82842712474619 0.813048933500627
65536 3.36358566101486 0.801756587202007
65536 4 0.769134253450439
65536 4.75682846001088 0.776662484316186
77935.8774888183 0.840896415253715 0.820577164366374
77935.8774888183 1 0.823086574654956
77935.8774888183 1.18920711500272 0.830614805520703
77935.8774888183 1.4142135623731 0.816813048933501
77935.8774888183 1.68179283050743 0.81555834378921
77935.8774888183 2 0.80426599749059
77935.8774888183 2.37841423000544 0.811794228356336
77935.8774888183 2.82842712474619 0.801756587202007
77935.8774888183 3.36358566101486 0.790464240903388
77935.8774888183 4 0.794228356336261
77935.8774888183 4.75682846001088 0.776662484316186
