0.03125 3.0517578125E-05 0.40276035131744
0.03125 0.0001220703125 0.40276035131744
0.03125 0.00048828125 0.40276035131744
0.03125 0.001953125 0.40276035131744
0.03125 0.0078125 0.40276035131744
0.03125 0.03125 0.40276035131744
0.03125 0.125 0.40276035131744
0.03125 0.5 0.562107904642409
0.03125 2 0.572145545796738
0.03125 8 0.577164366373902
0.125 3.0517578125E-05 0.40276035131744
0.125 0.0001220703125 0.40276035131744
0.125 0.00048828125 0.40276035131744
0.125 0.001953125 0.40276035131744
0.125 0.0078125 0.40276035131744
0.125 0.03125 0.470514429109159
0.125 0.125 0.572145545796738
0.125 0.5 0.631116687578419
0.125 2 0.653701380175659
0.125 8 0.658720200752823
0.5 3.0517578125E-05 0.40276035131744
0.5 0.0001220703125 0.40276035131744
0.5 0.00048828125 0.40276035131744
0.5 0.001953125 0.40276035131744
0.5 0.0078125 0.496863237139272
0.5 0.03125 0.570890840652447
0.5 0.125 0.609786700125471
0.5 0.5 0.667503136762861
0.5 2 0.687578419071518
0.5 8 0.686323713927227
2 3.0517578125E-05 0.40276035131744
2 0.0001220703125 0.40276035131744
2 0.00048828125 0.40276035131744
2 0.001953125 0.509410288582183
2 0.0078125 0.573400250941029
2 0.03125 0.594730238393977
2 0.125 0.659974905897114
2 0.5 0.703889585947302
2 2 0.718946047678795
2 8 0.744040150564617
8 3.0517578125E-05 0.40276035131744
8 0.0001220703125 0.40276035131744
8 0.00048828125 0.504391468005019
8 0.001953125 0.573400250941029
8 0.0078125 0.614805520702635
8 0.03125 0.663739021329987
8 0.125 0.717691342534504
8 0.5 0.767879548306148
8 2 0.776662484316186
8 8 0.785445420326223
32 3.0517578125E-05 0.40276035131744
32 0.0001220703125 0.514429109159348
32 0.00048828125 0.570890840652447
32 0.001953125 0.619824341279799
32 0.0078125 0.663739021329987
32 0.03125 0.716436637390213
32 0.125 0.777917189460477
32 0.5 0.794228356336261
32 2 0.803011292346299
32 8 0.790464240903388
128 3.0517578125E-05 0.514429109159348
128 0.0001220703125 0.569636135508156
128 0.00048828125 0.613550815558344
128 0.001953125 0.668757841907152
128 0.0078125 0.695106649937265
128 0.03125 0.756587202007528
128 0.125 0.796737766624843
128 0.5 0.801756587202007
128 2 0.830614805520703
128 8 0.825595984943538
512 3.0517578125E-05 0.570890840652447
512 0.0001220703125 0.62107904642409
512 0.00048828125 0.672521957340025
512 0.001953125 0.700125470514429
512 0.0078125 0.769134253450439
512 0.03125 0.803011292346299
512 0.125 0.797992471769134
512 0.5 0.814303638644918
512 2 0.835633626097867
512 8 0.833124215809285
2048 3.0517578125E-05 0.614805520702635
2048 0.0001220703125 0.653701380175659
2048 0.00048828125 0.698870765370138
2048 0.001953125 0.767879548306148
2048 0.0078125 0.789209535759097
2048 0.03125 0.809284818067754
2048 0.125 0.801756587202007
2048 0.5 0.829360100376412
2048 2 0.854454203262233
2048 8 0.818067754077792
8192 3.0517578125E-05 0.683814303638645
8192 0.0001220703125 0.700125470514429
8192 0.00048828125 0.749058971141782
8192 0.001953125 0.787954830614806
8192 0.0078125 0.796737766624843
8192 0.03125 0.805520702634881
8192 0.125 0.835633626097867
8192 0.5 0.83939774153074
8192 2 0.840652446675031
8192 8 0.818067754077792
32768 3.0517578125E-05 0.693851944792974
32768 0.0001220703125 0.752823086574655
32768 0.00048828125 0.787954830614806
32768 0.001953125 0.808030112923463
32768 0.0078125 0.810539523212045
32768 0.03125 0.801756587202007
32768 0.125 0.82810539523212
32768 0.5 0.869510664993726
32768 2 0.841907151819322
32768 8 0.825595984943538
13777.2468675169 0.210224103813429 0.831869510664994
13777.2468675169 0.25 0.830614805520703
13777.2468675169 0.29730177875068 0.838143036386449
13777.2468675169 0.353553390593274 0.841907151819322
13777.2468675169 0.420448207626857 0.841907151819322
13777.2468675169 0.5 0.848180677540778
13777.2468675169 0.594603557501361 0.85069008782936
13777.2468675169 0.707106781186548 0.858218318695107
13777.2468675169 0.840896415253715 0.840652446675031
13777.2468675169 1 0.835633626097867
13777.2468675169 1.18920711500272 0.844416562107905
16384 0.210224103813429 0.83939774153074
16384 0.25 0.831869510664994
16384 0.29730177875068 0.841907151819322
16384 0.353553390593274 0.856963613550816
16384 0.420448207626857 0.840652446675031
16384 0.5 0.840652446675031
16384 0.594603557501361 0.859473023839398
16384 0.707106781186548 0.855708908406524
16384 0.840896415253715 0.855708908406524
16384 1 0.874529485570891
16384 1.18920711500272 0.864491844416562
19483.9693722046 0.210224103813429 0.830614805520703
19483.9693722046 0.25 0.821831869510665
19483.9693722046 0.29730177875068 0.821831869510665
19483.9693722046 0.353553390593274 0.835633626097867
19483.9693722046 0.420448207626857 0.846925972396487
19483.9693722046 0.5 0.848180677540778
19483.9693722046 0.594603557501361 0.85069008782936
19483.9693722046 0.707106781186548 0.85069008782936
19483.9693722046 0.840896415253715 0.849435382685069
19483.9693722046 1 0.845671267252196
19483.9693722046 1.18920711500272 0.856963613550816
23170.4750059208 0.210224103813429 0.834378920953576
23170.4750059208 0.25 0.835633626097867
23170.4750059208 0.29730177875068 0.838143036386449
23170.4750059208 0.353553390593274 0.833124215809285
23170.4750059208 0.420448207626857 0.851944792973651
23170.4750059208 0.5 0.851944792973651
23170.4750059208 0.594603557501361 0.853199498117942
23170.4750059208 0.707106781186548 0.867001254705144
23170.4750059208 0.840896415253715 0.85069008782936
23170.4750059208 1 0.860727728983689
23170.4750059208 1.18920711500272 0.855708908406524
27554.4937350337 0.210224103813429 0.836888331242158
27554.4937350337 0.25 0.83939774153074
27554.4937350337 0.29730177875068 0.836888331242158
27554.4937350337 0.353553390593274 0.849435382685069
27554.4937350337 0.420448207626857 0.843161856963614
27554.4937350337 0.5 0.845671267252196
27554.4937350337 0.594603557501361 0.854454203262233
27554.4937350337 0.707106781186548 0.846925972396487
27554.4937350337 0.840896415253715 0.85069008782936
27554.4937350337 1 0.86198243412798
27554.4937350337 1.18920711500272 0.867001254705144
38967.9387444092 0.210224103813429 0.840652446675031
38967.9387444092 0.25 0.835633626097867
38967.9387444092 0.29730177875068 0.841907151819322
38967.9387444092 0.353553390593274 0.840652446675031
38967.9387444092 0.420448207626857 0.856963613550816
38967.9387444092 0.5 0.863237139272271
38967.9387444092 0.594603557501361 0.867001254705144
38967.9387444092 0.707106781186548 0.86198243412798
38967.9387444092 0.840896415253715 0.851944792973651
38967.9387444092 1 0.867001254705144
38967.9387444092 1.18920711500272 0.85069008782936
46340.9500118416 0.210224103813429 0.840652446675031
46340.9500118416 0.25 0.841907151819322
46340.9500118416 0.29730177875068 0.844416562107905
46340.9500118416 0.353553390593274 0.849435382685069
46340.9500118416 0.420448207626857 0.858218318695107
46340.9500118416 0.5 0.878293601003764
46340.9500118416 0.594603557501361 0.867001254705144
46340.9500118416 0.707106781186548 0.868255959849435
46340.9500118416 0.840896415253715 0.846925972396487
46340.9500118416 1 0.863237139272271
46340.9500118416 1.18920711500272 0.846925972396487
55108.9874700674 0.210224103813429 0.838143036386449
55108.9874700674 0.25 0.851944792973651
55108.9874700674 0.29730177875068 0.840652446675031
55108.9874700674 0.353553390593274 0.85069008782936
55108.9874700674 0.420448207626857 0.865746549560853
55108.9874700674 0.5 0.858218318695107
55108.9874700674 0.594603557501361 0.855708908406524
55108.9874700674 0.707106781186548 0.855708908406524
55108.9874700674 0.840896415253715 0.860727728983689
55108.9874700674 1 0.838143036386449
55108.9874700674 1.18920711500272 0.845671267252196
65536 0.210224103813429 0.844416562107905
65536 0.25 0.843161856963614
65536 0.29730177875068 0.838143036386449
65536 0.353553390593274 0.863237139272271
65536 0.420448207626857 0.864491844416562
65536 0.5 0.86198243412798
65536 0.594603557501361 0.856963613550816
65536 0.707106781186548 0.848180677540778
65536 0.840896415253715 0.854454203262233
65536 1 0.838143036386449
65536 1.18920711500272 0.856963613550816
77935.8774888183 0.210224103813429 0.841907151819322
77935.8774888183 0.25 0.843161856963614
77935.8774888183 0.29730177875068 0.853199498117942
77935.8774888183 0.353553390593274 0.853199498117942
77935.8774888183 0.420448207626857 0.859473023839398
77935.8774888183 0.5 0.872020075282309
77935.8774888183 0.594603557501361 0.864491844416562
77935.8774888183 0.707106781186548 0.860727728983689
77935.8774888183 0.840896415253715 0.849435382685069
77935.8774888183 1 0.845671267252196
77935.8774888183 1.18920711500272 0.840652446675031
