0.03125 3.0517578125E-05 0.457967377666248
0.03125 0.0001220703125 0.457967377666248
0.03125 0.00048828125 0.457967377666248
0.03125 0.001953125 0.457967377666248
0.03125 0.0078125 0.457967377666248
0.03125 0.03125 0.457967377666248
0.03125 0.125 0.457967377666248
0.03125 0.5 0.457967377666248
0.03125 2 0.535759096612296
0.03125 8 0.460476787954831
0.125 3.0517578125E-05 0.457967377666248
0.125 0.0001220703125 0.457967377666248
0.125 0.00048828125 0.457967377666248
0.125 0.001953125 0.457967377666248
0.125 0.0078125 0.457967377666248
0.125 0.03125 0.457967377666248
0.125 0.125 0.45922208281054
0.125 0.5 0.609786700125471
0.125 2 0.641154328732748
0.125 8 0.646173149309912
0.5 3.0517578125E-05 0.457967377666248
0.5 0.0001220703125 0.457967377666248
0.5 0.00048828125 0.457967377666248
0.5 0.001953125 0.457967377666248
0.5 0.0078125 0.457967377666248
0.5 0.03125 0.464240903387704
0.5 0.125 0.587202007528231
0.5 0.5 0.639899623588457
0.5 2 0.646173149309912
0.5 8 0.667503136762861
2 3.0517578125E-05 0.457967377666248
2 0.0001220703125 0.457967377666248
2 0.00048828125 0.457967377666248
2 0.001953125 0.457967377666248
2 0.0078125 0.464240903387704
2 0.03125 0.578419071518193
2 0.125 0.647427854454203
2 0.5 0.670012547051443
2 2 0.670012547051443
2 8 0.731493099121706
8 3.0517578125E-05 0.457967377666248
8 0.0001220703125 0.457967377666248
8 0.00048828125 0.457967377666248
8 0.001953125 0.473023839397742
8 0.0078125 0.573400250941029
8 0.03125 0.63237139272271
8 0.125 0.676286072772898
8 0.5 0.706398996235885
8 2 0.747804265997491
8 8 0.767879548306148
32 3.0517578125E-05 0.457967377666248
32 0.0001220703125 0.457967377666248
32 0.00048828125 0.47176913425345
32 0.001953125 0.570890840652447
32 0.0078125 0.633626097867001
32 0.03125 0.672521957340025
32 0.125 0.70138017565872
32 0.5 0.734002509410289
32 2 0.756587202007528
32 8 0.779171894604768
128 3.0517578125E-05 0.457967377666248
128 0.0001220703125 0.486825595984944
128 0.00048828125 0.575909661229611
128 0.001953125 0.633626097867001
128 0.0078125 0.671267252195734
128 0.03125 0.710163111668758
128 0.125 0.722710163111669
128 0.5 0.755332496863237
128 2 0.777917189460477
128 8 0.756587202007528
512 3.0517578125E-05 0.488080301129235
512 0.0001220703125 0.58594730238394
512 0.00048828125 0.627352572145546
512 0.001953125 0.672521957340025
512 0.0078125 0.711417816813049
512 0.03125 0.734002509410289
512 0.125 0.755332496863237
512 0.5 0.774153074027603
512 2 0.801756587202007
512 8 0.767879548306148
2048 3.0517578125E-05 0.557089084065245
2048 0.0001220703125 0.626097867001255
2048 0.00048828125 0.680050188205772
2048 0.001953125 0.695106649937265
2048 0.0078125 0.730238393977415
2048 0.03125 0.740276035131744
2048 0.125 0.77038895859473
2048 0.5 0.797992471769134
2048 2 0.818067754077792
2048 8 0.796737766624843
8192 3.0517578125E-05 0.629861982434128
8192 0.0001220703125 0.667503136762861
8192 0.00048828125 0.706398996235885
8192 0.001953125 0.73525721455458
8192 0.0078125 0.734002509410289
8192 0.03125 0.756587202007528
8192 0.125 0.756587202007528
8192 0.5 0.805520702634881
8192 2 0.790464240903388
8192 8 0.772898368883312
32768 3.0517578125E-05 0.680050188205772
32768 0.0001220703125 0.706398996235885
32768 0.00048828125 0.734002509410289
32768 0.001953125 0.742785445420326
32768 0.0078125 0.749058971141782
32768 0.03125 0.761606022584693
32768 0.125 0.777917189460477
32768 0.5 0.818067754077792
32768 2 0.777917189460477
32768 8 0.760351317440402
861.077929219804 0.840896415253715 0.789209535759097
861.077929219804 1 0.800501882057716
861.077929219804 1.18920711500272 0.805520702634881
861.077929219804 1.4142135623731 0.80426599749059
861.077929219804 1.68179283050743 0.810539523212045
861.077929219804 2 0.80426599749059
861.077929219804 2.37841423000544 0.800501882057716
861.077929219804 2.82842712474619 0.805520702634881
861.077929219804 3.36358566101486 0.811794228356336
861.077929219804 4 0.805520702634881
861.077929219804 4.75682846001088 0.806775407779172
1024 0.840896415253715 0.80426599749059
1024 1 0.79297365119197
1024 1.18920711500272 0.79297365119197
1024 1.4142135623731 0.808030112923463
1024 1.68179283050743 0.790464240903388
1024 2 0.803011292346299
1024 2.37841423000544 0.800501882057716
1024 2.82842712474619 0.803011292346299
1024 3.36358566101486 0.799247176913425
1024 4 0.78168130489335
1024 4.75682846001088 0.796737766624843
1217.74808576279 0.840896415253715 0.79297365119197
1217.74808576279 1 0.782936010037641
1217.74808576279 1.18920711500272 0.794228356336261
1217.74808576279 1.4142135623731 0.820577164366374
1217.74808576279 1.68179283050743 0.797992471769134
1217.74808576279 2 0.803011292346299
1217.74808576279 2.37841423000544 0.808030112923463
1217.74808576279 2.82842712474619 0.795483061480552
1217.74808576279 3.36358566101486 0.813048933500627
1217.74808576279 4 0.809284818067754
1217.74808576279 4.75682846001088 0.791718946047679
1448.15468787005 0.840896415253715 0.796737766624843
1448.15468787005 1 0.794228356336261
1448.15468787005 1.18920711500272 0.801756587202007
1448.15468787005 1.4142135623731 0.809284818067754
1448.15468787005 1.68179283050743 0.816813048933501
1448.15468787005 2 0.800501882057716
1448.15468787005 2.37841423000544 0.803011292346299
1448.15468787005 2.82842712474619 0.811794228356336
1448.15468787005 3.36358566101486 0.791718946047679
1448.15468787005 4 0.805520702634881
1448.15468787005 4.75682846001088 0.774153074027603
1722.15585843961 0.840896415253715 0.810539523212045
1722.15585843961 1 0.795483061480552
1722.15585843961 1.18920711500272 0.803011292346299
1722.15585843961 1.4142135623731 0.808030112923463
1722.15585843961 1.68179283050743 0.813048933500627
1722.15585843961 2 0.800501882057716
1722.15585843961 2.37841423000544 0.796737766624843
1722.15585843961 2.82842712474619 0.791718946047679
1722.15585843961 3.36358566101486 0.82810539523212
1722.15585843961 4 0.79297365119197
1722.15585843961 4.75682846001088 0.777917189460477
2435.49617152557 0.840896415253715 0.797992471769134
2435.49617152557 1 0.801756587202007
2435.49617152557 1.18920711500272 0.806775407779172
2435.49617152557 1.4142135623731 0.80426599749059
2435.49617152557 1.68179283050743 0.81555834378921
2435.49617152557 2 0.789209535759097
2435.49617152557 2.37841423000544 0.816813048933501
2435.49617152557 2.82842712474619 0.797992471769134
2435.49617152557 3.36358566101486 0.799247176913425
2435.49617152557 4 0.790464240903388
2435.49617152557 4.75682846001088 0.776662484316186
2896.3093757401 0.840896415253715 0.791718946047679
2896.3093757401 1 0.813048933500627
2896.3093757401 1.18920711500272 0.816813048933501
2896.3093757401 1.4142135623731 0.816813048933501
2896.3093757401 1.68179283050743 0.806775407779172
2896.3093757401 2 0.808030112923463
2896.3093757401 2.37841423000544 0.826850690087829
2896.3093757401 2.82842712474619 0.810539523212045
2896.3093757401 3.36358566101486 0.787954830614806
2896.3093757401 4 0.791718946047679
2896.3093757401 4.75682846001088 0.765370138017566
3444.31171687921 0.840896415253715 0.809284818067754
3444.31171687921 1 0.805520702634881
3444.31171687921 1.18920711500272 0.819322459222083
3444.31171687921 1.4142135623731 0.813048933500627
3444.31171687921 1.68179283050743 0.791718946047679
3444.31171687921 2 0.794228356336261
3444.31171687921 2.37841423000544 0.831869510664994
3444.31171687921 2.82842712474619 0.80426599749059
3444.31171687921 3.36358566101486 0.789209535759097
3444.31171687921 4 0.787954830614806
3444.31171687921 4.75682846001088 0.79297365119197
4096 0.840896415253715 0.813048933500627
4096 1 0.800501882057716
4096 1.18920711500272 0.818067754077792
4096 1.4142135623731 0.811794228356336
4096 1.68179283050743 0.808030112923463
4096 2 0.816813048933501
4096 2.37841423000544 0.808030112923463
4096 2.82842712474619 0.789209535759097
4096 3.36358566101486 0.797992471769134
4096 4 0.787954830614806
4096 4.75682846001088 0.787954830614806
4870.99234305115 0.840896415253715 0.808030112923463
4870.99234305115 1 0.805520702634881
4870.99234305115 1.18920711500272 0.821831869510665
4870.99234305115 1.4142135623731 0.818067754077792
4870.99234305115 1.68179283050743 0.825595984943538
4870.99234305115 2 0.803011292346299
4870.99234305115 2.37841423000544 0.823086574654956
4870.99234305115 2.82842712474619 0.803011292346299
4870.99234305115 3.36358566101486 0.794228356336261
4870.99234305115 4 0.799247176913425
4870.99234305115 4.75682846001088 0.814303638644918
