0.03125 3.0517578125E-05 0.501882057716437
0.03125 0.0001220703125 0.501882057716437
0.03125 0.00048828125 0.501882057716437
0.03125 0.001953125 0.501882057716437
0.03125 0.0078125 0.501882057716437
0.03125 0.03125 0.501882057716437
0.03125 0.125 0.501882057716437
0.03125 0.5 0.501882057716437
0.03125 2 0.501882057716437
0.03125 8 0.501882057716437
0.125 3.0517578125E-05 0.501882057716437
0.125 0.0001220703125 0.501882057716437
0.125 0.00048828125 0.501882057716437
0.125 0.001953125 0.501882057716437
0.125 0.0078125 0.501882057716437
0.125 0.03125 0.501882057716437
0.125 0.125 0.501882057716437
0.125 0.5 0.509410288582183
0.125 2 0.554579673776663
0.125 8 0.543287327478043
0.5 3.0517578125E-05 0.501882057716437
0.5 0.0001220703125 0.501882057716437
0.5 0.00048828125 0.501882057716437
0.5 0.001953125 0.501882057716437
0.5 0.0078125 0.501882057716437
0.5 0.03125 0.501882057716437
0.5 0.125 0.510664993726474
0.5 0.5 0.559598494353827
0.5 2 0.582183186951067
0.5 8 0.627352572145546
2 3.0517578125E-05 0.501882057716437
2 0.0001220703125 0.501882057716437
2 0.00048828125 0.501882057716437
2 0.001953125 0.501882057716437
2 0.0078125 0.501882057716437
2 0.03125 0.501882057716437
2 0.125 0.558343789209536
2 0.5 0.606022584692597
2 2 0.657465495608532
2 8 0.705144291091593
8 3.0517578125E-05 0.501882057716437
8 0.0001220703125 0.501882057716437
8 0.00048828125 0.501882057716437
8 0.001953125 0.501882057716437
8 0.0078125 0.52823086574655
8 0.03125 0.568381430363864
8 0.125 0.608531994981179
8 0.5 0.65495608531995
8 2 0.716436637390213
8 8 0.749058971141782
32 3.0517578125E-05 0.501882057716437
32 0.0001220703125 0.501882057716437
32 0.00048828125 0.501882057716437
32 0.001953125 0.529485570890841
32 0.0078125 0.570890840652447
32 0.03125 0.607277289836888
32 0.125 0.653701380175659
32 0.5 0.716436637390213
32 2 0.769134253450439
32 8 0.762860727728984
128 3.0517578125E-05 0.501882057716437
128 0.0001220703125 0.501882057716437
128 0.00048828125 0.509410288582183
128 0.001953125 0.57465495608532
128 0.0078125 0.613550815558344
128 0.03125 0.639899623588457
128 0.125 0.692597239648683
128 0.5 0.756587202007528
128 2 0.790464240903388
128 8 0.786700125470514
512 3.0517578125E-05 0.501882057716437
512 0.0001220703125 0.530740276035132
512 0.00048828125 0.590966122961104
512 0.001953125 0.612296110414053
512 0.0078125 0.634880803011292
512 0.03125 0.688833124215809
512 0.125 0.707653701380176
512 0.5 0.771643663739021
512 2 0.786700125470514
512 8 0.756587202007528
2048 3.0517578125E-05 0.518193224592221
2048 0.0001220703125 0.583437892095358
2048 0.00048828125 0.607277289836888
2048 0.001953125 0.63237139272271
2048 0.0078125 0.678795483061481
2048 0.03125 0.706398996235885
2048 0.125 0.757841907151819
2048 0.5 0.769134253450439
2048 2 0.796737766624843
2048 8 0.744040150564617
8192 3.0517578125E-05 0.578419071518193
8192 0.0001220703125 0.612296110414053
8192 0.00048828125 0.63237139272271
8192 0.001953125 0.681304893350063
8192 0.0078125 0.716436637390213
8192 0.03125 0.747804265997491
8192 0.125 0.776662484316186
8192 0.5 0.803011292346299
8192 2 0.79297365119197
8192 8 0.75909661229611
32768 3.0517578125E-05 0.608531994981179
32768 0.0001220703125 0.631116687578419
32768 0.00048828125 0.682559598494354
32768 0.001953125 0.706398996235885
32768 0.0078125 0.742785445420326
32768 0.03125 0.761606022584693
32768 0.125 0.780426599749059
32768 0.5 0.818067754077792
32768 2 0.769134253450439
32768 8 0.740276035131744
13777.2468675169 0.210224103813429 0.786700125470514
13777.2468675169 0.25 0.791718946047679
13777.2468675169 0.29730177875068 0.806775407779172
13777.2468675169 0.353553390593274 0.811794228356336
13777.2468675169 0.420448207626857 0.803011292346299
13777.2468675169 0.5 0.80426599749059
13777.2468675169 0.594603557501361 0.801756587202007
13777.2468675169 0.707106781186548 0.801756587202007
13777.2468675169 0.840896415253715 0.825595984943538
13777.2468675169 1 0.801756587202007
13777.2468675169 1.18920711500272 0.786700125470514
16384 0.210224103813429 0.785445420326223
16384 0.25 0.790464240903388
16384 0.29730177875068 0.799247176913425
16384 0.353553390593274 0.789209535759097
16384 0.420448207626857 0.814303638644918
16384 0.5 0.818067754077792
16384 0.594603557501361 0.813048933500627
16384 0.707106781186548 0.796737766624843
16384 0.840896415253715 0.811794228356336
16384 1 0.796737766624843
16384 1.18920711500272 0.785445420326223
19483.9693722046 0.210224103813429 0.799247176913425
19483.9693722046 0.25 0.794228356336261
19483.9693722046 0.29730177875068 0.810539523212045
19483.9693722046 0.353553390593274 0.80426599749059
19483.9693722046 0.420448207626857 0.797992471769134
19483.9693722046 0.5 0.818067754077792
19483.9693722046 0.594603557501361 0.810539523212045
19483.9693722046 0.707106781186548 0.818067754077792
19483.9693722046 0.840896415253715 0.81555834378921
19483.9693722046 1 0.809284818067754
19483.9693722046 1.18920711500272 0.787954830614806
23170.4750059208 0.210224103813429 0.786700125470514
23170.4750059208 0.25 0.803011292346299
23170.4750059208 0.29730177875068 0.808030112923463
23170.4750059208 0.353553390593274 0.809284818067754
23170.4750059208 0.420448207626857 0.810539523212045
23170.4750059208 0.5 0.806775407779172
23170.4750059208 0.594603557501361 0.806775407779172
23170.4750059208 0.707106781186548 0.809284818067754
23170.4750059208 0.840896415253715 0.800501882057716
23170.4750059208 1 0.799247176913425
23170.4750059208 1.18920711500272 0.796737766624843
27554.4937350337 0.210224103813429 0.794228356336261
27554.4937350337 0.25 0.800501882057716
27554.4937350337 0.29730177875068 0.81555834378921
27554.4937350337 0.353553390593274 0.816813048933501
27554.4937350337 0.420448207626857 0.806775407779172
27554.4937350337 0.5 0.814303638644918
27554.4937350337 0.594603557501361 0.794228356336261
27554.4937350337 0.707106781186548 0.795483061480552
27554.4937350337 0.840896415253715 0.80426599749059
27554.4937350337 1 0.808030112923463
27554.4937350337 1.18920711500272 0.791718946047679
38967.9387444092 0.210224103813429 0.796737766624843
38967.9387444092 0.25 0.80426599749059
38967.9387444092 0.29730177875068 0.813048933500627
38967.9387444092 0.353553390593274 0.809284818067754
38967.9387444092 0.420448207626857 0.820577164366374
38967.9387444092 0.5 0.810539523212045
38967.9387444092 0.594603557501361 0.803011292346299
38967.9387444092 0.707106781186548 0.801756587202007
38967.9387444092 0.840896415253715 0.799247176913425
38967.9387444092 1 0.790464240903388
38967.9387444092 1.18920711500272 0.795483061480552
46340.9500118416 0.210224103813429 0.806775407779172
46340.9500118416 0.25 0.799247176913425
46340.9500118416 0.29730177875068 0.820577164366374
46340.9500118416 0.353553390593274 0.816813048933501
46340.9500118416 0.420448207626857 0.810539523212045
46340.9500118416 0.5 0.810539523212045
46340.9500118416 0.594603557501361 0.79297365119197
46340.9500118416 0.707106781186548 0.806775407779172
46340.9500118416 0.840896415253715 0.820577164366374
46340.9500118416 1 0.797992471769134
46340.9500118416 1.18920711500272 0.784190715181932
55108.9874700674 0.210224103813429 0.790464240903388
55108.9874700674 0.25 0.819322459222083
55108.9874700674 0.29730177875068 0.809284818067754
55108.9874700674 0.353553390593274 0.81555834378921
55108.9874700674 0.420448207626857 0.819322459222083
55108.9874700674 0.5 0.805520702634881
55108.9874700674 0.594603557501361 0.782936010037641
55108.9874700674 0.707106781186548 0.800501882057716
55108.9874700674 0.840896415253715 0.808030112923463
55108.9874700674 1 0.79297365119197
55108.9874700674 1.18920711500272 0.787954830614806
65536 0.210224103813429 0.805520702634881
65536 0.25 0.824341279799247
65536 0.29730177875068 0.814303638644918
65536 0.353553390593274 0.796737766624843
65536 0.420448207626857 0.823086574654956
65536 0.5 0.803011292346299
65536 0.594603557501361 0.814303638644918
65536 0.707106781186548 0.810539523212045
65536 0.840896415253715 0.800501882057716
65536 1 0.811794228356336
65536 1.18920711500272 0.787954830614806
77935.8774888183 0.210224103813429 0.791718946047679
77935.8774888183 0.25 0.814303638644918
77935.8774888183 0.29730177875068 0.810539523212045
77935.8774888183 0.353553390593274 0.806775407779172
77935.8774888183 0.420448207626857 0.809284818067754
77935.8774888183 0.5 0.820577164366374
77935.8774888183 0.594603557501361 0.816813048933501
77935.8774888183 0.707106781186548 0.79297365119197
77935.8774888183 0.840896415253715 0.80426599749059
77935.8774888183 1 0.791718946047679
77935.8774888183 1.18920711500272 0.803011292346299
