0.03125 3.0517578125E-05 0.602258469259724
0.03125 0.0001220703125 0.602258469259724
0.03125 0.00048828125 0.602258469259724
0.03125 0.001953125 0.602258469259724
0.03125 0.0078125 0.602258469259724
0.03125 0.03125 0.602258469259724
0.03125 0.125 0.602258469259724
0.03125 0.5 0.602258469259724
0.03125 2 0.602258469259724
0.03125 8 0.602258469259724
0.125 3.0517578125E-05 0.602258469259724
0.125 0.0001220703125 0.602258469259724
0.125 0.00048828125 0.602258469259724
0.125 0.001953125 0.602258469259724
0.125 0.0078125 0.602258469259724
0.125 0.03125 0.602258469259724
0.125 0.125 0.602258469259724
0.125 0.5 0.602258469259724
0.125 2 0.602258469259724
0.125 8 0.664993726474279
0.5 3.0517578125E-05 0.602258469259724
0.5 0.0001220703125 0.602258469259724
0.5 0.00048828125 0.602258469259724
0.5 0.001953125 0.602258469259724
0.5 0.0078125 0.602258469259724
0.5 0.03125 0.602258469259724
0.5 0.125 0.602258469259724
0.5 0.5 0.612296110414053
0.5 2 0.71267252195734
0.5 8 0.725219573400251
2 3.0517578125E-05 0.602258469259724
2 0.0001220703125 0.602258469259724
2 0.00048828125 0.602258469259724
2 0.001953125 0.602258469259724
2 0.0078125 0.602258469259724
2 0.03125 0.602258469259724
2 0.125 0.609786700125471
2 0.5 0.717691342534504
2 2 0.737766624843162
2 8 0.736511919698871
8 3.0517578125E-05 0.602258469259724
8 0.0001220703125 0.602258469259724
8 0.00048828125 0.602258469259724
8 0.001953125 0.602258469259724
8 0.0078125 0.602258469259724
8 0.03125 0.604767879548306
8 0.125 0.708908406524467
8 0.5 0.744040150564617
8 2 0.754077791718946
8 8 0.755332496863237
32 3.0517578125E-05 0.602258469259724
32 0.0001220703125 0.602258469259724
32 0.00048828125 0.602258469259724
32 0.001953125 0.602258469259724
32 0.0078125 0.604767879548306
32 0.03125 0.703889585947302
32 0.125 0.746549560853199
32 0.5 0.745294855708908
32 2 0.754077791718946
32 8 0.775407779171895
128 3.0517578125E-05 0.602258469259724
128 0.0001220703125 0.602258469259724
128 0.00048828125 0.602258469259724
128 0.001953125 0.603513174404015
128 0.0078125 0.707653701380176
128 0.03125 0.740276035131744
128 0.125 0.757841907151819
128 0.5 0.75909661229611
128 2 0.794228356336261
128 8 0.775407779171895
512 3.0517578125E-05 0.602258469259724
512 0.0001220703125 0.602258469259724
512 0.00048828125 0.603513174404015
512 0.001953125 0.708908406524467
512 0.0078125 0.742785445420326
512 0.03125 0.755332496863237
512 0.125 0.751568381430364
512 0.5 0.767879548306148
512 2 0.816813048933501
512 8 0.800501882057716
2048 3.0517578125E-05 0.602258469259724
2048 0.0001220703125 0.602258469259724
2048 0.00048828125 0.705144291091593
2048 0.001953125 0.737766624843162
2048 0.0078125 0.746549560853199
2048 0.03125 0.755332496863237
2048 0.125 0.754077791718946
2048 0.5 0.806775407779172
2048 2 0.810539523212045
2048 8 0.787954830614806
8192 3.0517578125E-05 0.602258469259724
8192 0.0001220703125 0.702634880803011
8192 0.00048828125 0.741530740276035
8192 0.001953125 0.742785445420326
8192 0.0078125 0.741530740276035
8192 0.03125 0.752823086574655
8192 0.125 0.79297365119197
8192 0.5 0.801756587202007
8192 2 0.831869510664994
8192 8 0.791718946047679
32768 3.0517578125E-05 0.708908406524467
32768 0.0001220703125 0.742785445420326
32768 0.00048828125 0.745294855708908
32768 0.001953125 0.755332496863237
32768 0.0078125 0.77038895859473
32768 0.03125 0.769134253450439
32768 0.125 0.79297365119197
32768 0.5 0.836888331242158
32768 2 0.818067754077792
32768 8 0.772898368883312
13777.2468675169 0.210224103813429 0.784190715181932
13777.2468675169 0.25 0.799247176913425
13777.2468675169 0.29730177875068 0.797992471769134
13777.2468675169 0.353553390593274 0.818067754077792
13777.2468675169 0.420448207626857 0.810539523212045
13777.2468675169 0.5 0.831869510664994
13777.2468675169 0.594603557501361 0.836888331242158
13777.2468675169 0.707106781186548 0.819322459222083
13777.2468675169 0.840896415253715 0.806775407779172
13777.2468675169 1 0.811794228356336
13777.2468675169 1.18920711500272 0.813048933500627
16384 0.210224103813429 0.797992471769134
16384 0.25 0.800501882057716
16384 0.29730177875068 0.797992471769134
16384 0.353553390593274 0.805520702634881
16384 0.420448207626857 0.829360100376412
16384 0.5 0.819322459222083
16384 0.594603557501361 0.816813048933501
16384 0.707106781186548 0.821831869510665
16384 0.840896415253715 0.821831869510665
16384 1 0.813048933500627
16384 1.18920711500272 0.825595984943538
19483.9693722046 0.210224103813429 0.801756587202007
19483.9693722046 0.25 0.795483061480552
19483.9693722046 0.29730177875068 0.810539523212045
19483.9693722046 0.353553390593274 0.816813048933501
19483.9693722046 0.420448207626857 0.820577164366374
19483.9693722046 0.5 0.805520702634881
19483.9693722046 0.594603557501361 0.825595984943538
19483.9693722046 0.707106781186548 0.821831869510665
19483.9693722046 0.840896415253715 0.819322459222083
19483.9693722046 1 0.820577164366374
19483.9693722046 1.18920711500272 0.813048933500627
23170.4750059208 0.210224103813429 0.809284818067754
23170.4750059208 0.25 0.803011292346299
23170.4750059208 0.29730177875068 0.799247176913425
23170.4750059208 0.353553390593274 0.814303638644918
23170.4750059208 0.420448207626857 0.811794228356336
23170.4750059208 0.5 0.821831869510665
23170.4750059208 0.594603557501361 0.819322459222083
23170.4750059208 0.707106781186548 0.806775407779172
23170.4750059208 0.840896415253715 0.806775407779172
23170.4750059208 1 0.835633626097867
23170.4750059208 1.18920711500272 0.833124215809285
27554.4937350337 0.210224103813429 0.809284818067754
27554.4937350337 0.25 0.819322459222083
27554.4937350337 0.29730177875068 0.808030112923463
27554.4937350337 0.353553390593274 0.823086574654956
27554.4937350337 0.420448207626857 0.829360100376412
27554.4937350337 0.5 0.824341279799247
27554.4937350337 0.594603557501361 0.808030112923463
27554.4937350337 0.707106781186548 0.809284818067754
27554.4937350337 0.840896415253715 0.816813048933501
27554.4937350337 1 0.814303638644918
27554.4937350337 1.18920711500272 0.801756587202007
38967.9387444092 0.210224103813429 0.811794228356336
38967.9387444092 0.25 0.79297365119197
38967.9387444092 0.29730177875068 0.826850690087829
38967.9387444092 0.353553390593274 0.831869510664994
38967.9387444092 0.420448207626857 0.81555834378921
38967.9387444092 0.5 0.810539523212045
38967.9387444092 0.594603557501361 0.801756587202007
38967.9387444092 0.707106781186548 0.809284818067754
38967.9387444092 0.840896415253715 0.808030112923463
38967.9387444092 1 0.821831869510665
38967.9387444092 1.18920711500272 0.826850690087829
46340.9500118416 0.210224103813429 0.816813048933501
46340.9500118416 0.25 0.813048933500627
46340.9500118416 0.29730177875068 0.80426599749059
46340.9500118416 0.353553390593274 0.808030112923463
46340.9500118416 0.420448207626857 0.800501882057716
46340.9500118416 0.5 0.813048933500627
46340.9500118416 0.594603557501361 0.801756587202007
46340.9500118416 0.707106781186548 0.816813048933501
46340.9500118416 0.840896415253715 0.821831869510665
46340.9500118416 1 0.810539523212045
46340.9500118416 1.18920711500272 0.826850690087829
55108.9874700674 0.210224103813429 0.814303638644918
55108.9874700674 0.25 0.809284818067754
55108.9874700674 0.29730177875068 0.819322459222083
55108.9874700674 0.353553390593274 0.830614805520703
55108.9874700674 0.420448207626857 0.824341279799247
55108.9874700674 0.5 0.830614805520703
55108.9874700674 0.594603557501361 0.806775407779172
55108.9874700674 0.707106781186548 0.819322459222083
55108.9874700674 0.840896415253715 0.820577164366374
55108.9874700674 1 0.810539523212045
55108.9874700674 1.18920711500272 0.816813048933501
65536 0.210224103813429 0.805520702634881
65536 0.25 0.809284818067754
65536 0.29730177875068 0.818067754077792
65536 0.353553390593274 0.813048933500627
65536 0.420448207626857 0.81555834378921
65536 0.5 0.808030112923463
65536 0.594603557501361 0.811794228356336
65536 0.707106781186548 0.810539523212045
65536 0.840896415253715 0.824341279799247
65536 1 0.83939774153074
65536 1.18920711500272 0.80426599749059
77935.8774888183 0.210224103813429 0.81555834378921
77935.8774888183 0.25 0.819322459222083
77935.8774888183 0.29730177875068 0.821831869510665
77935.8774888183 0.353553390593274 0.813048933500627
77935.8774888183 0.420448207626857 0.821831869510665
77935.8774888183 0.5 0.814303638644918
77935.8774888183 0.594603557501361 0.803011292346299
77935.8774888183 0.707106781186548 0.803011292346299
77935.8774888183 0.840896415253715 0.819322459222083
77935.8774888183 1 0.821831869510665
77935.8774888183 1.18920711500272 0.818067754077792
