0.03125 3.0517578125E-05 0.40276035131744
0.03125 0.0001220703125 0.40276035131744
0.03125 0.00048828125 0.40276035131744
0.03125 0.001953125 0.40276035131744
0.03125 0.0078125 0.40276035131744
0.03125 0.03125 0.40276035131744
0.03125 0.125 0.40276035131744
0.03125 0.5 0.5633626097867
0.03125 2 0.569636135508156
0.03125 8 0.583437892095358
0.125 3.0517578125E-05 0.40276035131744
0.125 0.0001220703125 0.40276035131744
0.125 0.00048828125 0.40276035131744
0.125 0.001953125 0.40276035131744
0.125 0.0078125 0.40276035131744
0.125 0.03125 0.485570890840652
0.125 0.125 0.570890840652447
0.125 0.5 0.631116687578419
0.125 2 0.658720200752823
0.125 8 0.659974905897114
0.5 3.0517578125E-05 0.40276035131744
0.5 0.0001220703125 0.40276035131744
0.5 0.00048828125 0.40276035131744
0.5 0.001953125 0.40276035131744
0.5 0.0078125 0.501882057716437
0.5 0.03125 0.573400250941029
0.5 0.125 0.628607277289837
0.5 0.5 0.672521957340025
0.5 2 0.681304893350063
0.5 8 0.683814303638645
2 3.0517578125E-05 0.40276035131744
2 0.0001220703125 0.40276035131744
2 0.00048828125 0.40276035131744
2 0.001953125 0.503136762860728
2 0.0078125 0.569636135508156
2 0.03125 0.614805520702635
2 0.125 0.664993726474279
2 0.5 0.706398996235885
2 2 0.707653701380176
2 8 0.757841907151819
8 3.0517578125E-05 0.40276035131744
8 0.0001220703125 0.40276035131744
8 0.00048828125 0.510664993726474
8 0.001953125 0.570890840652447
8 0.0078125 0.614805520702635
8 0.03125 0.664993726474279
8 0.125 0.728983688833124
8 0.5 0.757841907151819
8 2 0.774153074027603
8 8 0.800501882057716
32 3.0517578125E-05 0.40276035131744
32 0.0001220703125 0.508155583437892
32 0.00048828125 0.569636135508156
32 0.001953125 0.608531994981179
32 0.0078125 0.664993726474279
32 0.03125 0.721455457967378
32 0.125 0.772898368883312
32 0.5 0.786700125470514
32 2 0.809284818067754
32 8 0.80426599749059
128 3.0517578125E-05 0.509410288582183
128 0.0001220703125 0.572145545796738
128 0.00048828125 0.611041405269762
128 0.001953125 0.661229611041405
128 0.0078125 0.698870765370138
128 0.03125 0.769134253450439
128 0.125 0.797992471769134
128 0.5 0.805520702634881
128 2 0.810539523212045
128 8 0.811794228356336
512 3.0517578125E-05 0.572145545796738
512 0.0001220703125 0.601003764115433
512 0.00048828125 0.667503136762861
512 0.001953125 0.698870765370138
512 0.0078125 0.762860727728984
512 0.03125 0.79297365119197
512 0.125 0.806775407779172
512 0.5 0.801756587202007
512 2 0.838143036386449
512 8 0.80426599749059
2048 3.0517578125E-05 0.616060225846926
2048 0.0001220703125 0.670012547051443
2048 0.00048828125 0.693851944792974
2048 0.001953125 0.757841907151819
2048 0.0078125 0.797992471769134
2048 0.03125 0.803011292346299
2048 0.125 0.824341279799247
2048 0.5 0.844416562107905
2048 2 0.849435382685069
2048 8 0.816813048933501
8192 3.0517578125E-05 0.667503136762861
8192 0.0001220703125 0.707653701380176
8192 0.00048828125 0.754077791718946
8192 0.001953125 0.790464240903388
8192 0.0078125 0.805520702634881
8192 0.03125 0.80426599749059
8192 0.125 0.826850690087829
8192 0.5 0.848180677540778
8192 2 0.853199498117942
8192 8 0.80426599749059
32768 3.0517578125E-05 0.695106649937265
32768 0.0001220703125 0.757841907151819
32768 0.00048828125 0.78168130489335
32768 0.001953125 0.784190715181932
32768 0.0078125 0.813048933500627
32768 0.03125 0.824341279799247
32768 0.125 0.824341279799247
32768 0.5 0.85069008782936
32768 2 0.826850690087829
32768 8 0.796737766624843
3444.31171687921 0.840896415253715 0.83939774153074
3444.31171687921 1 0.830614805520703
3444.31171687921 1.18920711500272 0.830614805520703
3444.31171687921 1.4142135623731 0.85069008782936
3444.31171687921 1.68179283050743 0.8732747804266
3444.31171687921 2 0.869510664993726
3444.31171687921 2.37841423000544 0.848180677540778
3444.31171687921 2.82842712474619 0.83939774153074
3444.31171687921 3.36358566101486 0.834378920953576
3444.31171687921 4 0.825595984943538
3444.31171687921 4.75682846001088 0.830614805520703
4096 0.840896415253715 0.844416562107905
4096 1 0.83939774153074
4096 1.18920711500272 0.855708908406524
4096 1.4142135623731 0.85069008782936
4096 1.68179283050743 0.86198243412798
4096 2 0.848180677540778
4096 2.37841423000544 0.851944792973651
4096 2.82842712474619 0.82810539523212
4096 3.36358566101486 0.836888331242158
4096 4 0.823086574654956
4096 4.75682846001088 0.820577164366374
4870.99234305115 0.840896415253715 0.83939774153074
4870.99234305115 1 0.843161856963614
4870.99234305115 1.18920711500272 0.848180677540778
4870.99234305115 1.4142135623731 0.860727728983689
4870.99234305115 1.68179283050743 0.859473023839398
4870.99234305115 2 0.855708908406524
4870.99234305115 2.37841423000544 0.83939774153074
4870.99234305115 2.82842712474619 0.848180677540778
4870.99234305115 3.36358566101486 0.840652446675031
4870.99234305115 4 0.824341279799247
4870.99234305115 4.75682846001088 0.826850690087829
5792.6187514802 0.840896415253715 0.85069008782936
5792.6187514802 1 0.858218318695107
5792.6187514802 1.18920711500272 0.858218318695107
5792.6187514802 1.4142135623731 0.859473023839398
5792.6187514802 1.68179283050743 0.848180677540778
5792.6187514802 2 0.849435382685069
5792.6187514802 2.37841423000544 0.835633626097867
5792.6187514802 2.82842712474619 0.848180677540778
5792.6187514802 3.36358566101486 0.83939774153074
5792.6187514802 4 0.81555834378921
5792.6187514802 4.75682846001088 0.81555834378921
6888.62343375843 0.840896415253715 0.848180677540778
6888.62343375843 1 0.85069008782936
6888.62343375843 1.18920711500272 0.848180677540778
6888.62343375843 1.4142135623731 0.853199498117942
6888.62343375843 1.68179283050743 0.849435382685069
6888.62343375843 2 0.848180677540778
6888.62343375843 2.37841423000544 0.83939774153074
6888.62343375843 2.82842712474619 0.82810539523212
6888.62343375843 3.36358566101486 0.826850690087829
6888.62343375843 4 0.836888331242158
6888.62343375843 4.75682846001088 0.789209535759097
9741.98468610229 0.840896415253715 0.855708908406524
9741.98468610229 1 0.863237139272271
9741.98468610229 1.18920711500272 0.845671267252196
9741.98468610229 1.4142135623731 0.848180677540778
9741.98468610229 1.68179283050743 0.854454203262233
9741.98468610229 2 0.858218318695107
9741.98468610229 2.37841423000544 0.846925972396487
9741.98468610229 2.82842712474619 0.836888331242158
9741.98468610229 3.36358566101486 0.823086574654956
9741.98468610229 4 0.79297365119197
9741.98468610229 4.75682846001088 0.823086574654956
11585.2375029604 0.840896415253715 0.834378920953576
11585.2375029604 1 0.843161856963614
11585.2375029604 1.18920711500272 0.846925972396487
11585.2375029604 1.4142135623731 0.843161856963614
11585.2375029604 1.68179283050743 0.854454203262233
11585.2375029604 2 0.856963613550816
11585.2375029604 2.37841423000544 0.838143036386449
11585.2375029604 2.82842712474619 0.854454203262233
11585.2375029604 3.36358566101486 0.836888331242158
11585.2375029604 4 0.809284818067754
11585.2375029604 4.75682846001088 0.81555834378921
13777.2468675169 0.840896415253715 0.860727728983689
13777.2468675169 1 0.860727728983689
13777.2468675169 1.18920711500272 0.874529485570891
13777.2468675169 1.4142135623731 0.867001254705144
13777.2468675169 1.68179283050743 0.86198243412798
13777.2468675169 2 0.836888331242158
13777.2468675169 2.37841423000544 0.840652446675031
13777.2468675169 2.82842712474619 0.840652446675031
13777.2468675169 3.36358566101486 0.835633626097867
13777.2468675169 4 0.818067754077792
13777.2468675169 4.75682846001088 0.816813048933501
16384 0.840896415253715 0.855708908406524
16384 1 0.853199498117942
16384 1.18920711500272 0.865746549560853
16384 1.4142135623731 0.851944792973651
16384 1.68179283050743 0.856963613550816
16384 2 0.85069008782936
16384 2.37841423000544 0.823086574654956
16384 2.82842712474619 0.825595984943538
16384 3.36358566101486 0.838143036386449
16384 4 0.813048933500627
16384 4.75682846001088 0.805520702634881
19483.9693722046 0.840896415253715 0.869510664993726
19483.9693722046 1 0.846925972396487
19483.9693722046 1.18920711500272 0.860727728983689
19483.9693722046 1.4142135623731 0.849435382685069
19483.9693722046 1.68179283050743 0.849435382685069
19483.9693722046 2 0.851944792973651
19483.9693722046 2.37841423000544 0.824341279799247
19483.9693722046 2.82842712474619 0.820577164366374
19483.9693722046 3.36358566101486 0.826850690087829
19483.9693722046 4 0.820577164366374
19483.9693722046 4.75682846001088 0.818067754077792
