0.03125 3.0517578125E-05 0.457967377666248
0.03125 0.0001220703125 0.457967377666248
0.03125 0.00048828125 0.457967377666248
0.03125 0.001953125 0.457967377666248
0.03125 0.0078125 0.457967377666248
0.03125 0.03125 0.457967377666248
0.03125 0.125 0.457967377666248
0.03125 0.5 0.457967377666248
0.03125 2 0.534504391468005
0.03125 8 0.457967377666248
0.125 3.0517578125E-05 0.457967377666248
0.125 0.0001220703125 0.457967377666248
0.125 0.00048828125 0.457967377666248
0.125 0.001953125 0.457967377666248
0.125 0.0078125 0.457967377666248
0.125 0.03125 0.457967377666248
0.125 0.125 0.457967377666248
0.125 0.5 0.612296110414053
0.125 2 0.64366373902133
0.125 8 0.648682559598494
0.5 3.0517578125E-05 0.457967377666248
0.5 0.0001220703125 0.457967377666248
0.5 0.00048828125 0.457967377666248
0.5 0.001953125 0.457967377666248
0.5 0.0078125 0.457967377666248
0.5 0.03125 0.47176913425345
0.5 0.125 0.598494353826851
0.5 0.5 0.644918444165621
0.5 2 0.649937264742785
0.5 8 0.668757841907152
2 3.0517578125E-05 0.457967377666248
2 0.0001220703125 0.457967377666248
2 0.00048828125 0.457967377666248
2 0.001953125 0.457967377666248
2 0.0078125 0.47176913425345
2 0.03125 0.579673776662484
2 0.125 0.648682559598494
2 0.5 0.656210790464241
2 2 0.675031367628607
2 8 0.727728983688833
8 3.0517578125E-05 0.457967377666248
8 0.0001220703125 0.457967377666248
8 0.00048828125 0.457967377666248
8 0.001953125 0.475533249686324
8 0.0078125 0.560853199498118
8 0.03125 0.63237139272271
8 0.125 0.680050188205772
8 0.5 0.707653701380176
8 2 0.740276035131744
8 8 0.741530740276035
32 3.0517578125E-05 0.457967377666248
32 0.0001220703125 0.457967377666248
32 0.00048828125 0.490589711417817
32 0.001953125 0.569636135508156
32 0.0078125 0.633626097867001
32 0.03125 0.676286072772898
32 0.125 0.711417816813049
32 0.5 0.736511919698871
32 2 0.756587202007528
32 8 0.760351317440402
128 3.0517578125E-05 0.457967377666248
128 0.0001220703125 0.473023839397742
128 0.00048828125 0.575909661229611
128 0.001953125 0.63237139272271
128 0.0078125 0.673776662484316
128 0.03125 0.711417816813049
128 0.125 0.730238393977415
128 0.5 0.760351317440402
128 2 0.777917189460477
128 8 0.805520702634881
512 3.0517578125E-05 0.480552070263488
512 0.0001220703125 0.575909661229611
512 0.00048828125 0.624843161856964
512 0.001953125 0.681304893350063
512 0.0078125 0.711417816813049
512 0.03125 0.731493099121706
512 0.125 0.754077791718946
512 0.5 0.766624843161857
512 2 0.784190715181932
512 8 0.776662484316186
2048 3.0517578125E-05 0.575909661229611
2048 0.0001220703125 0.63237139272271
2048 0.00048828125 0.667503136762861
2048 0.001953125 0.706398996235885
2048 0.0078125 0.732747804265998
2048 0.03125 0.741530740276035
2048 0.125 0.749058971141782
2048 0.5 0.800501882057716
2048 2 0.821831869510665
2048 8 0.774153074027603
8192 3.0517578125E-05 0.634880803011292
8192 0.0001220703125 0.680050188205772
8192 0.00048828125 0.702634880803011
8192 0.001953125 0.728983688833124
8192 0.0078125 0.746549560853199
8192 0.03125 0.750313676286073
8192 0.125 0.775407779171895
8192 0.5 0.806775407779172
8192 2 0.789209535759097
8192 8 0.771643663739021
32768 3.0517578125E-05 0.677540777917189
32768 0.0001220703125 0.70138017565872
32768 0.00048828125 0.739021329987453
32768 0.001953125 0.744040150564617
32768 0.0078125 0.745294855708908
32768 0.03125 0.77038895859473
32768 0.125 0.79297365119197
32768 0.5 0.806775407779172
32768 2 0.772898368883312
32768 8 0.775407779171895
861.077929219804 0.840896415253715 0.790464240903388
861.077929219804 1 0.800501882057716
861.077929219804 1.18920711500272 0.799247176913425
861.077929219804 1.4142135623731 0.803011292346299
861.077929219804 1.68179283050743 0.786700125470514
861.077929219804 2 0.776662484316186
861.077929219804 2.37841423000544 0.806775407779172
861.077929219804 2.82842712474619 0.810539523212045
861.077929219804 3.36358566101486 0.799247176913425
861.077929219804 4 0.808030112923463
861.077929219804 4.75682846001088 0.79297365119197
1024 0.840896415253715 0.800501882057716
1024 1 0.786700125470514
1024 1.18920711500272 0.794228356336261
1024 1.4142135623731 0.813048933500627
1024 1.68179283050743 0.780426599749059
1024 2 0.795483061480552
1024 2.37841423000544 0.811794228356336
1024 2.82842712474619 0.794228356336261
1024 3.36358566101486 0.799247176913425
1024 4 0.81555834378921
1024 4.75682846001088 0.790464240903388
1217.74808576279 0.840896415253715 0.79297365119197
1217.74808576279 1 0.790464240903388
1217.74808576279 1.18920711500272 0.80426599749059
1217.74808576279 1.4142135623731 0.79297365119197
1217.74808576279 1.68179283050743 0.803011292346299
1217.74808576279 2 0.809284818067754
1217.74808576279 2.37841423000544 0.795483061480552
1217.74808576279 2.82842712474619 0.806775407779172
1217.74808576279 3.36358566101486 0.797992471769134
1217.74808576279 4 0.801756587202007
1217.74808576279 4.75682846001088 0.777917189460477
1448.15468787005 0.840896415253715 0.784190715181932
1448.15468787005 1 0.795483061480552
1448.15468787005 1.18920711500272 0.786700125470514
1448.15468787005 1.4142135623731 0.821831869510665
1448.15468787005 1.68179283050743 0.809284818067754
1448.15468787005 2 0.811794228356336
1448.15468787005 2.37841423000544 0.809284818067754
1448.15468787005 2.82842712474619 0.82810539523212
1448.15468787005 3.36358566101486 0.799247176913425
1448.15468787005 4 0.776662484316186
1448.15468787005 4.75682846001088 0.799247176913425
1722.15585843961 0.840896415253715 0.80426599749059
1722.15585843961 1 0.794228356336261
1722.15585843961 1.18920711500272 0.830614805520703
1722.15585843961 1.4142135623731 0.81555834378921
1722.15585843961 1.68179283050743 0.789209535759097
1722.15585843961 2 0.80426599749059
1722.15585843961 2.37841423000544 0.808030112923463
1722.15585843961 2.82842712474619 0.789209535759097
1722.15585843961 3.36358566101486 0.795483061480552
1722.15585843961 4 0.791718946047679
1722.15585843961 4.75682846001088 0.799247176913425
2435.49617152557 0.840896415253715 0.819322459222083
2435.49617152557 1 0.816813048933501
2435.49617152557 1.18920711500272 0.808030112923463
2435.49617152557 1.4142135623731 0.811794228356336
2435.49617152557 1.68179283050743 0.814303638644918
2435.49617152557 2 0.801756587202007
2435.49617152557 2.37841423000544 0.826850690087829
2435.49617152557 2.82842712474619 0.800501882057716
2435.49617152557 3.36358566101486 0.806775407779172
2435.49617152557 4 0.784190715181932
2435.49617152557 4.75682846001088 0.797992471769134
2896.3093757401 0.840896415253715 0.823086574654956
2896.3093757401 1 0.811794228356336
2896.3093757401 1.18920711500272 0.821831869510665
2896.3093757401 1.4142135623731 0.797992471769134
2896.3093757401 1.68179283050743 0.809284818067754
2896.3093757401 2 0.809284818067754
2896.3093757401 2.37841423000544 0.810539523212045
2896.3093757401 2.82842712474619 0.791718946047679
2896.3093757401 3.36358566101486 0.803011292346299
2896.3093757401 4 0.771643663739021
2896.3093757401 4.75682846001088 0.77038895859473
3444.31171687921 0.840896415253715 0.810539523212045
3444.31171687921 1 0.800501882057716
3444.31171687921 1.18920711500272 0.826850690087829
3444.31171687921 1.4142135623731 0.819322459222083
3444.31171687921 1.68179283050743 0.819322459222083
3444.31171687921 2 0.821831869510665
3444.31171687921 2.37841423000544 0.824341279799247
3444.31171687921 2.82842712474619 0.797992471769134
3444.31171687921 3.36358566101486 0.777917189460477
3444.31171687921 4 0.794228356336261
3444.31171687921 4.75682846001088 0.794228356336261
4096 0.840896415253715 0.813048933500627
4096 1 0.801756587202007
4096 1.18920711500272 0.816813048933501
4096 1.4142135623731 0.819322459222083
4096 1.68179283050743 0.813048933500627
4096 2 0.816813048933501
4096 2.37841423000544 0.819322459222083
4096 2.82842712474619 0.794228356336261
4096 3.36358566101486 0.796737766624843
4096 4 0.777917189460477
4096 4.75682846001088 0.784190715181932
4870.99234305115 0.840896415253715 0.823086574654956
4870.99234305115 1 0.816813048933501
4870.99234305115 1.18920711500272 0.819322459222083
4870.99234305115 1.4142135623731 0.819322459222083
4870.99234305115 1.68179283050743 0.830614805520703
4870.99234305115 2 0.806775407779172
4870.99234305115 2.37841423000544 0.808030112923463
4870.99234305115 2.82842712474619 0.799247176913425
4870.99234305115 3.36358566101486 0.801756587202007
4870.99234305115 4 0.797992471769134
4870.99234305115 4.75682846001088 0.771643663739021
