0.03125 3.0517578125E-05 0.521957340025094
0.03125 0.0001220703125 0.521957340025094
0.03125 0.00048828125 0.521957340025094
0.03125 0.001953125 0.521957340025094
0.03125 0.0078125 0.521957340025094
0.03125 0.03125 0.521957340025094
0.03125 0.125 0.521957340025094
0.03125 0.5 0.521957340025094
0.03125 2 0.521957340025094
0.03125 8 0.521957340025094
0.125 3.0517578125E-05 0.521957340025094
0.125 0.0001220703125 0.521957340025094
0.125 0.00048828125 0.521957340025094
0.125 0.001953125 0.521957340025094
0.125 0.0078125 0.521957340025094
0.125 0.03125 0.521957340025094
0.125 0.125 0.521957340025094
0.125 0.5 0.521957340025094
0.125 2 0.557089084065245
0.125 8 0.601003764115433
0.5 3.0517578125E-05 0.521957340025094
0.5 0.0001220703125 0.521957340025094
0.5 0.00048828125 0.521957340025094
0.5 0.001953125 0.521957340025094
0.5 0.0078125 0.521957340025094
0.5 0.03125 0.521957340025094
0.5 0.125 0.521957340025094
0.5 0.5 0.555834378920954
0.5 2 0.662484316185696
0.5 8 0.702634880803011
2 3.0517578125E-05 0.521957340025094
2 0.0001220703125 0.521957340025094
2 0.00048828125 0.521957340025094
2 0.001953125 0.521957340025094
2 0.0078125 0.521957340025094
2 0.03125 0.521957340025094
2 0.125 0.545796737766625
2 0.5 0.70138017565872
2 2 0.740276035131744
2 8 0.761606022584693
8 3.0517578125E-05 0.521957340025094
8 0.0001220703125 0.521957340025094
8 0.00048828125 0.521957340025094
8 0.001953125 0.521957340025094
8 0.0078125 0.521957340025094
8 0.03125 0.558343789209536
8 0.125 0.703889585947302
8 0.5 0.757841907151819
8 2 0.779171894604768
8 8 0.784190715181932
32 3.0517578125E-05 0.521957340025094
32 0.0001220703125 0.521957340025094
32 0.00048828125 0.521957340025094
32 0.001953125 0.521957340025094
32 0.0078125 0.544542032622334
32 0.03125 0.70138017565872
32 0.125 0.756587202007528
32 0.5 0.776662484316186
32 2 0.800501882057716
32 8 0.800501882057716
128 3.0517578125E-05 0.521957340025094
128 0.0001220703125 0.521957340025094
128 0.00048828125 0.521957340025094
128 0.001953125 0.543287327478043
128 0.0078125 0.702634880803011
128 0.03125 0.757841907151819
128 0.125 0.78168130489335
128 0.5 0.79297365119197
128 2 0.830614805520703
128 8 0.81555834378921
512 3.0517578125E-05 0.521957340025094
512 0.0001220703125 0.521957340025094
512 0.00048828125 0.55207026348808
512 0.001953125 0.697616060225847
512 0.0078125 0.755332496863237
512 0.03125 0.780426599749059
512 0.125 0.806775407779172
512 0.5 0.816813048933501
512 2 0.830614805520703
512 8 0.795483061480552
2048 3.0517578125E-05 0.521957340025094
2048 0.0001220703125 0.544542032622334
2048 0.00048828125 0.683814303638645
2048 0.001953125 0.757841907151819
2048 0.0078125 0.761606022584693
2048 0.03125 0.79297365119197
2048 0.125 0.809284818067754
2048 0.5 0.824341279799247
2048 2 0.838143036386449
2048 8 0.801756587202007
8192 3.0517578125E-05 0.544542032622334
8192 0.0001220703125 0.688833124215809
8192 0.00048828125 0.75909661229611
8192 0.001953125 0.761606022584693
8192 0.0078125 0.780426599749059
8192 0.03125 0.80426599749059
8192 0.125 0.808030112923463
8192 0.5 0.830614805520703
8192 2 0.824341279799247
8192 8 0.819322459222083
32768 3.0517578125E-05 0.688833124215809
32768 0.0001220703125 0.750313676286073
32768 0.00048828125 0.755332496863237
32768 0.001953125 0.767879548306148
32768 0.0078125 0.795483061480552
32768 0.03125 0.809284818067754
32768 0.125 0.810539523212045
32768 0.5 0.835633626097867
32768 2 0.825595984943538
32768 8 0.813048933500627
861.077929219804 0.840896415253715 0.819322459222083
861.077929219804 1 0.82810539523212
861.077929219804 1.18920711500272 0.830614805520703
861.077929219804 1.4142135623731 0.836888331242158
861.077929219804 1.68179283050743 0.835633626097867
861.077929219804 2 0.831869510664994
861.077929219804 2.37841423000544 0.855708908406524
861.077929219804 2.82842712474619 0.836888331242158
861.077929219804 3.36358566101486 0.83939774153074
861.077929219804 4 0.806775407779172
861.077929219804 4.75682846001088 0.809284818067754
1024 0.840896415253715 0.81555834378921
1024 1 0.826850690087829
1024 1.18920711500272 0.820577164366374
1024 1.4142135623731 0.823086574654956
1024 1.68179283050743 0.821831869510665
1024 2 0.833124215809285
1024 2.37841423000544 0.838143036386449
1024 2.82842712474619 0.819322459222083
1024 3.36358566101486 0.816813048933501
1024 4 0.820577164366374
1024 4.75682846001088 0.799247176913425
1217.74808576279 0.840896415253715 0.821831869510665
1217.74808576279 1 0.811794228356336
1217.74808576279 1.18920711500272 0.836888331242158
1217.74808576279 1.4142135623731 0.819322459222083
1217.74808576279 1.68179283050743 0.824341279799247
1217.74808576279 2 0.818067754077792
1217.74808576279 2.37841423000544 0.830614805520703
1217.74808576279 2.82842712474619 0.849435382685069
1217.74808576279 3.36358566101486 0.831869510664994
1217.74808576279 4 0.806775407779172
1217.74808576279 4.75682846001088 0.803011292346299
1448.15468787005 0.840896415253715 0.823086574654956
1448.15468787005 1 0.826850690087829
1448.15468787005 1.18920711500272 0.82810539523212
1448.15468787005 1.4142135623731 0.816813048933501
1448.15468787005 1.68179283050743 0.821831869510665
1448.15468787005 2 0.835633626097867
1448.15468787005 2.37841423000544 0.800501882057716
1448.15468787005 2.82842712474619 0.835633626097867
1448.15468787005 3.36358566101486 0.836888331242158
1448.15468787005 4 0.821831869510665
1448.15468787005 4.75682846001088 0.80426599749059
1722.15585843961 0.840896415253715 0.833124215809285
1722.15585843961 1 0.816813048933501
1722.15585843961 1.18920711500272 0.826850690087829
1722.15585843961 1.4142135623731 0.829360100376412
1722.15585843961 1.68179283050743 0.81555834378921
1722.15585843961 2 0.838143036386449
1722.15585843961 2.37841423000544 0.836888331242158
1722.15585843961 2.82842712474619 0.819322459222083
1722.15585843961 3.36358566101486 0.796737766624843
1722.15585843961 4 0.801756587202007
1722.15585843961 4.75682846001088 0.824341279799247
2435.49617152557 0.840896415253715 0.820577164366374
2435.49617152557 1 0.830614805520703
2435.49617152557 1.18920711500272 0.820577164366374
2435.49617152557 1.4142135623731 0.829360100376412
2435.49617152557 1.68179283050743 0.840652446675031
2435.49617152557 2 0.836888331242158
2435.49617152557 2.37841423000544 0.813048933500627
2435.49617152557 2.82842712474619 0.824341279799247
2435.49617152557 3.36358566101486 0.810539523212045
2435.49617152557 4 0.811794228356336
2435.49617152557 4.75682846001088 0.795483061480552
2896.3093757401 0.840896415253715 0.829360100376412
2896.3093757401 1 0.82810539523212
2896.3093757401 1.18920711500272 0.829360100376412
2896.3093757401 1.4142135623731 0.818067754077792
2896.3093757401 1.68179283050743 0.820577164366374
2896.3093757401 2 0.820577164366374
2896.3093757401 2.37841423000544 0.819322459222083
2896.3093757401 2.82842712474619 0.821831869510665
2896.3093757401 3.36358566101486 0.813048933500627
2896.3093757401 4 0.797992471769134
2896.3093757401 4.75682846001088 0.814303638644918
3444.31171687921 0.840896415253715 0.821831869510665
3444.31171687921 1 0.82810539523212
3444.31171687921 1.18920711500272 0.849435382685069
3444.31171687921 1.4142135623731 0.836888331242158
3444.31171687921 1.68179283050743 0.829360100376412
3444.31171687921 2 0.819322459222083
3444.31171687921 2.37841423000544 0.830614805520703
3444.31171687921 2.82842712474619 0.806775407779172
3444.31171687921 3.36358566101486 0.824341279799247
3444.31171687921 4 0.816813048933501
3444.31171687921 4.75682846001088 0.810539523212045
4096 0.840896415253715 0.829360100376412
4096 1 0.830614805520703
4096 1.18920711500272 0.835633626097867
4096 1.4142135623731 0.825595984943538
4096 1.68179283050743 0.838143036386449
4096 2 0.835633626097867
4096 2.37841423000544 0.825595984943538
4096 2.82842712474619 0.796737766624843
4096 3.36358566101486 0.806775407779172
4096 4 0.803011292346299
4096 4.75682846001088 0.80426599749059
4870.99234305115 0.840896415253715 0.816813048933501
4870.99234305115 1 0.823086574654956
4870.99234305115 1.18920711500272 0.834378920953576
4870.99234305115 1.4142135623731 0.831869510664994
4870.99234305115 1.68179283050743 0.840652446675031
4870.99234305115 2 0.835633626097867
4870.99234305115 2.37841423000544 0.825595984943538
4870.99234305115 2.82842712474619 0.820577164366374
4870.99234305115 3.36358566101486 0.814303638644918
4870.99234305115 4 0.808030112923463
4870.99234305115 4.75682846001088 0.811794228356336
