0.03125 3.0517578125E-05 0.584795321637427
0.03125 0.0001220703125 0.584795321637427
0.03125 0.00048828125 0.584795321637427
0.03125 0.001953125 0.584795321637427
0.03125 0.0078125 0.584795321637427
0.03125 0.03125 0.584795321637427
0.03125 0.125 0.584795321637427
0.03125 0.5 0.584795321637427
0.03125 2 0.584795321637427
0.03125 8 0.584795321637427
0.125 3.0517578125E-05 0.584795321637427
0.125 0.0001220703125 0.584795321637427
0.125 0.00048828125 0.584795321637427
0.125 0.001953125 0.584795321637427
0.125 0.0078125 0.584795321637427
0.125 0.03125 0.584795321637427
0.125 0.125 0.584795321637427
0.125 0.5 0.584795321637427
0.125 2 0.584795321637427
0.125 8 0.584795321637427
0.5 3.0517578125E-05 0.584795321637427
0.5 0.0001220703125 0.584795321637427
0.5 0.00048828125 0.584795321637427
0.5 0.001953125 0.584795321637427
0.5 0.0078125 0.584795321637427
0.5 0.03125 0.584795321637427
0.5 0.125 0.584795321637427
0.5 0.5 0.584795321637427
0.5 2 0.646198830409357
0.5 8 0.704678362573099
2 3.0517578125E-05 0.584795321637427
2 0.0001220703125 0.584795321637427
2 0.00048828125 0.584795321637427
2 0.001953125 0.584795321637427
2 0.0078125 0.584795321637427
2 0.03125 0.584795321637427
2 0.125 0.584795321637427
2 0.5 0.652046783625731
2 2 0.728070175438597
2 8 0.769005847953216
8 3.0517578125E-05 0.584795321637427
8 0.0001220703125 0.584795321637427
8 0.00048828125 0.584795321637427
8 0.001953125 0.584795321637427
8 0.0078125 0.584795321637427
8 0.03125 0.584795321637427
8 0.125 0.660818713450292
8 0.5 0.733918128654971
8 2 0.783625730994152
8 8 0.760233918128655
32 3.0517578125E-05 0.584795321637427
32 0.0001220703125 0.584795321637427
32 0.00048828125 0.584795321637427
32 0.001953125 0.584795321637427
32 0.0078125 0.584795321637427
32 0.03125 0.66374269005848
32 0.125 0.736842105263158
32 0.5 0.780701754385965
32 2 0.777777777777778
32 8 0.789473684210526
128 3.0517578125E-05 0.584795321637427
128 0.0001220703125 0.584795321637427
128 0.00048828125 0.584795321637427
128 0.001953125 0.584795321637427
128 0.0078125 0.66374269005848
128 0.03125 0.742690058479532
128 0.125 0.763157894736842
128 0.5 0.789473684210526
128 2 0.801169590643275
128 8 0.783625730994152
512 3.0517578125E-05 0.584795321637427
512 0.0001220703125 0.584795321637427
512 0.00048828125 0.584795321637427
512 0.001953125 0.66374269005848
512 0.0078125 0.733918128654971
512 0.03125 0.757309941520468
512 0.125 0.783625730994152
512 0.5 0.809941520467836
512 2 0.801169590643275
512 8 0.830409356725146
2048 3.0517578125E-05 0.584795321637427
2048 0.0001220703125 0.584795321637427
2048 0.00048828125 0.660818713450292
2048 0.001953125 0.742690058479532
2048 0.0078125 0.757309941520468
2048 0.03125 0.771929824561403
2048 0.125 0.812865497076023
2048 0.5 0.807017543859649
2048 2 0.801169590643275
2048 8 0.824561403508772
8192 3.0517578125E-05 0.584795321637427
8192 0.0001220703125 0.66374269005848
8192 0.00048828125 0.739766081871345
8192 0.001953125 0.763157894736842
8192 0.0078125 0.786549707602339
8192 0.03125 0.812865497076023
8192 0.125 0.827485380116959
8192 0.5 0.809941520467836
8192 2 0.827485380116959
8192 8 0.780701754385965
32768 3.0517578125E-05 0.660818713450292
32768 0.0001220703125 0.730994152046784
32768 0.00048828125 0.757309941520468
32768 0.001953125 0.780701754385965
32768 0.0078125 0.815789473684211
32768 0.03125 0.824561403508772
32768 0.125 0.830409356725146
32768 0.5 0.83625730994152
32768 2 0.827485380116959
32768 8 0.798245614035088
13777.2468675169 0.210224103813429 0.809941520467836
13777.2468675169 0.25 0.827485380116959
13777.2468675169 0.29730177875068 0.777777777777778
13777.2468675169 0.353553390593274 0.795321637426901
13777.2468675169 0.420448207626857 0.807017543859649
13777.2468675169 0.5 0.815789473684211
13777.2468675169 0.594603557501361 0.812865497076023
13777.2468675169 0.707106781186548 0.807017543859649
13777.2468675169 0.840896415253715 0.818713450292398
13777.2468675169 1 0.821637426900585
13777.2468675169 1.18920711500272 0.827485380116959
16384 0.210224103813429 0.827485380116959
16384 0.25 0.807017543859649
16384 0.29730177875068 0.824561403508772
16384 0.353553390593274 0.818713450292398
16384 0.420448207626857 0.792397660818713
16384 0.5 0.801169590643275
16384 0.594603557501361 0.824561403508772
16384 0.707106781186548 0.809941520467836
16384 0.840896415253715 0.818713450292398
16384 1 0.830409356725146
16384 1.18920711500272 0.83625730994152
19483.9693722046 0.210224103813429 0.812865497076023
19483.9693722046 0.25 0.812865497076023
19483.9693722046 0.29730177875068 0.821637426900585
19483.9693722046 0.353553390593274 0.821637426900585
19483.9693722046 0.420448207626857 0.818713450292398
19483.9693722046 0.5 0.771929824561403
19483.9693722046 0.594603557501361 0.807017543859649
19483.9693722046 0.707106781186548 0.807017543859649
19483.9693722046 0.840896415253715 0.824561403508772
19483.9693722046 1 0.812865497076023
19483.9693722046 1.18920711500272 0.830409356725146
23170.4750059208 0.210224103813429 0.812865497076023
23170.4750059208 0.25 0.821637426900585
23170.4750059208 0.29730177875068 0.824561403508772
23170.4750059208 0.353553390593274 0.827485380116959
23170.4750059208 0.420448207626857 0.789473684210526
23170.4750059208 0.5 0.809941520467836
23170.4750059208 0.594603557501361 0.821637426900585
23170.4750059208 0.707106781186548 0.830409356725146
23170.4750059208 0.840896415253715 0.792397660818713
23170.4750059208 1 0.818713450292398
23170.4750059208 1.18920711500272 0.824561403508772
27554.4937350337 0.210224103813429 0.798245614035088
27554.4937350337 0.25 0.812865497076023
27554.4937350337 0.29730177875068 0.812865497076023
27554.4937350337 0.353553390593274 0.807017543859649
27554.4937350337 0.420448207626857 0.804093567251462
27554.4937350337 0.5 0.833333333333333
27554.4937350337 0.594603557501361 0.827485380116959
27554.4937350337 0.707106781186548 0.801169590643275
27554.4937350337 0.840896415253715 0.845029239766082
27554.4937350337 1 0.827485380116959
27554.4937350337 1.18920711500272 0.801169590643275
38967.9387444092 0.210224103813429 0.821637426900585
38967.9387444092 0.25 0.821637426900585
38967.9387444092 0.29730177875068 0.821637426900585
38967.9387444092 0.353553390593274 0.809941520467836
38967.9387444092 0.420448207626857 0.795321637426901
38967.9387444092 0.5 0.809941520467836
38967.9387444092 0.594603557501361 0.818713450292398
38967.9387444092 0.707106781186548 0.804093567251462
38967.9387444092 0.840896415253715 0.833333333333333
38967.9387444092 1 0.815789473684211
38967.9387444092 1.18920711500272 0.845029239766082
46340.9500118416 0.210224103813429 0.812865497076023
46340.9500118416 0.25 0.807017543859649
46340.9500118416 0.29730177875068 0.815789473684211
46340.9500118416 0.353553390593274 0.809941520467836
46340.9500118416 0.420448207626857 0.798245614035088
46340.9500118416 0.5 0.833333333333333
46340.9500118416 0.594603557501361 0.818713450292398
46340.9500118416 0.707106781186548 0.780701754385965
46340.9500118416 0.840896415253715 0.833333333333333
46340.9500118416 1 0.824561403508772
46340.9500118416 1.18920711500272 0.821637426900585
55108.9874700674 0.210224103813429 0.842105263157895
55108.9874700674 0.25 0.821637426900585
55108.9874700674 0.29730177875068 0.795321637426901
55108.9874700674 0.353553390593274 0.818713450292398
55108.9874700674 0.420448207626857 0.842105263157895
55108.9874700674 0.5 0.809941520467836
55108.9874700674 0.594603557501361 0.807017543859649
55108.9874700674 0.707106781186548 0.818713450292398
55108.9874700674 0.840896415253715 0.809941520467836
55108.9874700674 1 0.827485380116959
55108.9874700674 1.18920711500272 0.827485380116959
65536 0.210224103813429 0.833333333333333
65536 0.25 0.833333333333333
65536 0.29730177875068 0.818713450292398
65536 0.353553390593274 0.83625730994152
65536 0.420448207626857 0.824561403508772
65536 0.5 0.815789473684211
65536 0.594603557501361 0.827485380116959
65536 0.707106781186548 0.842105263157895
65536 0.840896415253715 0.839181286549708
65536 1 0.815789473684211
65536 1.18920711500272 0.830409356725146
77935.8774888183 0.210224103813429 0.815789473684211
77935.8774888183 0.25 0.827485380116959
77935.8774888183 0.29730177875068 0.812865497076023
77935.8774888183 0.353553390593274 0.783625730994152
77935.8774888183 0.420448207626857 0.807017543859649
77935.8774888183 0.5 0.809941520467836
77935.8774888183 0.594603557501361 0.821637426900585
77935.8774888183 0.707106781186548 0.83625730994152
77935.8774888183 0.840896415253715 0.801169590643275
77935.8774888183 1 0.833333333333333
77935.8774888183 1.18920711500272 0.818713450292398
