0.03125 3.0517578125E-05 0.401869158878505
0.03125 0.0001220703125 0.401869158878505
0.03125 0.00048828125 0.401869158878505
0.03125 0.001953125 0.401869158878505
0.03125 0.0078125 0.401869158878505
0.03125 0.03125 0.401869158878505
0.03125 0.125 0.401869158878505
0.03125 0.5 0.401869158878505
0.03125 2 0.401869158878505
0.03125 8 0.401869158878505
0.125 3.0517578125E-05 0.401869158878505
0.125 0.0001220703125 0.401869158878505
0.125 0.00048828125 0.401869158878505
0.125 0.001953125 0.401869158878505
0.125 0.0078125 0.401869158878505
0.125 0.03125 0.401869158878505
0.125 0.125 0.401869158878505
0.125 0.5 0.485981308411215
0.125 2 0.490654205607477
0.125 8 0.504672897196262
0.5 3.0517578125E-05 0.401869158878505
0.5 0.0001220703125 0.401869158878505
0.5 0.00048828125 0.401869158878505
0.5 0.001953125 0.401869158878505
0.5 0.0078125 0.401869158878505
0.5 0.03125 0.401869158878505
0.5 0.125 0.490654205607477
0.5 0.5 0.495327102803738
0.5 2 0.574766355140187
0.5 8 0.616822429906542
2 3.0517578125E-05 0.401869158878505
2 0.0001220703125 0.401869158878505
2 0.00048828125 0.401869158878505
2 0.001953125 0.401869158878505
2 0.0078125 0.401869158878505
2 0.03125 0.495327102803738
2 0.125 0.485981308411215
2 0.5 0.616822429906542
2 2 0.649532710280374
2 8 0.757009345794393
8 3.0517578125E-05 0.401869158878505
8 0.0001220703125 0.401869158878505
8 0.00048828125 0.401869158878505
8 0.001953125 0.401869158878505
8 0.0078125 0.485981308411215
8 0.03125 0.504672897196262
8 0.125 0.621495327102804
8 0.5 0.728971962616822
8 2 0.775700934579439
8 8 0.780373831775701
32 3.0517578125E-05 0.401869158878505
32 0.0001220703125 0.401869158878505
32 0.00048828125 0.401869158878505
32 0.001953125 0.485981308411215
32 0.0078125 0.509345794392523
32 0.03125 0.621495327102804
32 0.125 0.724299065420561
32 0.5 0.771028037383178
32 2 0.841121495327103
32 8 0.775700934579439
128 3.0517578125E-05 0.401869158878505
128 0.0001220703125 0.401869158878505
128 0.00048828125 0.495327102803738
128 0.001953125 0.514018691588785
128 0.0078125 0.630841121495327
128 0.03125 0.714953271028037
128 0.125 0.771028037383178
128 0.5 0.836448598130841
128 2 0.878504672897196
128 8 0.817757009345794
512 3.0517578125E-05 0.401869158878505
512 0.0001220703125 0.495327102803738
512 0.00048828125 0.504672897196262
512 0.001953125 0.621495327102804
512 0.0078125 0.719626168224299
512 0.03125 0.761682242990654
512 0.125 0.841121495327103
512 0.5 0.883177570093458
512 2 0.864485981308411
512 8 0.813084112149533
2048 3.0517578125E-05 0.485981308411215
2048 0.0001220703125 0.509345794392523
2048 0.00048828125 0.630841121495327
2048 0.001953125 0.728971962616822
2048 0.0078125 0.766355140186916
2048 0.03125 0.883177570093458
2048 0.125 0.906542056074766
2048 0.5 0.892523364485981
2048 2 0.850467289719626
2048 8 0.822429906542056
8192 3.0517578125E-05 0.504672897196262
8192 0.0001220703125 0.635514018691589
8192 0.00048828125 0.719626168224299
8192 0.001953125 0.775700934579439
8192 0.0078125 0.845794392523365
8192 0.03125 0.901869158878505
8192 0.125 0.892523364485981
8192 0.5 0.873831775700935
8192 2 0.841121495327103
8192 8 0.803738317757009
32768 3.0517578125E-05 0.635514018691589
32768 0.0001220703125 0.719626168224299
32768 0.00048828125 0.766355140186916
32768 0.001953125 0.836448598130841
32768 0.0078125 0.897196261682243
32768 0.03125 0.892523364485981
32768 0.125 0.878504672897196
32768 0.5 0.850467289719626
32768 2 0.831775700934579
32768 8 0.827102803738318
861.077929219804 0.0525560259533572 0.831775700934579
861.077929219804 0.0625 0.869158878504673
861.077929219804 0.0743254446876701 0.85981308411215
861.077929219804 0.0883883476483184 0.869158878504673
861.077929219804 0.105112051906714 0.878504672897196
861.077929219804 0.125 0.906542056074766
861.077929219804 0.14865088937534 0.892523364485981
861.077929219804 0.176776695296637 0.892523364485981
861.077929219804 0.210224103813429 0.906542056074766
861.077929219804 0.25 0.892523364485981
861.077929219804 0.29730177875068 0.883177570093458
1024 0.0525560259533572 0.864485981308411
1024 0.0625 0.85981308411215
1024 0.0743254446876701 0.883177570093458
1024 0.0883883476483184 0.85981308411215
1024 0.105112051906714 0.883177570093458
1024 0.125 0.906542056074766
1024 0.14865088937534 0.88785046728972
1024 0.176776695296637 0.88785046728972
1024 0.210224103813429 0.901869158878505
1024 0.25 0.88785046728972
1024 0.29730177875068 0.878504672897196
1217.74808576279 0.0525560259533572 0.85981308411215
1217.74808576279 0.0625 0.850467289719626
1217.74808576279 0.0743254446876701 0.88785046728972
1217.74808576279 0.0883883476483184 0.869158878504673
1217.74808576279 0.105112051906714 0.897196261682243
1217.74808576279 0.125 0.901869158878505
1217.74808576279 0.14865088937534 0.88785046728972
1217.74808576279 0.176776695296637 0.892523364485981
1217.74808576279 0.210224103813429 0.873831775700935
1217.74808576279 0.25 0.883177570093458
1217.74808576279 0.29730177875068 0.892523364485981
1448.15468787005 0.0525560259533572 0.873831775700935
1448.15468787005 0.0625 0.88785046728972
1448.15468787005 0.0743254446876701 0.892523364485981
1448.15468787005 0.0883883476483184 0.906542056074766
1448.15468787005 0.105112051906714 0.901869158878505
1448.15468787005 0.125 0.878504672897196
1448.15468787005 0.14865088937534 0.892523364485981
1448.15468787005 0.176776695296637 0.88785046728972
1448.15468787005 0.210224103813429 0.88785046728972
1448.15468787005 0.25 0.878504672897196
1448.15468787005 0.29730177875068 0.892523364485981
1722.15585843961 0.0525560259533572 0.878504672897196
1722.15585843961 0.0625 0.869158878504673
1722.15585843961 0.0743254446876701 0.88785046728972
1722.15585843961 0.0883883476483184 0.873831775700935
1722.15585843961 0.105112051906714 0.883177570093458
1722.15585843961 0.125 0.892523364485981
1722.15585843961 0.14865088937534 0.878504672897196
1722.15585843961 0.176776695296637 0.883177570093458
1722.15585843961 0.210224103813429 0.892523364485981
1722.15585843961 0.25 0.883177570093458
1722.15585843961 0.29730177875068 0.883177570093458
2435.49617152557 0.0525560259533572 0.892523364485981
2435.49617152557 0.0625 0.897196261682243
2435.49617152557 0.0743254446876701 0.88785046728972
2435.49617152557 0.0883883476483184 0.906542056074766
2435.49617152557 0.105112051906714 0.88785046728972
2435.49617152557 0.125 0.878504672897196
2435.49617152557 0.14865088937534 0.901869158878505
2435.49617152557 0.176776695296637 0.88785046728972
2435.49617152557 0.210224103813429 0.897196261682243
2435.49617152557 0.25 0.878504672897196
2435.49617152557 0.29730177875068 0.897196261682243
2896.3093757401 0.0525560259533572 0.901869158878505
2896.3093757401 0.0625 0.892523364485981
2896.3093757401 0.0743254446876701 0.892523364485981
2896.3093757401 0.0883883476483184 0.897196261682243
2896.3093757401 0.105112051906714 0.892523364485981
2896.3093757401 0.125 0.892523364485981
2896.3093757401 0.14865088937534 0.901869158878505
2896.3093757401 0.176776695296637 0.892523364485981
2896.3093757401 0.210224103813429 0.878504672897196
2896.3093757401 0.25 0.883177570093458
2896.3093757401 0.29730177875068 0.878504672897196
3444.31171687921 0.0525560259533572 0.897196261682243
3444.31171687921 0.0625 0.88785046728972
3444.31171687921 0.0743254446876701 0.892523364485981
3444.31171687921 0.0883883476483184 0.878504672897196
3444.31171687921 0.105112051906714 0.873831775700935
3444.31171687921 0.125 0.897196261682243
3444.31171687921 0.14865088937534 0.873831775700935
3444.31171687921 0.176776695296637 0.883177570093458
3444.31171687921 0.210224103813429 0.892523364485981
3444.31171687921 0.25 0.892523364485981
3444.31171687921 0.29730177875068 0.906542056074766
4096 0.0525560259533572 0.88785046728972
4096 0.0625 0.906542056074766
4096 0.0743254446876701 0.897196261682243
4096 0.0883883476483184 0.88785046728972
4096 0.105112051906714 0.892523364485981
4096 0.125 0.906542056074766
4096 0.14865088937534 0.901869158878505
4096 0.176776695296637 0.897196261682243
4096 0.210224103813429 0.892523364485981
4096 0.25 0.892523364485981
4096 0.29730177875068 0.897196261682243
4870.99234305115 0.0525560259533572 0.897196261682243
4870.99234305115 0.0625 0.883177570093458
4870.99234305115 0.0743254446876701 0.88785046728972
4870.99234305115 0.0883883476483184 0.878504672897196
4870.99234305115 0.105112051906714 0.883177570093458
4870.99234305115 0.125 0.88785046728972
4870.99234305115 0.14865088937534 0.911214953271028
4870.99234305115 0.176776695296637 0.88785046728972
4870.99234305115 0.210224103813429 0.892523364485981
4870.99234305115 0.25 0.883177570093458
4870.99234305115 0.29730177875068 0.883177570093458
