0.03125 3.0517578125E-05 0.623287671232877
0.03125 0.0001220703125 0.623287671232877
0.03125 0.00048828125 0.623287671232877
0.03125 0.001953125 0.623287671232877
0.03125 0.0078125 0.623287671232877
0.03125 0.03125 0.623287671232877
0.03125 0.125 0.623287671232877
0.03125 0.5 0.623287671232877
0.03125 2 0.623287671232877
0.03125 8 0.623287671232877
0.125 3.0517578125E-05 0.623287671232877
0.125 0.0001220703125 0.623287671232877
0.125 0.00048828125 0.623287671232877
0.125 0.001953125 0.623287671232877
0.125 0.0078125 0.623287671232877
0.125 0.03125 0.623287671232877
0.125 0.125 0.623287671232877
0.125 0.5 0.623287671232877
0.125 2 0.623287671232877
0.125 8 0.623287671232877
0.5 3.0517578125E-05 0.623287671232877
0.5 0.0001220703125 0.623287671232877
0.5 0.00048828125 0.623287671232877
0.5 0.001953125 0.623287671232877
0.5 0.0078125 0.623287671232877
0.5 0.03125 0.623287671232877
0.5 0.125 0.623287671232877
0.5 0.5 0.623287671232877
0.5 2 0.623287671232877
0.5 8 0.623287671232877
2 3.0517578125E-05 0.623287671232877
2 0.0001220703125 0.623287671232877
2 0.00048828125 0.623287671232877
2 0.001953125 0.623287671232877
2 0.0078125 0.623287671232877
2 0.03125 0.623287671232877
2 0.125 0.623287671232877
2 0.5 0.623287671232877
2 2 0.643835616438356
2 8 0.684931506849315
8 3.0517578125E-05 0.623287671232877
8 0.0001220703125 0.623287671232877
8 0.00048828125 0.623287671232877
8 0.001953125 0.623287671232877
8 0.0078125 0.623287671232877
8 0.03125 0.623287671232877
8 0.125 0.623287671232877
8 0.5 0.664383561643836
8 2 0.691780821917808
8 8 0.719178082191781
32 3.0517578125E-05 0.623287671232877
32 0.0001220703125 0.623287671232877
32 0.00048828125 0.623287671232877
32 0.001953125 0.623287671232877
32 0.0078125 0.623287671232877
32 0.03125 0.623287671232877
32 0.125 0.664383561643836
32 0.5 0.684931506849315
32 2 0.76027397260274
32 8 0.705479452054795
128 3.0517578125E-05 0.623287671232877
128 0.0001220703125 0.623287671232877
128 0.00048828125 0.623287671232877
128 0.001953125 0.623287671232877
128 0.0078125 0.623287671232877
128 0.03125 0.664383561643836
128 0.125 0.684931506849315
128 0.5 0.76027397260274
128 2 0.801369863013699
128 8 0.767123287671233
512 3.0517578125E-05 0.623287671232877
512 0.0001220703125 0.623287671232877
512 0.00048828125 0.623287671232877
512 0.001953125 0.623287671232877
512 0.0078125 0.664383561643836
512 0.03125 0.684931506849315
512 0.125 0.773972602739726
512 0.5 0.808219178082192
512 2 0.794520547945205
512 8 0.773972602739726
2048 3.0517578125E-05 0.623287671232877
2048 0.0001220703125 0.623287671232877
2048 0.00048828125 0.623287671232877
2048 0.001953125 0.664383561643836
2048 0.0078125 0.678082191780822
2048 0.03125 0.787671232876712
2048 0.125 0.801369863013699
2048 0.5 0.801369863013699
2048 2 0.815068493150685
2048 8 0.815068493150685
8192 3.0517578125E-05 0.623287671232877
8192 0.0001220703125 0.623287671232877
8192 0.00048828125 0.657534246575342
8192 0.001953125 0.678082191780822
8192 0.0078125 0.767123287671233
8192 0.03125 0.815068493150685
8192 0.125 0.828767123287671
8192 0.5 0.801369863013699
8192 2 0.842465753424658
8192 8 0.746575342465753
32768 3.0517578125E-05 0.623287671232877
32768 0.0001220703125 0.664383561643836
32768 0.00048828125 0.678082191780822
32768 0.001953125 0.787671232876712
32768 0.0078125 0.801369863013699
32768 0.03125 0.842465753424658
32768 0.125 0.835616438356164
32768 0.5 0.856164383561644
32768 2 0.801369863013699
32768 8 0.767123287671233
13777.2468675169 0.210224103813429 0.849315068493151
13777.2468675169 0.25 0.828767123287671
13777.2468675169 0.29730177875068 0.801369863013699
13777.2468675169 0.353553390593274 0.780821917808219
13777.2468675169 0.420448207626857 0.815068493150685
13777.2468675169 0.5 0.821917808219178
13777.2468675169 0.594603557501361 0.849315068493151
13777.2468675169 0.707106781186548 0.821917808219178
13777.2468675169 0.840896415253715 0.842465753424658
13777.2468675169 1 0.808219178082192
13777.2468675169 1.18920711500272 0.835616438356164
16384 0.210224103813429 0.828767123287671
16384 0.25 0.794520547945205
16384 0.29730177875068 0.801369863013699
16384 0.353553390593274 0.828767123287671
16384 0.420448207626857 0.808219178082192
16384 0.5 0.808219178082192
16384 0.594603557501361 0.849315068493151
16384 0.707106781186548 0.842465753424658
16384 0.840896415253715 0.801369863013699
16384 1 0.828767123287671
16384 1.18920711500272 0.821917808219178
19483.9693722046 0.210224103813429 0.808219178082192
19483.9693722046 0.25 0.835616438356164
19483.9693722046 0.29730177875068 0.801369863013699
19483.9693722046 0.353553390593274 0.773972602739726
19483.9693722046 0.420448207626857 0.842465753424658
19483.9693722046 0.5 0.828767123287671
19483.9693722046 0.594603557501361 0.842465753424658
19483.9693722046 0.707106781186548 0.849315068493151
19483.9693722046 0.840896415253715 0.856164383561644
19483.9693722046 1 0.835616438356164
19483.9693722046 1.18920711500272 0.849315068493151
23170.4750059208 0.210224103813429 0.801369863013699
23170.4750059208 0.25 0.787671232876712
23170.4750059208 0.29730177875068 0.808219178082192
23170.4750059208 0.353553390593274 0.828767123287671
23170.4750059208 0.420448207626857 0.828767123287671
23170.4750059208 0.5 0.835616438356164
23170.4750059208 0.594603557501361 0.842465753424658
23170.4750059208 0.707106781186548 0.856164383561644
23170.4750059208 0.840896415253715 0.842465753424658
23170.4750059208 1 0.849315068493151
23170.4750059208 1.18920711500272 0.815068493150685
27554.4937350337 0.210224103813429 0.808219178082192
27554.4937350337 0.25 0.828767123287671
27554.4937350337 0.29730177875068 0.828767123287671
27554.4937350337 0.353553390593274 0.780821917808219
27554.4937350337 0.420448207626857 0.828767123287671
27554.4937350337 0.5 0.842465753424658
27554.4937350337 0.594603557501361 0.815068493150685
27554.4937350337 0.707106781186548 0.801369863013699
27554.4937350337 0.840896415253715 0.835616438356164
27554.4937350337 1 0.835616438356164
27554.4937350337 1.18920711500272 0.828767123287671
38967.9387444092 0.210224103813429 0.808219178082192
38967.9387444092 0.25 0.801369863013699
38967.9387444092 0.29730177875068 0.835616438356164
38967.9387444092 0.353553390593274 0.842465753424658
38967.9387444092 0.420448207626857 0.849315068493151
38967.9387444092 0.5 0.828767123287671
38967.9387444092 0.594603557501361 0.863013698630137
38967.9387444092 0.707106781186548 0.863013698630137
38967.9387444092 0.840896415253715 0.821917808219178
38967.9387444092 1 0.835616438356164
38967.9387444092 1.18920711500272 0.821917808219178
46340.9500118416 0.210224103813429 0.815068493150685
46340.9500118416 0.25 0.808219178082192
46340.9500118416 0.29730177875068 0.815068493150685
46340.9500118416 0.353553390593274 0.821917808219178
46340.9500118416 0.420448207626857 0.835616438356164
46340.9500118416 0.5 0.828767123287671
46340.9500118416 0.594603557501361 0.86986301369863
46340.9500118416 0.707106781186548 0.828767123287671
46340.9500118416 0.840896415253715 0.849315068493151
46340.9500118416 1 0.849315068493151
46340.9500118416 1.18920711500272 0.821917808219178
55108.9874700674 0.210224103813429 0.821917808219178
55108.9874700674 0.25 0.828767123287671
55108.9874700674 0.29730177875068 0.842465753424658
55108.9874700674 0.353553390593274 0.849315068493151
55108.9874700674 0.420448207626857 0.835616438356164
55108.9874700674 0.5 0.828767123287671
55108.9874700674 0.594603557501361 0.835616438356164
55108.9874700674 0.707106781186548 0.815068493150685
55108.9874700674 0.840896415253715 0.821917808219178
55108.9874700674 1 0.835616438356164
55108.9874700674 1.18920711500272 0.801369863013699
65536 0.210224103813429 0.863013698630137
65536 0.25 0.849315068493151
65536 0.29730177875068 0.828767123287671
65536 0.353553390593274 0.842465753424658
65536 0.420448207626857 0.856164383561644
65536 0.5 0.828767123287671
65536 0.594603557501361 0.876712328767123
65536 0.707106781186548 0.842465753424658
65536 0.840896415253715 0.821917808219178
65536 1 0.849315068493151
65536 1.18920711500272 0.794520547945205
77935.8774888183 0.210224103813429 0.856164383561644
77935.8774888183 0.25 0.828767123287671
77935.8774888183 0.29730177875068 0.828767123287671
77935.8774888183 0.353553390593274 0.863013698630137
77935.8774888183 0.420448207626857 0.863013698630137
77935.8774888183 0.5 0.842465753424658
77935.8774888183 0.594603557501361 0.828767123287671
77935.8774888183 0.707106781186548 0.801369863013699
77935.8774888183 0.840896415253715 0.787671232876712
77935.8774888183 1 0.821917808219178
77935.8774888183 1.18920711500272 0.828767123287671
