0.03125 3.0517578125E-05 0.411602209944751
0.03125 0.0001220703125 0.411602209944751
0.03125 0.00048828125 0.411602209944751
0.03125 0.001953125 0.411602209944751
0.03125 0.0078125 0.411602209944751
0.03125 0.03125 0.411602209944751
0.03125 0.125 0.411602209944751
0.03125 0.5 0.411602209944751
0.03125 2 0.406077348066298
0.03125 8 0.411602209944751
0.125 3.0517578125E-05 0.411602209944751
0.125 0.0001220703125 0.411602209944751
0.125 0.00048828125 0.411602209944751
0.125 0.001953125 0.411602209944751
0.125 0.0078125 0.411602209944751
0.125 0.03125 0.411602209944751
0.125 0.125 0.411602209944751
0.125 0.5 0.527624309392265
0.125 2 0.569060773480663
0.125 8 0.56353591160221
0.5 3.0517578125E-05 0.411602209944751
0.5 0.0001220703125 0.411602209944751
0.5 0.00048828125 0.411602209944751
0.5 0.001953125 0.411602209944751
0.5 0.0078125 0.411602209944751
0.5 0.03125 0.411602209944751
0.5 0.125 0.486187845303867
0.5 0.5 0.577348066298343
0.5 2 0.674033149171271
0.5 8 0.676795580110497
2 3.0517578125E-05 0.411602209944751
2 0.0001220703125 0.411602209944751
2 0.00048828125 0.411602209944751
2 0.001953125 0.411602209944751
2 0.0078125 0.411602209944751
2 0.03125 0.453038674033149
2 0.125 0.588397790055249
2 0.5 0.715469613259669
2 2 0.715469613259669
2 8 0.743093922651934
8 3.0517578125E-05 0.411602209944751
8 0.0001220703125 0.411602209944751
8 0.00048828125 0.411602209944751
8 0.001953125 0.411602209944751
8 0.0078125 0.453038674033149
8 0.03125 0.596685082872928
8 0.125 0.718232044198895
8 0.5 0.734806629834254
8 2 0.773480662983425
8 8 0.781767955801105
32 3.0517578125E-05 0.411602209944751
32 0.0001220703125 0.411602209944751
32 0.00048828125 0.411602209944751
32 0.001953125 0.461325966850829
32 0.0078125 0.599447513812155
32 0.03125 0.707182320441989
32 0.125 0.759668508287293
32 0.5 0.792817679558011
32 2 0.831491712707182
32 8 0.831491712707182
128 3.0517578125E-05 0.411602209944751
128 0.0001220703125 0.411602209944751
128 0.00048828125 0.425414364640884
128 0.001953125 0.593922651933702
128 0.0078125 0.718232044198895
128 0.03125 0.776243093922652
128 0.125 0.795580110497238
128 0.5 0.845303867403315
128 2 0.831491712707182
128 8 0.823204419889503
512 3.0517578125E-05 0.411602209944751
512 0.0001220703125 0.461325966850829
512 0.00048828125 0.569060773480663
512 0.001953125 0.704419889502762
512 0.0078125 0.779005524861878
512 0.03125 0.803867403314917
512 0.125 0.842541436464088
512 0.5 0.859116022099447
512 2 0.870165745856354
512 8 0.80939226519337
2048 3.0517578125E-05 0.43646408839779
2048 0.0001220703125 0.574585635359116
2048 0.00048828125 0.715469613259669
2048 0.001953125 0.795580110497238
2048 0.0078125 0.814917127071823
2048 0.03125 0.848066298342541
2048 0.125 0.853591160220994
2048 0.5 0.87292817679558
2048 2 0.853591160220994
2048 8 0.81767955801105
8192 3.0517578125E-05 0.582872928176796
8192 0.0001220703125 0.709944751381215
8192 0.00048828125 0.779005524861878
8192 0.001953125 0.823204419889503
8192 0.0078125 0.834254143646409
8192 0.03125 0.837016574585635
8192 0.125 0.850828729281768
8192 0.5 0.87292817679558
8192 2 0.825966850828729
8192 8 0.80939226519337
32768 3.0517578125E-05 0.701657458563536
32768 0.0001220703125 0.781767955801105
32768 0.00048828125 0.803867403314917
32768 0.001953125 0.845303867403315
32768 0.0078125 0.853591160220994
32768 0.03125 0.837016574585635
32768 0.125 0.861878453038674
32768 0.5 0.88121546961326
32768 2 0.842541436464088
32768 8 0.81767955801105
13777.2468675169 0.210224103813429 0.875690607734807
13777.2468675169 0.25 0.886740331491713
13777.2468675169 0.29730177875068 0.864640883977901
13777.2468675169 0.353553390593274 0.848066298342541
13777.2468675169 0.420448207626857 0.856353591160221
13777.2468675169 0.5 0.845303867403315
13777.2468675169 0.594603557501361 0.856353591160221
13777.2468675169 0.707106781186548 0.875690607734807
13777.2468675169 0.840896415253715 0.850828729281768
13777.2468675169 1 0.839779005524862
13777.2468675169 1.18920711500272 0.825966850828729
16384 0.210224103813429 0.878453038674033
16384 0.25 0.867403314917127
16384 0.29730177875068 0.864640883977901
16384 0.353553390593274 0.856353591160221
16384 0.420448207626857 0.859116022099447
16384 0.5 0.856353591160221
16384 0.594603557501361 0.856353591160221
16384 0.707106781186548 0.861878453038674
16384 0.840896415253715 0.848066298342541
16384 1 0.842541436464088
16384 1.18920711500272 0.825966850828729
19483.9693722046 0.210224103813429 0.864640883977901
19483.9693722046 0.25 0.834254143646409
19483.9693722046 0.29730177875068 0.864640883977901
19483.9693722046 0.353553390593274 0.875690607734807
19483.9693722046 0.420448207626857 0.856353591160221
19483.9693722046 0.5 0.861878453038674
19483.9693722046 0.594603557501361 0.853591160220994
19483.9693722046 0.707106781186548 0.864640883977901
19483.9693722046 0.840896415253715 0.853591160220994
19483.9693722046 1 0.837016574585635
19483.9693722046 1.18920711500272 0.850828729281768
23170.4750059208 0.210224103813429 0.861878453038674
23170.4750059208 0.25 0.861878453038674
23170.4750059208 0.29730177875068 0.861878453038674
23170.4750059208 0.353553390593274 0.870165745856354
23170.4750059208 0.420448207626857 0.861878453038674
23170.4750059208 0.5 0.859116022099447
23170.4750059208 0.594603557501361 0.848066298342541
23170.4750059208 0.707106781186548 0.842541436464088
23170.4750059208 0.840896415253715 0.837016574585635
23170.4750059208 1 0.837016574585635
23170.4750059208 1.18920711500272 0.845303867403315
27554.4937350337 0.210224103813429 0.864640883977901
27554.4937350337 0.25 0.867403314917127
27554.4937350337 0.29730177875068 0.87292817679558
27554.4937350337 0.353553390593274 0.875690607734807
27554.4937350337 0.420448207626857 0.853591160220994
27554.4937350337 0.5 0.853591160220994
27554.4937350337 0.594603557501361 0.87292817679558
27554.4937350337 0.707106781186548 0.853591160220994
27554.4937350337 0.840896415253715 0.828729281767956
27554.4937350337 1 0.834254143646409
27554.4937350337 1.18920711500272 0.842541436464088
38967.9387444092 0.210224103813429 0.870165745856354
38967.9387444092 0.25 0.839779005524862
38967.9387444092 0.29730177875068 0.850828729281768
38967.9387444092 0.353553390593274 0.859116022099447
38967.9387444092 0.420448207626857 0.864640883977901
38967.9387444092 0.5 0.861878453038674
38967.9387444092 0.594603557501361 0.834254143646409
38967.9387444092 0.707106781186548 0.848066298342541
38967.9387444092 0.840896415253715 0.839779005524862
38967.9387444092 1 0.848066298342541
38967.9387444092 1.18920711500272 0.845303867403315
46340.9500118416 0.210224103813429 0.848066298342541
46340.9500118416 0.25 0.848066298342541
46340.9500118416 0.29730177875068 0.853591160220994
46340.9500118416 0.353553390593274 0.801104972375691
46340.9500118416 0.420448207626857 0.850828729281768
46340.9500118416 0.5 0.864640883977901
46340.9500118416 0.594603557501361 0.825966850828729
46340.9500118416 0.707106781186548 0.842541436464088
46340.9500118416 0.840896415253715 0.828729281767956
46340.9500118416 1 0.864640883977901
46340.9500118416 1.18920711500272 0.831491712707182
55108.9874700674 0.210224103813429 0.867403314917127
55108.9874700674 0.25 0.859116022099447
55108.9874700674 0.29730177875068 0.845303867403315
55108.9874700674 0.353553390593274 0.867403314917127
55108.9874700674 0.420448207626857 0.861878453038674
55108.9874700674 0.5 0.831491712707182
55108.9874700674 0.594603557501361 0.859116022099447
55108.9874700674 0.707106781186548 0.850828729281768
55108.9874700674 0.840896415253715 0.834254143646409
55108.9874700674 1 0.823204419889503
55108.9874700674 1.18920711500272 0.837016574585635
65536 0.210224103813429 0.850828729281768
65536 0.25 0.870165745856354
65536 0.29730177875068 0.864640883977901
65536 0.353553390593274 0.831491712707182
65536 0.420448207626857 0.859116022099447
65536 0.5 0.856353591160221
65536 0.594603557501361 0.867403314917127
65536 0.707106781186548 0.859116022099447
65536 0.840896415253715 0.853591160220994
65536 1 0.861878453038674
65536 1.18920711500272 0.848066298342541
77935.8774888183 0.210224103813429 0.856353591160221
77935.8774888183 0.25 0.878453038674033
77935.8774888183 0.29730177875068 0.848066298342541
77935.8774888183 0.353553390593274 0.856353591160221
77935.8774888183 0.420448207626857 0.842541436464088
77935.8774888183 0.5 0.839779005524862
77935.8774888183 0.594603557501361 0.861878453038674
77935.8774888183 0.707106781186548 0.834254143646409
77935.8774888183 0.840896415253715 0.859116022099447
77935.8774888183 1 0.834254143646409
77935.8774888183 1.18920711500272 0.853591160220994
