0.03125 3.0517578125E-05 0.501882057716437
0.03125 0.0001220703125 0.501882057716437
0.03125 0.00048828125 0.501882057716437
0.03125 0.001953125 0.501882057716437
0.03125 0.0078125 0.501882057716437
0.03125 0.03125 0.501882057716437
0.03125 0.125 0.501882057716437
0.03125 0.5 0.501882057716437
0.03125 2 0.501882057716437
0.03125 8 0.501882057716437
0.125 3.0517578125E-05 0.501882057716437
0.125 0.0001220703125 0.501882057716437
0.125 0.00048828125 0.501882057716437
0.125 0.001953125 0.501882057716437
0.125 0.0078125 0.501882057716437
0.125 0.03125 0.501882057716437
0.125 0.125 0.501882057716437
0.125 0.5 0.501882057716437
0.125 2 0.501882057716437
0.125 8 0.501882057716437
0.5 3.0517578125E-05 0.501882057716437
0.5 0.0001220703125 0.501882057716437
0.5 0.00048828125 0.501882057716437
0.5 0.001953125 0.501882057716437
0.5 0.0078125 0.501882057716437
0.5 0.03125 0.501882057716437
0.5 0.125 0.501882057716437
0.5 0.5 0.513174404015056
0.5 2 0.559598494353827
0.5 8 0.575909661229611
2 3.0517578125E-05 0.501882057716437
2 0.0001220703125 0.501882057716437
2 0.00048828125 0.501882057716437
2 0.001953125 0.501882057716437
2 0.0078125 0.501882057716437
2 0.03125 0.501882057716437
2 0.125 0.521957340025094
2 0.5 0.582183186951067
2 2 0.63237139272271
2 8 0.66624843161857
8 3.0517578125E-05 0.501882057716437
8 0.0001220703125 0.501882057716437
8 0.00048828125 0.501882057716437
8 0.001953125 0.501882057716437
8 0.0078125 0.501882057716437
8 0.03125 0.524466750313676
8 0.125 0.590966122961104
8 0.5 0.662484316185696
8 2 0.716436637390213
8 8 0.731493099121706
32 3.0517578125E-05 0.501882057716437
32 0.0001220703125 0.501882057716437
32 0.00048828125 0.501882057716437
32 0.001953125 0.501882057716437
32 0.0078125 0.521957340025094
32 0.03125 0.583437892095358
32 0.125 0.676286072772898
32 0.5 0.760351317440402
32 2 0.805520702634881
32 8 0.806775407779172
128 3.0517578125E-05 0.501882057716437
128 0.0001220703125 0.501882057716437
128 0.00048828125 0.501882057716437
128 0.001953125 0.520702634880803
128 0.0078125 0.582183186951067
128 0.03125 0.682559598494354
128 0.125 0.745294855708908
128 0.5 0.79297365119197
128 2 0.825595984943538
128 8 0.816813048933501
512 3.0517578125E-05 0.501882057716437
512 0.0001220703125 0.501882057716437
512 0.00048828125 0.521957340025094
512 0.001953125 0.577164366373902
512 0.0078125 0.677540777917189
512 0.03125 0.732747804265998
512 0.125 0.784190715181932
512 0.5 0.83939774153074
512 2 0.843161856963614
512 8 0.803011292346299
2048 3.0517578125E-05 0.501882057716437
2048 0.0001220703125 0.520702634880803
2048 0.00048828125 0.575909661229611
2048 0.001953125 0.683814303638645
2048 0.0078125 0.742785445420326
2048 0.03125 0.797992471769134
2048 0.125 0.829360100376412
2048 0.5 0.85069008782936
2048 2 0.838143036386449
2048 8 0.800501882057716
8192 3.0517578125E-05 0.523212045169385
8192 0.0001220703125 0.575909661229611
8192 0.00048828125 0.677540777917189
8192 0.001953125 0.741530740276035
8192 0.0078125 0.787954830614806
8192 0.03125 0.813048933500627
8192 0.125 0.846925972396487
8192 0.5 0.841907151819322
8192 2 0.818067754077792
8192 8 0.791718946047679
32768 3.0517578125E-05 0.579673776662484
32768 0.0001220703125 0.686323713927227
32768 0.00048828125 0.730238393977415
32768 0.001953125 0.796737766624843
32768 0.0078125 0.813048933500627
32768 0.03125 0.843161856963614
32768 0.125 0.860727728983689
32768 0.5 0.843161856963614
32768 2 0.813048933500627
32768 8 0.797992471769134
13777.2468675169 0.0525560259533572 0.835633626097867
13777.2468675169 0.0625 0.85069008782936
13777.2468675169 0.0743254446876701 0.849435382685069
13777.2468675169 0.0883883476483184 0.851944792973651
13777.2468675169 0.105112051906714 0.855708908406524
13777.2468675169 0.125 0.860727728983689
13777.2468675169 0.14865088937534 0.86198243412798
13777.2468675169 0.176776695296637 0.849435382685069
13777.2468675169 0.210224103813429 0.851944792973651
13777.2468675169 0.25 0.851944792973651
13777.2468675169 0.29730177875068 0.855708908406524
16384 0.0525560259533572 0.838143036386449
16384 0.0625 0.846925972396487
16384 0.0743254446876701 0.848180677540778
16384 0.0883883476483184 0.860727728983689
16384 0.105112051906714 0.843161856963614
16384 0.125 0.856963613550816
16384 0.14865088937534 0.865746549560853
16384 0.176776695296637 0.864491844416562
16384 0.210224103813429 0.849435382685069
16384 0.25 0.833124215809285
16384 0.29730177875068 0.849435382685069
19483.9693722046 0.0525560259533572 0.851944792973651
19483.9693722046 0.0625 0.848180677540778
19483.9693722046 0.0743254446876701 0.855708908406524
19483.9693722046 0.0883883476483184 0.844416562107905
19483.9693722046 0.105112051906714 0.848180677540778
19483.9693722046 0.125 0.853199498117942
19483.9693722046 0.14865088937534 0.85069008782936
19483.9693722046 0.176776695296637 0.844416562107905
19483.9693722046 0.210224103813429 0.865746549560853
19483.9693722046 0.25 0.838143036386449
19483.9693722046 0.29730177875068 0.841907151819322
23170.4750059208 0.0525560259533572 0.843161856963614
23170.4750059208 0.0625 0.851944792973651
23170.4750059208 0.0743254446876701 0.844416562107905
23170.4750059208 0.0883883476483184 0.848180677540778
23170.4750059208 0.105112051906714 0.851944792973651
23170.4750059208 0.125 0.855708908406524
23170.4750059208 0.14865088937534 0.855708908406524
23170.4750059208 0.176776695296637 0.855708908406524
23170.4750059208 0.210224103813429 0.855708908406524
23170.4750059208 0.25 0.849435382685069
23170.4750059208 0.29730177875068 0.844416562107905
27554.4937350337 0.0525560259533572 0.83939774153074
27554.4937350337 0.0625 0.848180677540778
27554.4937350337 0.0743254446876701 0.856963613550816
27554.4937350337 0.0883883476483184 0.848180677540778
27554.4937350337 0.105112051906714 0.854454203262233
27554.4937350337 0.125 0.854454203262233
27554.4937350337 0.14865088937534 0.841907151819322
27554.4937350337 0.176776695296637 0.849435382685069
27554.4937350337 0.210224103813429 0.855708908406524
27554.4937350337 0.25 0.853199498117942
27554.4937350337 0.29730177875068 0.851944792973651
38967.9387444092 0.0525560259533572 0.841907151819322
38967.9387444092 0.0625 0.851944792973651
38967.9387444092 0.0743254446876701 0.853199498117942
38967.9387444092 0.0883883476483184 0.853199498117942
38967.9387444092 0.105112051906714 0.846925972396487
38967.9387444092 0.125 0.851944792973651
38967.9387444092 0.14865088937534 0.853199498117942
38967.9387444092 0.176776695296637 0.849435382685069
38967.9387444092 0.210224103813429 0.845671267252196
38967.9387444092 0.25 0.83939774153074
38967.9387444092 0.29730177875068 0.856963613550816
46340.9500118416 0.0525560259533572 0.846925972396487
46340.9500118416 0.0625 0.853199498117942
46340.9500118416 0.0743254446876701 0.853199498117942
46340.9500118416 0.0883883476483184 0.844416562107905
46340.9500118416 0.105112051906714 0.849435382685069
46340.9500118416 0.125 0.85069008782936
46340.9500118416 0.14865088937534 0.854454203262233
46340.9500118416 0.176776695296637 0.840652446675031
46340.9500118416 0.210224103813429 0.851944792973651
46340.9500118416 0.25 0.841907151819322
46340.9500118416 0.29730177875068 0.845671267252196
55108.9874700674 0.0525560259533572 0.85069008782936
55108.9874700674 0.0625 0.858218318695107
55108.9874700674 0.0743254446876701 0.848180677540778
55108.9874700674 0.0883883476483184 0.854454203262233
55108.9874700674 0.105112051906714 0.856963613550816
55108.9874700674 0.125 0.85069008782936
55108.9874700674 0.14865088937534 0.858218318695107
55108.9874700674 0.176776695296637 0.849435382685069
55108.9874700674 0.210224103813429 0.844416562107905
55108.9874700674 0.25 0.83939774153074
55108.9874700674 0.29730177875068 0.846925972396487
65536 0.0525560259533572 0.845671267252196
65536 0.0625 0.856963613550816
65536 0.0743254446876701 0.855708908406524
65536 0.0883883476483184 0.863237139272271
65536 0.105112051906714 0.853199498117942
65536 0.125 0.841907151819322
65536 0.14865088937534 0.845671267252196
65536 0.176776695296637 0.846925972396487
65536 0.210224103813429 0.829360100376412
65536 0.25 0.851944792973651
65536 0.29730177875068 0.838143036386449
77935.8774888183 0.0525560259533572 0.848180677540778
77935.8774888183 0.0625 0.846925972396487
77935.8774888183 0.0743254446876701 0.858218318695107
77935.8774888183 0.0883883476483184 0.849435382685069
77935.8774888183 0.105112051906714 0.844416562107905
77935.8774888183 0.125 0.858218318695107
77935.8774888183 0.14865088937534 0.856963613550816
77935.8774888183 0.176776695296637 0.849435382685069
77935.8774888183 0.210224103813429 0.85069008782936
77935.8774888183 0.25 0.834378920953576
77935.8774888183 0.29730177875068 0.824341279799247
