0.03125 3.0517578125E-05 0.602258469259724
0.03125 0.0001220703125 0.602258469259724
0.03125 0.00048828125 0.602258469259724
0.03125 0.001953125 0.602258469259724
0.03125 0.0078125 0.602258469259724
0.03125 0.03125 0.602258469259724
0.03125 0.125 0.602258469259724
0.03125 0.5 0.602258469259724
0.03125 2 0.602258469259724
0.03125 8 0.602258469259724
0.125 3.0517578125E-05 0.602258469259724
0.125 0.0001220703125 0.602258469259724
0.125 0.00048828125 0.602258469259724
0.125 0.001953125 0.602258469259724
0.125 0.0078125 0.602258469259724
0.125 0.03125 0.602258469259724
0.125 0.125 0.602258469259724
0.125 0.5 0.602258469259724
0.125 2 0.602258469259724
0.125 8 0.612296110414053
0.5 3.0517578125E-05 0.602258469259724
0.5 0.0001220703125 0.602258469259724
0.5 0.00048828125 0.602258469259724
0.5 0.001953125 0.602258469259724
0.5 0.0078125 0.602258469259724
0.5 0.03125 0.602258469259724
0.5 0.125 0.602258469259724
0.5 0.5 0.614805520702635
0.5 2 0.682559598494354
0.5 8 0.711417816813049
2 3.0517578125E-05 0.602258469259724
2 0.0001220703125 0.602258469259724
2 0.00048828125 0.602258469259724
2 0.001953125 0.602258469259724
2 0.0078125 0.602258469259724
2 0.03125 0.602258469259724
2 0.125 0.617314930991217
2 0.5 0.711417816813049
2 2 0.754077791718946
2 8 0.774153074027603
8 3.0517578125E-05 0.602258469259724
8 0.0001220703125 0.602258469259724
8 0.00048828125 0.602258469259724
8 0.001953125 0.602258469259724
8 0.0078125 0.602258469259724
8 0.03125 0.62107904642409
8 0.125 0.725219573400251
8 0.5 0.775407779171895
8 2 0.796737766624843
8 8 0.80426599749059
32 3.0517578125E-05 0.602258469259724
32 0.0001220703125 0.602258469259724
32 0.00048828125 0.602258469259724
32 0.001953125 0.602258469259724
32 0.0078125 0.619824341279799
32 0.03125 0.726474278544542
32 0.125 0.764115432873275
32 0.5 0.809284818067754
32 2 0.824341279799247
32 8 0.814303638644918
128 3.0517578125E-05 0.602258469259724
128 0.0001220703125 0.602258469259724
128 0.00048828125 0.602258469259724
128 0.001953125 0.618569636135508
128 0.0078125 0.726474278544542
128 0.03125 0.765370138017566
128 0.125 0.789209535759097
128 0.5 0.825595984943538
128 2 0.846925972396487
128 8 0.831869510664994
512 3.0517578125E-05 0.602258469259724
512 0.0001220703125 0.602258469259724
512 0.00048828125 0.622333751568381
512 0.001953125 0.726474278544542
512 0.0078125 0.764115432873275
512 0.03125 0.782936010037641
512 0.125 0.82810539523212
512 0.5 0.849435382685069
512 2 0.83939774153074
512 8 0.830614805520703
2048 3.0517578125E-05 0.602258469259724
2048 0.0001220703125 0.62107904642409
2048 0.00048828125 0.728983688833124
2048 0.001953125 0.762860727728984
2048 0.0078125 0.779171894604768
2048 0.03125 0.820577164366374
2048 0.125 0.851944792973651
2048 0.5 0.858218318695107
2048 2 0.859473023839398
2048 8 0.841907151819322
8192 3.0517578125E-05 0.619824341279799
8192 0.0001220703125 0.731493099121706
8192 0.00048828125 0.764115432873275
8192 0.001953125 0.780426599749059
8192 0.0078125 0.809284818067754
8192 0.03125 0.836888331242158
8192 0.125 0.856963613550816
8192 0.5 0.851944792973651
8192 2 0.855708908406524
8192 8 0.796737766624843
32768 3.0517578125E-05 0.734002509410289
32768 0.0001220703125 0.767879548306148
32768 0.00048828125 0.776662484316186
32768 0.001953125 0.809284818067754
32768 0.0078125 0.835633626097867
32768 0.03125 0.845671267252196
32768 0.125 0.855708908406524
32768 0.5 0.863237139272271
32768 2 0.845671267252196
32768 8 0.80426599749059
13777.2468675169 0.210224103813429 0.849435382685069
13777.2468675169 0.25 0.851944792973651
13777.2468675169 0.29730177875068 0.86198243412798
13777.2468675169 0.353553390593274 0.867001254705144
13777.2468675169 0.420448207626857 0.863237139272271
13777.2468675169 0.5 0.854454203262233
13777.2468675169 0.594603557501361 0.864491844416562
13777.2468675169 0.707106781186548 0.870765370138018
13777.2468675169 0.840896415253715 0.858218318695107
13777.2468675169 1 0.843161856963614
13777.2468675169 1.18920711500272 0.86198243412798
16384 0.210224103813429 0.855708908406524
16384 0.25 0.860727728983689
16384 0.29730177875068 0.849435382685069
16384 0.353553390593274 0.854454203262233
16384 0.420448207626857 0.865746549560853
16384 0.5 0.874529485570891
16384 0.594603557501361 0.867001254705144
16384 0.707106781186548 0.865746549560853
16384 0.840896415253715 0.848180677540778
16384 1 0.841907151819322
16384 1.18920711500272 0.85069008782936
19483.9693722046 0.210224103813429 0.864491844416562
19483.9693722046 0.25 0.867001254705144
19483.9693722046 0.29730177875068 0.854454203262233
19483.9693722046 0.353553390593274 0.855708908406524
19483.9693722046 0.420448207626857 0.868255959849435
19483.9693722046 0.5 0.872020075282309
19483.9693722046 0.594603557501361 0.86198243412798
19483.9693722046 0.707106781186548 0.86198243412798
19483.9693722046 0.840896415253715 0.853199498117942
19483.9693722046 1 0.864491844416562
19483.9693722046 1.18920711500272 0.844416562107905
23170.4750059208 0.210224103813429 0.867001254705144
23170.4750059208 0.25 0.859473023839398
23170.4750059208 0.29730177875068 0.870765370138018
23170.4750059208 0.353553390593274 0.867001254705144
23170.4750059208 0.420448207626857 0.867001254705144
23170.4750059208 0.5 0.867001254705144
23170.4750059208 0.594603557501361 0.872020075282309
23170.4750059208 0.707106781186548 0.858218318695107
23170.4750059208 0.840896415253715 0.859473023839398
23170.4750059208 1 0.85069008782936
23170.4750059208 1.18920711500272 0.840652446675031
27554.4937350337 0.210224103813429 0.863237139272271
27554.4937350337 0.25 0.858218318695107
27554.4937350337 0.29730177875068 0.854454203262233
27554.4937350337 0.353553390593274 0.851944792973651
27554.4937350337 0.420448207626857 0.867001254705144
27554.4937350337 0.5 0.856963613550816
27554.4937350337 0.594603557501361 0.858218318695107
27554.4937350337 0.707106781186548 0.83939774153074
27554.4937350337 0.840896415253715 0.855708908406524
27554.4937350337 1 0.838143036386449
27554.4937350337 1.18920711500272 0.843161856963614
38967.9387444092 0.210224103813429 0.868255959849435
38967.9387444092 0.25 0.8732747804266
38967.9387444092 0.29730177875068 0.869510664993726
38967.9387444092 0.353553390593274 0.854454203262233
38967.9387444092 0.420448207626857 0.867001254705144
38967.9387444092 0.5 0.854454203262233
38967.9387444092 0.594603557501361 0.840652446675031
38967.9387444092 0.707106781186548 0.869510664993726
38967.9387444092 0.840896415253715 0.851944792973651
38967.9387444092 1 0.855708908406524
38967.9387444092 1.18920711500272 0.845671267252196
46340.9500118416 0.210224103813429 0.86198243412798
46340.9500118416 0.25 0.854454203262233
46340.9500118416 0.29730177875068 0.868255959849435
46340.9500118416 0.353553390593274 0.858218318695107
46340.9500118416 0.420448207626857 0.870765370138018
46340.9500118416 0.5 0.860727728983689
46340.9500118416 0.594603557501361 0.849435382685069
46340.9500118416 0.707106781186548 0.855708908406524
46340.9500118416 0.840896415253715 0.83939774153074
46340.9500118416 1 0.85069008782936
46340.9500118416 1.18920711500272 0.858218318695107
55108.9874700674 0.210224103813429 0.867001254705144
55108.9874700674 0.25 0.870765370138018
55108.9874700674 0.29730177875068 0.869510664993726
55108.9874700674 0.353553390593274 0.859473023839398
55108.9874700674 0.420448207626857 0.86198243412798
55108.9874700674 0.5 0.859473023839398
55108.9874700674 0.594603557501361 0.853199498117942
55108.9874700674 0.707106781186548 0.844416562107905
55108.9874700674 0.840896415253715 0.855708908406524
55108.9874700674 1 0.855708908406524
55108.9874700674 1.18920711500272 0.853199498117942
65536 0.210224103813429 0.859473023839398
65536 0.25 0.86198243412798
65536 0.29730177875068 0.880803011292346
65536 0.353553390593274 0.872020075282309
65536 0.420448207626857 0.867001254705144
65536 0.5 0.854454203262233
65536 0.594603557501361 0.868255959849435
65536 0.707106781186548 0.859473023839398
65536 0.840896415253715 0.845671267252196
65536 1 0.854454203262233
65536 1.18920711500272 0.835633626097867
77935.8774888183 0.210224103813429 0.874529485570891
77935.8774888183 0.25 0.8732747804266
77935.8774888183 0.29730177875068 0.872020075282309
77935.8774888183 0.353553390593274 0.872020075282309
77935.8774888183 0.420448207626857 0.863237139272271
77935.8774888183 0.5 0.863237139272271
77935.8774888183 0.594603557501361 0.86198243412798
77935.8774888183 0.707106781186548 0.846925972396487
77935.8774888183 0.840896415253715 0.843161856963614
77935.8774888183 1 0.860727728983689
77935.8774888183 1.18920711500272 0.863237139272271
