0.03125 3.0517578125E-05 0.40276035131744
0.03125 0.0001220703125 0.40276035131744
0.03125 0.00048828125 0.40276035131744
0.03125 0.001953125 0.40276035131744
0.03125 0.0078125 0.40276035131744
0.03125 0.03125 0.40276035131744
0.03125 0.125 0.40276035131744
0.03125 0.5 0.50564617314931
0.03125 2 0.501882057716437
0.03125 8 0.465495608531995
0.125 3.0517578125E-05 0.40276035131744
0.125 0.0001220703125 0.40276035131744
0.125 0.00048828125 0.40276035131744
0.125 0.001953125 0.40276035131744
0.125 0.0078125 0.40276035131744
0.125 0.03125 0.40276035131744
0.125 0.125 0.501882057716437
0.125 0.5 0.54077791718946
0.125 2 0.583437892095358
0.125 8 0.582183186951067
0.5 3.0517578125E-05 0.40276035131744
0.5 0.0001220703125 0.40276035131744
0.5 0.00048828125 0.40276035131744
0.5 0.001953125 0.40276035131744
0.5 0.0078125 0.40276035131744
0.5 0.03125 0.501882057716437
0.5 0.125 0.51693851944793
0.5 0.5 0.602258469259724
0.5 2 0.628607277289837
0.5 8 0.626097867001255
2 3.0517578125E-05 0.40276035131744
2 0.0001220703125 0.40276035131744
2 0.00048828125 0.40276035131744
2 0.001953125 0.40276035131744
2 0.0078125 0.495608531994981
2 0.03125 0.521957340025094
2 0.125 0.618569636135508
2 0.5 0.670012547051443
2 2 0.682559598494354
2 8 0.705144291091593
8 3.0517578125E-05 0.40276035131744
8 0.0001220703125 0.40276035131744
8 0.00048828125 0.40276035131744
8 0.001953125 0.50564617314931
8 0.0078125 0.508155583437892
8 0.03125 0.616060225846926
8 0.125 0.706398996235885
8 0.5 0.726474278544542
8 2 0.740276035131744
8 8 0.740276035131744
32 3.0517578125E-05 0.40276035131744
32 0.0001220703125 0.40276035131744
32 0.00048828125 0.513174404015056
32 0.001953125 0.511919698870765
32 0.0078125 0.592220828105395
32 0.03125 0.696361355081556
32 0.125 0.762860727728984
32 0.5 0.75909661229611
32 2 0.782936010037641
32 8 0.775407779171895
128 3.0517578125E-05 0.40276035131744
128 0.0001220703125 0.503136762860728
128 0.00048828125 0.51693851944793
128 0.001953125 0.599749058971142
128 0.0078125 0.676286072772898
128 0.03125 0.747804265997491
128 0.125 0.775407779171895
128 0.5 0.814303638644918
128 2 0.805520702634881
128 8 0.801756587202007
512 3.0517578125E-05 0.500627352572146
512 0.0001220703125 0.515683814303639
512 0.00048828125 0.59723964868256
512 0.001953125 0.664993726474279
512 0.0078125 0.740276035131744
512 0.03125 0.78168130489335
512 0.125 0.794228356336261
512 0.5 0.82810539523212
512 2 0.841907151819322
512 8 0.803011292346299
2048 3.0517578125E-05 0.521957340025094
2048 0.0001220703125 0.601003764115433
2048 0.00048828125 0.66624843161857
2048 0.001953125 0.737766624843162
2048 0.0078125 0.799247176913425
2048 0.03125 0.818067754077792
2048 0.125 0.83939774153074
2048 0.5 0.868255959849435
2048 2 0.844416562107905
2048 8 0.811794228356336
8192 3.0517578125E-05 0.601003764115433
8192 0.0001220703125 0.663739021329987
8192 0.00048828125 0.737766624843162
8192 0.001953125 0.790464240903388
8192 0.0078125 0.825595984943538
8192 0.03125 0.841907151819322
8192 0.125 0.854454203262233
8192 0.5 0.859473023839398
8192 2 0.82810539523212
8192 8 0.80426599749059
32768 3.0517578125E-05 0.664993726474279
32768 0.0001220703125 0.736511919698871
32768 0.00048828125 0.780426599749059
32768 0.001953125 0.81555834378921
32768 0.0078125 0.841907151819322
32768 0.03125 0.867001254705144
32768 0.125 0.868255959849435
32768 0.5 0.859473023839398
32768 2 0.841907151819322
32768 8 0.79297365119197
861.077929219804 0.210224103813429 0.830614805520703
861.077929219804 0.25 0.840652446675031
861.077929219804 0.29730177875068 0.843161856963614
861.077929219804 0.353553390593274 0.82810539523212
861.077929219804 0.420448207626857 0.841907151819322
861.077929219804 0.5 0.845671267252196
861.077929219804 0.594603557501361 0.851944792973651
861.077929219804 0.707106781186548 0.849435382685069
861.077929219804 0.840896415253715 0.854454203262233
861.077929219804 1 0.846925972396487
861.077929219804 1.18920711500272 0.840652446675031
1024 0.210224103813429 0.836888331242158
1024 0.25 0.845671267252196
1024 0.29730177875068 0.849435382685069
1024 0.353553390593274 0.845671267252196
1024 0.420448207626857 0.844416562107905
1024 0.5 0.845671267252196
1024 0.594603557501361 0.853199498117942
1024 0.707106781186548 0.849435382685069
1024 0.840896415253715 0.865746549560853
1024 1 0.849435382685069
1024 1.18920711500272 0.851944792973651
1217.74808576279 0.210224103813429 0.838143036386449
1217.74808576279 0.25 0.831869510664994
1217.74808576279 0.29730177875068 0.840652446675031
1217.74808576279 0.353553390593274 0.856963613550816
1217.74808576279 0.420448207626857 0.853199498117942
1217.74808576279 0.5 0.855708908406524
1217.74808576279 0.594603557501361 0.86198243412798
1217.74808576279 0.707106781186548 0.854454203262233
1217.74808576279 0.840896415253715 0.846925972396487
1217.74808576279 1 0.854454203262233
1217.74808576279 1.18920711500272 0.844416562107905
1448.15468787005 0.210224103813429 0.838143036386449
1448.15468787005 0.25 0.841907151819322
1448.15468787005 0.29730177875068 0.849435382685069
1448.15468787005 0.353553390593274 0.851944792973651
1448.15468787005 0.420448207626857 0.85069008782936
1448.15468787005 0.5 0.855708908406524
1448.15468787005 0.594603557501361 0.848180677540778
1448.15468787005 0.707106781186548 0.856963613550816
1448.15468787005 0.840896415253715 0.859473023839398
1448.15468787005 1 0.851944792973651
1448.15468787005 1.18920711500272 0.858218318695107
1722.15585843961 0.210224103813429 0.843161856963614
1722.15585843961 0.25 0.85069008782936
1722.15585843961 0.29730177875068 0.848180677540778
1722.15585843961 0.353553390593274 0.860727728983689
1722.15585843961 0.420448207626857 0.863237139272271
1722.15585843961 0.5 0.851944792973651
1722.15585843961 0.594603557501361 0.854454203262233
1722.15585843961 0.707106781186548 0.859473023839398
1722.15585843961 0.840896415253715 0.869510664993726
1722.15585843961 1 0.859473023839398
1722.15585843961 1.18920711500272 0.85069008782936
2435.49617152557 0.210224103813429 0.854454203262233
2435.49617152557 0.25 0.854454203262233
2435.49617152557 0.29730177875068 0.856963613550816
2435.49617152557 0.353553390593274 0.86198243412798
2435.49617152557 0.420448207626857 0.858218318695107
2435.49617152557 0.5 0.853199498117942
2435.49617152557 0.594603557501361 0.864491844416562
2435.49617152557 0.707106781186548 0.841907151819322
2435.49617152557 0.840896415253715 0.867001254705144
2435.49617152557 1 0.845671267252196
2435.49617152557 1.18920711500272 0.845671267252196
2896.3093757401 0.210224103813429 0.853199498117942
2896.3093757401 0.25 0.854454203262233
2896.3093757401 0.29730177875068 0.864491844416562
2896.3093757401 0.353553390593274 0.853199498117942
2896.3093757401 0.420448207626857 0.865746549560853
2896.3093757401 0.5 0.856963613550816
2896.3093757401 0.594603557501361 0.86198243412798
2896.3093757401 0.707106781186548 0.855708908406524
2896.3093757401 0.840896415253715 0.860727728983689
2896.3093757401 1 0.858218318695107
2896.3093757401 1.18920711500272 0.848180677540778
3444.31171687921 0.210224103813429 0.86198243412798
3444.31171687921 0.25 0.856963613550816
3444.31171687921 0.29730177875068 0.863237139272271
3444.31171687921 0.353553390593274 0.855708908406524
3444.31171687921 0.420448207626857 0.844416562107905
3444.31171687921 0.5 0.855708908406524
3444.31171687921 0.594603557501361 0.858218318695107
3444.31171687921 0.707106781186548 0.855708908406524
3444.31171687921 0.840896415253715 0.864491844416562
3444.31171687921 1 0.864491844416562
3444.31171687921 1.18920711500272 0.841907151819322
4096 0.210224103813429 0.854454203262233
4096 0.25 0.868255959849435
4096 0.29730177875068 0.859473023839398
4096 0.353553390593274 0.856963613550816
4096 0.420448207626857 0.860727728983689
4096 0.5 0.865746549560853
4096 0.594603557501361 0.863237139272271
4096 0.707106781186548 0.86198243412798
4096 0.840896415253715 0.853199498117942
4096 1 0.853199498117942
4096 1.18920711500272 0.858218318695107
4870.99234305115 0.210224103813429 0.853199498117942
4870.99234305115 0.25 0.864491844416562
4870.99234305115 0.29730177875068 0.865746549560853
4870.99234305115 0.353553390593274 0.860727728983689
4870.99234305115 0.420448207626857 0.853199498117942
4870.99234305115 0.5 0.863237139272271
4870.99234305115 0.594603557501361 0.865746549560853
4870.99234305115 0.707106781186548 0.867001254705144
4870.99234305115 0.840896415253715 0.854454203262233
4870.99234305115 1 0.853199498117942
4870.99234305115 1.18920711500272 0.841907151819322
