labels 1 0 -1
-1 -1 2.44186111506211E-14 2.93023328923732E-14 0.999999999999946 
-1 -1 2.44186111506211E-14 2.93023328923732E-14 0.999999999999946 
-1 -1 2.44186111506211E-14 2.93023328923732E-14 0.999999999999946 
-1 -1 2.44186111506211E-14 2.93023328923732E-14 0.999999999999946 
-1 -1 2.44186111506211E-14 2.93023328923732E-14 0.999999999999946 
-1 -1 2.44186111506211E-14 2.93023328923732E-14 0.999999999999946 
-1 -1 2.44186111506211E-14 2.93023328923732E-14 0.999999999999946 
-1 -1 2.44186111506211E-14 2.93023328923732E-14 0.999999999999946 
-1 -1 2.44186111506211E-14 2.93023328923732E-14 0.999999999999946 
-1 -1 2.44186177205799E-14 2.93023374815607E-14 0.999999999999946 
-1 -1 2.44186111506211E-14 2.93023328923732E-14 0.999999999999946 
-1 -1 2.44186111506211E-14 2.93023328923732E-14 0.999999999999946 
-1 -1 2.44186111506211E-14 2.93023328923732E-14 0.999999999999946 
-1 -1 2.44186111506211E-14 2.93023328923732E-14 0.999999999999946 
-1 -1 1.64865378994848E-12 1.97838658138536E-12 0.999999999996373 
-1 -1 2.44186119483805E-14 2.93023334496169E-14 0.999999999999946 
-1 -1 2.44186475507029E-14 2.93023583181973E-14 0.999999999999946 
-1 -1 2.44186111506211E-14 2.93023328923732E-14 0.999999999999946 
-1 -1 3.10135673237305E-14 3.72162817031201E-14 0.999999999999932 
-1 -1 1.82802625504037E-13 2.19363249719731E-13 0.999999999999598 
-1 -1 1.71446309949362E-13 2.05735660441399E-13 0.999999999999623 
-1 -1 2.44186611692421E-14 2.93023678308667E-14 0.999999999999946 
-1 -1 1.4833221579444E-13 1.77997795788271E-13 0.999999999999674 
-1 -1 2.44191806163444E-14 2.93027306620795E-14 0.999999999999946 
-1 -1 3.040917855798E-13 3.64907591057694E-13 0.999999999999331 
-1 -1 2.44197964514327E-14 2.9303160801757E-14 0.999999999999946 
-1 -1 2.44207643593785E-14 2.93038368126387E-14 0.999999999999946 
-1 -1 3.18499997345386E-14 3.82175351966914E-14 0.99999999999993 
-1 -1 2.44269068369417E-14 2.93081257425486E-14 0.999999999999946 
-1 -1 2.44253915509393E-13 2.93040422975697E-13 0.999999999999463 
-1 -1 5.77947163376016E-13 6.93294622315957E-13 0.999999999998729 
-1 -1 1.28125834560757E-12 1.53674539180532E-12 0.999999999997182 
-1 -1 2.94271852013034E-12 3.52881349381908E-12 0.999999999993528 
-1 -1 3.85482527106109E-12 4.62219321503124E-12 0.999999999991523 
-1 -1 4.89307246244243E-12 5.86626321926065E-12 0.999999999989241 
-1 -1 6.39529643098815E-12 7.66600404333837E-12 0.999999999985939 
-1 -1 8.34179937603198E-12 9.99773284541306E-12 0.99999999998166 
-1 -1 1.11810967196502E-11 1.33984703271506E-11 0.99999999997542 
-1 -1 1.6010513552454E-11 1.91825523833458E-11 0.999999999964807 
-1 -1 2.70605670726797E-11 3.24118697185701E-11 0.999999999940528 
-1 -1 4.44114311200451E-11 5.31835686650521E-11 0.999999999902405 
-1 -1 7.14769084622046E-11 8.55895311569459E-11 0.999999999842934 
-1 -1 1.09909305293902E-10 1.31588324010523E-10 0.999999999758503 
-1 -1 1.70307981402284E-10 2.0384394267983E-10 0.999999999625848 
-1 -1 2.6024918911921E-10 3.11376123228936E-10 0.999999999428375 
-1 -1 4.00731002750677E-10 4.79144514612377E-10 0.999999999120124 
-1 -1 1.293687730143E-10 1.54439011320387E-10 0.999999999716192 
-1 -1 1.52614323192321E-10 1.81250900726358E-10 0.999999999666135 
-1 -1 3.10054274717848E-09 3.66417991715117E-09 0.999999993235277 
-1 -1 8.52225272328438E-09 1.0130831224378E-08 0.999999981346916 
-1 -1 1.12825738756497E-08 1.34009216536449E-08 0.999999975316505 
-1 -1 1.41584468433637E-08 1.68005356171337E-08 0.999999969041018 
-1 -1 1.67406801700082E-08 1.98459877954601E-08 0.999999963413332 
-1 -1 2.07212348135347E-08 2.45391792486699E-08 0.999999954739586 
-1 -1 2.55592593608826E-08 3.02210404066239E-08 0.9999999442197 
-1 -1 3.00492196245621E-08 3.54676000886666E-08 0.99999993448318 
-1 -1 3.39766026062345E-08 4.00253730832248E-08 0.999999925998024 
-1 -1 3.77839096690679E-08 4.43903365419667E-08 0.999999917825754 
-1 -1 4.42716993820674E-08 5.18207479842131E-08 0.999999903907553 
-1 -1 2.80602087577471E-08 3.20285765919521E-08 0.999999939911215 
-1 -1 2.98568599246586E-08 3.21460894929182E-08 0.999999937997051 
-1 -1 1.13823553446601E-06 1.36776391062464E-06 0.999997494000555 
-1 -1 0.000157530337301543 0.0174728745428287 0.98236959511987 
-1 -1 0.000982572865664331 0.0486108040321654 0.95040662310217 
-1 -1 3.56757839240676E-05 0.00618249690007094 0.993781827316005 
-1 -1 1.65430325515605E-06 1.66210941486149E-06 0.99999668358733 
-1 -1 1.784376651613E-06 1.51228863059555E-06 0.999996703334718 
0 -1 0.000410540159051251 0.00831017964145275 0.991279280199496 
0 -1 0.00138293941655275 0.10906674853878 0.889550312044667 
0 -1 0.00254926022923076 0.176689889299661 0.820760850471108 
0 -1 0.00437855454109984 0.250179885459314 0.745441559999586 
0 -1 0.00777726908736821 0.342955034280912 0.64926769663172 
0 -1 0.013866919457755 0.432031993734647 0.554101086807598 
0 0 0.0255465113833551 0.521614585802634 0.452838902814011 
0 0 0.0476446586758632 0.592216990996493 0.360138350327644 
0 0 0.120794426074591 0.559838258525421 0.319367315399988 
0 0 0.206057566039557 0.460570495303489 0.333371938656954 
0 -1 0.334074680151515 0.23675951352425 0.429165806324236 
0 -1 0.185472526846979 0.0729893876109544 0.741538085542067 
0 -1 0.102683336734307 0.0742571373268614 0.823059525938831 
0 -1 0.107577077245212 0.28197555992977 0.610447362825017 
0 0 0.249475424987559 0.473615420080757 0.276909154931685 
0 1 0.341143459519136 0.340688890816836 0.318167649664028 
0 1 0.383328167220458 0.301355057031045 0.315316775748497 
0 1 0.837231085369645 0.0989918945062919 0.0637770201240633 
0 1 0.799551257329858 0.0526651865639384 0.147783556106204 
0 1 0.698264065355784 0.0718024382996592 0.229933496344557 
0 1 0.583424060885262 0.0853258770111762 0.331250062103562 
0 -1 0.452753408228283 0.0881623632031964 0.45908422856852 
0 -1 0.333138307855096 0.0794984216293101 0.587363270515594 
0 -1 0.229749147163144 0.0676426316148222 0.702608221222034 
0 -1 0.149067627690603 0.054845925242384 0.796086447067013 
-1 -1 0.0927264698256365 0.0433679078850944 0.863905622289269 
-1 -1 0.0530262066639821 0.0334776173700145 0.913496175966004 
-1 -1 0.0315938486784995 0.0245919364022605 0.94381421491924 
-1 -1 0.0187248432869915 0.0181756890606799 0.963099467652328 
-1 -1 0.0121877901327566 0.0138924547448659 0.973919755122377 
-1 -1 0.00256187030613097 0.0105344753785795 0.986903654315289 
-1 -1 0.00072055320295712 0.00712097104394042 0.992158475753102 
-1 -1 0.00135362352762007 0.0160405416790536 0.982605834793326 
-1 -1 0.00807409692574574 0.173885040373284 0.81804086270097 
-1 -1 0.0155712449594254 0.267488813288597 0.716939941751978 
-1 -1 0.028917596144757 0.388422352878277 0.582660050976966 
0 0 0.0478418107514563 0.509295786803369 0.442862402445175 
0 0 0.0730920868817209 0.603909671338893 0.322998241779386 
0 0 0.130386059482461 0.660613006900502 0.209000933617037 
0 0 0.218941990440937 0.605470019087721 0.175587990471342 
0 0 0.34243342275551 0.454956932185134 0.202609645059356 
0 1 0.485811856411148 0.286562368539617 0.227625775049235 
0 1 0.626283145867353 0.163453766149731 0.210263087982916 
0 1 0.75164678299011 0.0820790955030373 0.166274121506852 
0 1 0.845837634302214 0.0371347868599779 0.117027578837808 
0 1 0.913094772393619 0.0140554101986482 0.0728498174077331 
0 1 0.919510713906071 0.010448494653756 0.0700407914401726 
1 1 0.981829521064334 0.00108065659674893 0.0170898223389173 
1 1 0.999951524969114 2.55429139565757E-06 4.59207394909354E-05 
1 1 0.989529964644035 0.001138789189594 0.00933124616637059 
1 1 0.982937121680304 0.000973479236506077 0.01608939908319 
1 1 0.991098043293599 0.000296238571689406 0.00860571813471144 
1 1 0.999844163280408 0.000128881252822257 2.6955466770049E-05 
1 1 0.999799319338519 9.59627905975141E-05 0.000104717870883728 
0 1 0.99914394809304 0.000306648028782666 0.000549403878177647 
0 1 0.996023713574386 0.000993209273961147 0.00298307715165249 
0 1 0.97891868886829 0.00528520738064958 0.0157961037510609 
0 1 0.86099573079574 0.0317154602805512 0.107288808923709 
0 1 0.529729028280298 0.0805983476403168 0.389672624079385 
0 -1 0.214613831475135 0.0817725988442264 0.703613569680638 
0 -1 0.154364524493479 0.135473476423455 0.710161999083066 
0 -1 0.101171970822257 0.164236338280607 0.734591690897136 
0 -1 0.0123643663519288 0.0409658298712447 0.946669803776827 
0 0 0.227228235858098 0.405220189736618 0.367551574405285 
0 -1 0.112941981862306 0.201681601319752 0.685376416817942 
0 -1 0.0184403663164873 0.0789949057664466 0.902564727917066 
0 0 0.106887030730396 0.58647462133848 0.306638347931124 
0 -1 0.0596511370939871 0.185687705734554 0.754661157171459 
0 -1 0.0109495614461435 0.0460994400359492 0.942950998517907 
0 -1 0.00941910049531765 0.046281366828695 0.944299532675987 
0 -1 0.00519501404011949 0.0445164384882972 0.950288547471583 
0 -1 0.0122347799786952 0.411638442207166 0.576126777814138 
0 0 0.0330415518667479 0.666854848731778 0.300103599401474 
-1 -1 0.0270541029773534 0.203044356001904 0.769901541020742 
-1 -1 0.0161684915066176 0.0297667341518863 0.954064774341496 
-1 -1 0.009663322201452 0.0182207262515152 0.972115951547032 
-1 -1 0.00535236609933192 0.010674217005281 0.983973416895387 
-1 -1 0.00324653868408279 0.00872123521499616 0.988032226100921 
-1 -1 0.000755288811714803 0.00561621465249225 0.993628496535793 
-1 -1 0.000150508822475771 0.00760845422211464 0.99224103695541 
-1 -1 0.0165897254878856 0.330939007091615 0.652471267420499 
-1 -1 0.0302594449041056 0.0914849454841208 0.878255609611774 
-1 -1 0.00658850888578159 0.00898911181678337 0.984422379297435 
-1 -1 0.000574956188188396 0.00317700285431807 0.996248040957494 
-1 -1 0.0274471968878541 0.0127281916641068 0.959824611448039 
-1 -1 0.00995734899483369 0.0438943536059848 0.946148297399181 
-1 -1 0.00564290931134596 0.00505762943636402 0.98929946125229 
-1 -1 0.00312958126588086 0.00325829384909494 0.993612124885024 
-1 -1 0.000583066512528793 0.00177573161593312 0.997641201871538 
-1 -1 0.000140445456409509 0.00111336242225536 0.998746192121335 
-1 -1 0.000530516338406334 0.0142488272529918 0.985220656408602 
-1 -1 0.00300386500748734 0.160652795023735 0.836343339968777 
0 -1 0.00655787378788435 0.260124024334497 0.733318101877619 
0 -1 0.0137258877816184 0.380842501788118 0.605431610430263 
0 0 0.0342157780767775 0.508555584072938 0.457228637850284 
-1 0 0.0543595175198176 0.499075560826231 0.446564921653951 
-1 -1 0.188562283238901 0.194736447331394 0.616701269429705 
-1 -1 0.180266733843353 0.0252426410492764 0.794490625107371 
-1 -1 0.160545225159974 0.0235536368871743 0.815901137952851 
-1 -1 0.0308124511007058 0.00916738172167745 0.960020167177617 
-1 -1 0.00470685710063012 0.00477365573454906 0.990519487164821 
-1 -1 0.00060294167623821 0.0229272116152648 0.976469846708497 
-1 0 0.0703109493183106 0.540933495744497 0.388755554937192 
-1 -1 0.0256013903993054 0.0463876247078226 0.928010984892872 
-1 -1 0.210665528260863 0.0215909624543006 0.767743509284836 
-1 -1 0.203617782604521 0.020628779196975 0.775753438198504 
-1 -1 0.0179810815990726 0.0341136094367684 0.947905308964159 
-1 -1 0.00257676229870105 0.00292998520544276 0.994493252495856 
-1 -1 0.246336592148374 0.0246328226095884 0.729030585242037 
-1 -1 0.0607885531238749 0.4093034935278 0.529907953348325 
-1 -1 0.0345612767610968 0.0445864019450551 0.920852321293848 
-1 -1 0.00647711070117132 0.00473617782492427 0.988786711473905 
-1 -1 0.000829600562885225 0.026726300816369 0.972444098620746 
-1 0 0.0938531313487014 0.465098879650988 0.44104798900031 
-1 -1 0.0089662265593119 0.0205630186692787 0.970470754771409 
-1 1 0.628525738164926 0.0577266606042699 0.313747601230804 
-1 0 0.0923941661568388 0.604532461080202 0.303073372762959 
-1 -1 0.0761091742625426 0.0883354642087888 0.835555361528669 
-1 1 0.616620021181548 0.0579472853800982 0.325432693438354 
-1 -1 0.149321217122996 0.0157383539766619 0.834940428900342 
-1 -1 0.0141030016240764 0.334565886787949 0.651331111587974 
-1 -1 0.0153682056505163 0.188268284334434 0.79636351001505 
-1 0 0.105523384843116 0.552859756682096 0.341616858474789 
-1 0 0.157893025041635 0.576544511660229 0.265562463298136 
-1 -1 0.194160791959794 0.369188783106253 0.436650424933953 
-1 -1 0.0275327272134646 0.0183725191555849 0.95409475363095 
-1 0 0.14803494270319 0.576541788260105 0.275423269036704 
-1 0 0.0844498365119152 0.844307903155464 0.0712422603326212 
-1 1 0.454272513549781 0.388381117463511 0.157346368986708 
-1 1 0.68806757832196 0.0214267697373379 0.290505651940702 
-1 -1 0.11376712412872 0.0157899613095057 0.870442914561774 
-1 -1 0.0332562335937463 0.018977465710197 0.947766300696057 
-1 0 0.151060640603726 0.511775582183901 0.337163777212373 
