0.03125 3.0517578125E-05 0.457967377666248
0.03125 0.0001220703125 0.457967377666248
0.03125 0.00048828125 0.457967377666248
0.03125 0.001953125 0.457967377666248
0.03125 0.0078125 0.457967377666248
0.03125 0.03125 0.457967377666248
0.03125 0.125 0.457967377666248
0.03125 0.5 0.457967377666248
0.03125 2 0.457967377666248
0.03125 8 0.457967377666248
0.125 3.0517578125E-05 0.457967377666248
0.125 0.0001220703125 0.457967377666248
0.125 0.00048828125 0.457967377666248
0.125 0.001953125 0.457967377666248
0.125 0.0078125 0.457967377666248
0.125 0.03125 0.457967377666248
0.125 0.125 0.457967377666248
0.125 0.5 0.473023839397742
0.125 2 0.584692597239649
0.125 8 0.568381430363864
0.5 3.0517578125E-05 0.457967377666248
0.5 0.0001220703125 0.457967377666248
0.5 0.00048828125 0.457967377666248
0.5 0.001953125 0.457967377666248
0.5 0.0078125 0.457967377666248
0.5 0.03125 0.457967377666248
0.5 0.125 0.481806775407779
0.5 0.5 0.602258469259724
0.5 2 0.634880803011292
0.5 8 0.649937264742785
2 3.0517578125E-05 0.457967377666248
2 0.0001220703125 0.457967377666248
2 0.00048828125 0.457967377666248
2 0.001953125 0.457967377666248
2 0.0078125 0.457967377666248
2 0.03125 0.468005018820577
2 0.125 0.616060225846926
2 0.5 0.647427854454203
2 2 0.681304893350063
2 8 0.693851944792974
8 3.0517578125E-05 0.457967377666248
8 0.0001220703125 0.457967377666248
8 0.00048828125 0.457967377666248
8 0.001953125 0.457967377666248
8 0.0078125 0.45922208281054
8 0.03125 0.624843161856964
8 0.125 0.680050188205772
8 0.5 0.706398996235885
8 2 0.739021329987453
8 8 0.721455457967378
32 3.0517578125E-05 0.457967377666248
32 0.0001220703125 0.457967377666248
32 0.00048828125 0.457967377666248
32 0.001953125 0.465495608531995
32 0.0078125 0.622333751568381
32 0.03125 0.672521957340025
32 0.125 0.734002509410289
32 0.5 0.767879548306148
32 2 0.777917189460477
32 8 0.761606022584693
128 3.0517578125E-05 0.457967377666248
128 0.0001220703125 0.457967377666248
128 0.00048828125 0.468005018820577
128 0.001953125 0.608531994981179
128 0.0078125 0.693851944792974
128 0.03125 0.734002509410289
128 0.125 0.762860727728984
128 0.5 0.79297365119197
128 2 0.790464240903388
128 8 0.785445420326223
512 3.0517578125E-05 0.457967377666248
512 0.0001220703125 0.469259723964868
512 0.00048828125 0.609786700125471
512 0.001953125 0.685069008782936
512 0.0078125 0.745294855708908
512 0.03125 0.771643663739021
512 0.125 0.803011292346299
512 0.5 0.81555834378921
512 2 0.813048933500627
512 8 0.789209535759097
2048 3.0517578125E-05 0.474278544542033
2048 0.0001220703125 0.59723964868256
2048 0.00048828125 0.682559598494354
2048 0.001953125 0.744040150564617
2048 0.0078125 0.772898368883312
2048 0.03125 0.79297365119197
2048 0.125 0.805520702634881
2048 0.5 0.806775407779172
2048 2 0.821831869510665
2048 8 0.799247176913425
8192 3.0517578125E-05 0.603513174404015
8192 0.0001220703125 0.682559598494354
8192 0.00048828125 0.734002509410289
8192 0.001953125 0.769134253450439
8192 0.0078125 0.796737766624843
8192 0.03125 0.806775407779172
8192 0.125 0.82810539523212
8192 0.5 0.81555834378921
8192 2 0.833124215809285
8192 8 0.772898368883312
32768 3.0517578125E-05 0.680050188205772
32768 0.0001220703125 0.734002509410289
32768 0.00048828125 0.764115432873275
32768 0.001953125 0.785445420326223
32768 0.0078125 0.814303638644918
32768 0.03125 0.826850690087829
32768 0.125 0.820577164366374
32768 0.5 0.833124215809285
32768 2 0.825595984943538
32768 8 0.789209535759097
3444.31171687921 0.840896415253715 0.821831869510665
3444.31171687921 1 0.830614805520703
3444.31171687921 1.18920711500272 0.826850690087829
3444.31171687921 1.4142135623731 0.821831869510665
3444.31171687921 1.68179283050743 0.811794228356336
3444.31171687921 2 0.823086574654956
3444.31171687921 2.37841423000544 0.808030112923463
3444.31171687921 2.82842712474619 0.80426599749059
3444.31171687921 3.36358566101486 0.808030112923463
3444.31171687921 4 0.809284818067754
3444.31171687921 4.75682846001088 0.810539523212045
4096 0.840896415253715 0.830614805520703
4096 1 0.82810539523212
4096 1.18920711500272 0.824341279799247
4096 1.4142135623731 0.819322459222083
4096 1.68179283050743 0.820577164366374
4096 2 0.81555834378921
4096 2.37841423000544 0.80426599749059
4096 2.82842712474619 0.80426599749059
4096 3.36358566101486 0.800501882057716
4096 4 0.796737766624843
4096 4.75682846001088 0.81555834378921
4870.99234305115 0.840896415253715 0.819322459222083
4870.99234305115 1 0.825595984943538
4870.99234305115 1.18920711500272 0.813048933500627
4870.99234305115 1.4142135623731 0.816813048933501
4870.99234305115 1.68179283050743 0.81555834378921
4870.99234305115 2 0.806775407779172
4870.99234305115 2.37841423000544 0.806775407779172
4870.99234305115 2.82842712474619 0.80426599749059
4870.99234305115 3.36358566101486 0.809284818067754
4870.99234305115 4 0.808030112923463
4870.99234305115 4.75682846001088 0.803011292346299
5792.6187514802 0.840896415253715 0.830614805520703
5792.6187514802 1 0.82810539523212
5792.6187514802 1.18920711500272 0.809284818067754
5792.6187514802 1.4142135623731 0.821831869510665
5792.6187514802 1.68179283050743 0.820577164366374
5792.6187514802 2 0.826850690087829
5792.6187514802 2.37841423000544 0.819322459222083
5792.6187514802 2.82842712474619 0.810539523212045
5792.6187514802 3.36358566101486 0.810539523212045
5792.6187514802 4 0.810539523212045
5792.6187514802 4.75682846001088 0.808030112923463
6888.62343375843 0.840896415253715 0.824341279799247
6888.62343375843 1 0.824341279799247
6888.62343375843 1.18920711500272 0.805520702634881
6888.62343375843 1.4142135623731 0.819322459222083
6888.62343375843 1.68179283050743 0.823086574654956
6888.62343375843 2 0.803011292346299
6888.62343375843 2.37841423000544 0.803011292346299
6888.62343375843 2.82842712474619 0.80426599749059
6888.62343375843 3.36358566101486 0.801756587202007
6888.62343375843 4 0.797992471769134
6888.62343375843 4.75682846001088 0.794228356336261
9741.98468610229 0.840896415253715 0.82810539523212
9741.98468610229 1 0.836888331242158
9741.98468610229 1.18920711500272 0.806775407779172
9741.98468610229 1.4142135623731 0.818067754077792
9741.98468610229 1.68179283050743 0.823086574654956
9741.98468610229 2 0.813048933500627
9741.98468610229 2.37841423000544 0.816813048933501
9741.98468610229 2.82842712474619 0.800501882057716
9741.98468610229 3.36358566101486 0.800501882057716
9741.98468610229 4 0.816813048933501
9741.98468610229 4.75682846001088 0.816813048933501
11585.2375029604 0.840896415253715 0.835633626097867
11585.2375029604 1 0.83939774153074
11585.2375029604 1.18920711500272 0.81555834378921
11585.2375029604 1.4142135623731 0.833124215809285
11585.2375029604 1.68179283050743 0.820577164366374
11585.2375029604 2 0.819322459222083
11585.2375029604 2.37841423000544 0.816813048933501
11585.2375029604 2.82842712474619 0.81555834378921
11585.2375029604 3.36358566101486 0.805520702634881
11585.2375029604 4 0.803011292346299
11585.2375029604 4.75682846001088 0.800501882057716
13777.2468675169 0.840896415253715 0.82810539523212
13777.2468675169 1 0.816813048933501
13777.2468675169 1.18920711500272 0.840652446675031
13777.2468675169 1.4142135623731 0.82810539523212
13777.2468675169 1.68179283050743 0.834378920953576
13777.2468675169 2 0.83939774153074
13777.2468675169 2.37841423000544 0.81555834378921
13777.2468675169 2.82842712474619 0.808030112923463
13777.2468675169 3.36358566101486 0.821831869510665
13777.2468675169 4 0.795483061480552
13777.2468675169 4.75682846001088 0.784190715181932
16384 0.840896415253715 0.830614805520703
16384 1 0.825595984943538
16384 1.18920711500272 0.83939774153074
16384 1.4142135623731 0.80426599749059
16384 1.68179283050743 0.82810539523212
16384 2 0.821831869510665
16384 2.37841423000544 0.814303638644918
16384 2.82842712474619 0.801756587202007
16384 3.36358566101486 0.799247176913425
16384 4 0.797992471769134
16384 4.75682846001088 0.810539523212045
19483.9693722046 0.840896415253715 0.823086574654956
19483.9693722046 1 0.811794228356336
19483.9693722046 1.18920711500272 0.811794228356336
19483.9693722046 1.4142135623731 0.81555834378921
19483.9693722046 1.68179283050743 0.797992471769134
19483.9693722046 2 0.811794228356336
19483.9693722046 2.37841423000544 0.81555834378921
19483.9693722046 2.82842712474619 0.814303638644918
19483.9693722046 3.36358566101486 0.790464240903388
19483.9693722046 4 0.818067754077792
19483.9693722046 4.75682846001088 0.809284818067754
