0.03125 3.0517578125E-05 0.51528384279476
0.03125 0.0001220703125 0.51528384279476
0.03125 0.00048828125 0.51528384279476
0.03125 0.001953125 0.51528384279476
0.03125 0.0078125 0.51528384279476
0.03125 0.03125 0.51528384279476
0.03125 0.125 0.51528384279476
0.03125 0.5 0.51528384279476
0.03125 2 0.51528384279476
0.03125 8 0.51528384279476
0.125 3.0517578125E-05 0.51528384279476
0.125 0.0001220703125 0.51528384279476
0.125 0.00048828125 0.51528384279476
0.125 0.001953125 0.51528384279476
0.125 0.0078125 0.51528384279476
0.125 0.03125 0.51528384279476
0.125 0.125 0.51528384279476
0.125 0.5 0.51528384279476
0.125 2 0.51528384279476
0.125 8 0.497816593886463
0.5 3.0517578125E-05 0.51528384279476
0.5 0.0001220703125 0.51528384279476
0.5 0.00048828125 0.51528384279476
0.5 0.001953125 0.51528384279476
0.5 0.0078125 0.51528384279476
0.5 0.03125 0.51528384279476
0.5 0.125 0.51528384279476
0.5 0.5 0.51528384279476
0.5 2 0.554585152838428
0.5 8 0.624454148471616
2 3.0517578125E-05 0.51528384279476
2 0.0001220703125 0.51528384279476
2 0.00048828125 0.51528384279476
2 0.001953125 0.51528384279476
2 0.0078125 0.51528384279476
2 0.03125 0.51528384279476
2 0.125 0.51528384279476
2 0.5 0.558951965065502
2 2 0.633187772925764
2 8 0.62882096069869
8 3.0517578125E-05 0.51528384279476
8 0.0001220703125 0.51528384279476
8 0.00048828125 0.51528384279476
8 0.001953125 0.51528384279476
8 0.0078125 0.51528384279476
8 0.03125 0.510917030567686
8 0.125 0.541484716157205
8 0.5 0.576419213973799
8 2 0.624454148471616
8 8 0.655021834061135
32 3.0517578125E-05 0.51528384279476
32 0.0001220703125 0.51528384279476
32 0.00048828125 0.51528384279476
32 0.001953125 0.51528384279476
32 0.0078125 0.502183406113537
32 0.03125 0.563318777292576
32 0.125 0.589519650655022
32 0.5 0.580786026200873
32 2 0.602620087336245
32 8 0.655021834061135
128 3.0517578125E-05 0.51528384279476
128 0.0001220703125 0.51528384279476
128 0.00048828125 0.51528384279476
128 0.001953125 0.51528384279476
128 0.0078125 0.528384279475983
128 0.03125 0.593886462882096
128 0.125 0.589519650655022
128 0.5 0.646288209606987
128 2 0.602620087336245
128 8 0.720524017467249
512 3.0517578125E-05 0.51528384279476
512 0.0001220703125 0.51528384279476
512 0.00048828125 0.510917030567686
512 0.001953125 0.524017467248908
512 0.0078125 0.580786026200873
512 0.03125 0.580786026200873
512 0.125 0.585152838427948
512 0.5 0.606986899563319
512 2 0.681222707423581
512 8 0.746724890829694
2048 3.0517578125E-05 0.51528384279476
2048 0.0001220703125 0.510917030567686
2048 0.00048828125 0.550218340611354
2048 0.001953125 0.572052401746725
2048 0.0078125 0.602620087336245
2048 0.03125 0.585152838427948
2048 0.125 0.633187772925764
2048 0.5 0.641921397379913
2048 2 0.689956331877729
2048 8 0.720524017467249
8192 3.0517578125E-05 0.493449781659389
8192 0.0001220703125 0.528384279475983
8192 0.00048828125 0.602620087336245
8192 0.001953125 0.611353711790393
8192 0.0078125 0.602620087336245
8192 0.03125 0.580786026200873
8192 0.125 0.62882096069869
8192 0.5 0.663755458515284
8192 2 0.74235807860262
8192 8 0.781659388646288
32768 3.0517578125E-05 0.550218340611354
32768 0.0001220703125 0.593886462882096
32768 0.00048828125 0.585152838427948
32768 0.001953125 0.624454148471616
32768 0.0078125 0.620087336244541
32768 0.03125 0.550218340611354
32768 0.125 0.641921397379913
32768 0.5 0.681222707423581
32768 2 0.77292576419214
32768 8 0.746724890829694
3444.31171687921 3.36358566101486 0.764192139737991
3444.31171687921 4 0.764192139737991
3444.31171687921 4.75682846001088 0.781659388646288
3444.31171687921 5.65685424949238 0.764192139737991
3444.31171687921 6.72717132202972 0.746724890829694
3444.31171687921 8 0.733624454148472
3444.31171687921 9.51365692002177 0.720524017467249
3444.31171687921 11.3137084989848 0.703056768558952
3444.31171687921 13.4543426440594 0.720524017467249
3444.31171687921 16 0.716157205240175
3444.31171687921 19.0273138400435 0.737991266375546
4096 3.36358566101486 0.729257641921397
4096 4 0.786026200873362
4096 4.75682846001088 0.716157205240175
4096 5.65685424949238 0.807860262008734
4096 6.72717132202972 0.768558951965066
4096 8 0.781659388646288
4096 9.51365692002177 0.794759825327511
4096 11.3137084989848 0.820960698689956
4096 13.4543426440594 0.746724890829694
4096 16 0.707423580786026
4096 19.0273138400435 0.74235807860262
4870.99234305115 3.36358566101486 0.764192139737991
4870.99234305115 4 0.724890829694323
4870.99234305115 4.75682846001088 0.764192139737991
4870.99234305115 5.65685424949238 0.74235807860262
4870.99234305115 6.72717132202972 0.729257641921397
4870.99234305115 8 0.77292576419214
4870.99234305115 9.51365692002177 0.729257641921397
4870.99234305115 11.3137084989848 0.786026200873362
4870.99234305115 13.4543426440594 0.755458515283843
4870.99234305115 16 0.720524017467249
4870.99234305115 19.0273138400435 0.720524017467249
5792.6187514802 3.36358566101486 0.74235807860262
5792.6187514802 4 0.74235807860262
5792.6187514802 4.75682846001088 0.77292576419214
5792.6187514802 5.65685424949238 0.737991266375546
5792.6187514802 6.72717132202972 0.77292576419214
5792.6187514802 8 0.74235807860262
5792.6187514802 9.51365692002177 0.790393013100437
5792.6187514802 11.3137084989848 0.74235807860262
5792.6187514802 13.4543426440594 0.755458515283843
5792.6187514802 16 0.733624454148472
5792.6187514802 19.0273138400435 0.746724890829694
6888.62343375843 3.36358566101486 0.759825327510917
6888.62343375843 4 0.737991266375546
6888.62343375843 4.75682846001088 0.77292576419214
6888.62343375843 5.65685424949238 0.786026200873362
6888.62343375843 6.72717132202972 0.755458515283843
6888.62343375843 8 0.777292576419214
6888.62343375843 9.51365692002177 0.764192139737991
6888.62343375843 11.3137084989848 0.759825327510917
6888.62343375843 13.4543426440594 0.733624454148472
6888.62343375843 16 0.74235807860262
6888.62343375843 19.0273138400435 0.74235807860262
9741.98468610229 3.36358566101486 0.746724890829694
9741.98468610229 4 0.764192139737991
9741.98468610229 4.75682846001088 0.794759825327511
9741.98468610229 5.65685424949238 0.781659388646288
9741.98468610229 6.72717132202972 0.764192139737991
9741.98468610229 8 0.803493449781659
9741.98468610229 9.51365692002177 0.816593886462882
9741.98468610229 11.3137084989848 0.737991266375546
9741.98468610229 13.4543426440594 0.729257641921397
9741.98468610229 16 0.733624454148472
9741.98468610229 19.0273138400435 0.724890829694323
11585.2375029604 3.36358566101486 0.768558951965066
11585.2375029604 4 0.746724890829694
11585.2375029604 4.75682846001088 0.786026200873362
11585.2375029604 5.65685424949238 0.807860262008734
11585.2375029604 6.72717132202972 0.803493449781659
11585.2375029604 8 0.764192139737991
11585.2375029604 9.51365692002177 0.77292576419214
11585.2375029604 11.3137084989848 0.751091703056769
11585.2375029604 13.4543426440594 0.737991266375546
11585.2375029604 16 0.755458515283843
11585.2375029604 19.0273138400435 0.759825327510917
13777.2468675169 3.36358566101486 0.703056768558952
13777.2468675169 4 0.755458515283843
13777.2468675169 4.75682846001088 0.790393013100437
13777.2468675169 5.65685424949238 0.77292576419214
13777.2468675169 6.72717132202972 0.74235807860262
13777.2468675169 8 0.759825327510917
13777.2468675169 9.51365692002177 0.751091703056769
13777.2468675169 11.3137084989848 0.720524017467249
13777.2468675169 13.4543426440594 0.729257641921397
13777.2468675169 16 0.755458515283843
13777.2468675169 19.0273138400435 0.720524017467249
16384 3.36358566101486 0.77292576419214
16384 4 0.777292576419214
16384 4.75682846001088 0.733624454148472
16384 5.65685424949238 0.764192139737991
16384 6.72717132202972 0.799126637554585
16384 8 0.729257641921397
16384 9.51365692002177 0.751091703056769
16384 11.3137084989848 0.729257641921397
16384 13.4543426440594 0.698689956331878
16384 16 0.694323144104803
16384 19.0273138400435 0.746724890829694
19483.9693722046 3.36358566101486 0.781659388646288
19483.9693722046 4 0.755458515283843
19483.9693722046 4.75682846001088 0.786026200873362
19483.9693722046 5.65685424949238 0.74235807860262
19483.9693722046 6.72717132202972 0.777292576419214
19483.9693722046 8 0.746724890829694
19483.9693722046 9.51365692002177 0.724890829694323
19483.9693722046 11.3137084989848 0.751091703056769
19483.9693722046 13.4543426440594 0.689956331877729
19483.9693722046 16 0.7117903930131
19483.9693722046 19.0273138400435 0.74235807860262
