0.03125 3.0517578125E-05 0.533678756476684
0.03125 0.0001220703125 0.533678756476684
0.03125 0.00048828125 0.533678756476684
0.03125 0.001953125 0.533678756476684
0.03125 0.0078125 0.533678756476684
0.03125 0.03125 0.533678756476684
0.03125 0.125 0.533678756476684
0.03125 0.5 0.533678756476684
0.03125 2 0.533678756476684
0.03125 8 0.533678756476684
0.125 3.0517578125E-05 0.533678756476684
0.125 0.0001220703125 0.533678756476684
0.125 0.00048828125 0.533678756476684
0.125 0.001953125 0.533678756476684
0.125 0.0078125 0.533678756476684
0.125 0.03125 0.533678756476684
0.125 0.125 0.533678756476684
0.125 0.5 0.533678756476684
0.125 2 0.533678756476684
0.125 8 0.557858376511226
0.5 3.0517578125E-05 0.533678756476684
0.5 0.0001220703125 0.533678756476684
0.5 0.00048828125 0.533678756476684
0.5 0.001953125 0.533678756476684
0.5 0.0078125 0.533678756476684
0.5 0.03125 0.533678756476684
0.5 0.125 0.533678756476684
0.5 0.5 0.535405872193437
0.5 2 0.57685664939551
0.5 8 0.618307426597582
2 3.0517578125E-05 0.533678756476684
2 0.0001220703125 0.533678756476684
2 0.00048828125 0.533678756476684
2 0.001953125 0.533678756476684
2 0.0078125 0.533678756476684
2 0.03125 0.533678756476684
2 0.125 0.533678756476684
2 0.5 0.583765112262522
2 2 0.640759930915371
2 8 0.675302245250432
8 3.0517578125E-05 0.533678756476684
8 0.0001220703125 0.533678756476684
8 0.00048828125 0.533678756476684
8 0.001953125 0.533678756476684
8 0.0078125 0.533678756476684
8 0.03125 0.533678756476684
8 0.125 0.556131260794473
8 0.5 0.637305699481865
8 2 0.675302245250432
8 8 0.673575129533679
32 3.0517578125E-05 0.533678756476684
32 0.0001220703125 0.533678756476684
32 0.00048828125 0.533678756476684
32 0.001953125 0.533678756476684
32 0.0078125 0.533678756476684
32 0.03125 0.549222797927461
32 0.125 0.620034542314335
32 0.5 0.632124352331606
32 2 0.675302245250432
32 8 0.746113989637306
128 3.0517578125E-05 0.533678756476684
128 0.0001220703125 0.533678756476684
128 0.00048828125 0.533678756476684
128 0.001953125 0.533678756476684
128 0.0078125 0.53713298791019
128 0.03125 0.614853195164076
128 0.125 0.6286701208981
128 0.5 0.664939550949914
128 2 0.716753022452504
128 8 0.792746113989637
512 3.0517578125E-05 0.533678756476684
512 0.0001220703125 0.533678756476684
512 0.00048828125 0.533678756476684
512 0.001953125 0.53713298791019
512 0.0078125 0.602763385146805
512 0.03125 0.633851468048359
512 0.125 0.656303972366149
512 0.5 0.687392055267703
512 2 0.773747841105354
512 8 0.823834196891192
2048 3.0517578125E-05 0.533678756476684
2048 0.0001220703125 0.533678756476684
2048 0.00048828125 0.552677029360967
2048 0.001953125 0.59412780656304
2048 0.0078125 0.607944732297064
2048 0.03125 0.637305699481865
2048 0.125 0.663212435233161
2048 0.5 0.730569948186529
2048 2 0.785837651122625
2048 8 0.844559585492228
8192 3.0517578125E-05 0.533678756476684
8192 0.0001220703125 0.549222797927461
8192 0.00048828125 0.595854922279793
8192 0.001953125 0.609671848013817
8192 0.0078125 0.616580310880829
8192 0.03125 0.663212435233161
8192 0.125 0.677029360967185
8192 0.5 0.782383419689119
8192 2 0.829015544041451
8192 8 0.810017271157167
32768 3.0517578125E-05 0.564766839378238
32768 0.0001220703125 0.599309153713299
32768 0.00048828125 0.618307426597582
32768 0.001953125 0.623488773747841
32768 0.0078125 0.64594127806563
32768 0.03125 0.687392055267703
32768 0.125 0.721934369602763
32768 0.5 0.804835924006909
32768 2 0.830742659758204
32768 8 0.815198618307427
861.077929219804 3.36358566101486 0.822107081174439
861.077929219804 4 0.808290155440414
861.077929219804 4.75682846001088 0.796200345423143
861.077929219804 5.65685424949238 0.835924006908463
861.077929219804 6.72717132202972 0.818652849740933
861.077929219804 8 0.856649395509499
861.077929219804 9.51365692002177 0.841105354058722
861.077929219804 11.3137084989848 0.820379965457686
861.077929219804 13.4543426440594 0.813471502590674
861.077929219804 16 0.808290155440414
861.077929219804 19.0273138400435 0.81692573402418
1024 3.36358566101486 0.811744386873921
1024 4 0.823834196891192
1024 4.75682846001088 0.808290155440414
1024 5.65685424949238 0.822107081174439
1024 6.72717132202972 0.830742659758204
1024 8 0.829015544041451
1024 9.51365692002177 0.820379965457686
1024 11.3137084989848 0.842832469775475
1024 13.4543426440594 0.823834196891192
1024 16 0.81692573402418
1024 19.0273138400435 0.83419689119171
1217.74808576279 3.36358566101486 0.81692573402418
1217.74808576279 4 0.808290155440414
1217.74808576279 4.75682846001088 0.829015544041451
1217.74808576279 5.65685424949238 0.827288428324698
1217.74808576279 6.72717132202972 0.846286701208981
1217.74808576279 8 0.842832469775475
1217.74808576279 9.51365692002177 0.820379965457686
1217.74808576279 11.3137084989848 0.85146804835924
1217.74808576279 13.4543426440594 0.822107081174439
1217.74808576279 16 0.830742659758204
1217.74808576279 19.0273138400435 0.830742659758204
1448.15468787005 3.36358566101486 0.806563039723662
1448.15468787005 4 0.803108808290155
1448.15468787005 4.75682846001088 0.820379965457686
1448.15468787005 5.65685424949238 0.818652849740933
1448.15468787005 6.72717132202972 0.830742659758204
1448.15468787005 8 0.827288428324698
1448.15468787005 9.51365692002177 0.835924006908463
1448.15468787005 11.3137084989848 0.811744386873921
1448.15468787005 13.4543426440594 0.829015544041451
1448.15468787005 16 0.811744386873921
1448.15468787005 19.0273138400435 0.808290155440414
1722.15585843961 3.36358566101486 0.806563039723662
1722.15585843961 4 0.818652849740933
1722.15585843961 4.75682846001088 0.829015544041451
1722.15585843961 5.65685424949238 0.830742659758204
1722.15585843961 6.72717132202972 0.839378238341969
1722.15585843961 8 0.85146804835924
1722.15585843961 9.51365692002177 0.844559585492228
1722.15585843961 11.3137084989848 0.818652849740933
1722.15585843961 13.4543426440594 0.822107081174439
1722.15585843961 16 0.825561312607945
1722.15585843961 19.0273138400435 0.799654576856649
2435.49617152557 3.36358566101486 0.804835924006909
2435.49617152557 4 0.827288428324698
2435.49617152557 4.75682846001088 0.837651122625216
2435.49617152557 5.65685424949238 0.835924006908463
2435.49617152557 6.72717132202972 0.842832469775475
2435.49617152557 8 0.829015544041451
2435.49617152557 9.51365692002177 0.839378238341969
2435.49617152557 11.3137084989848 0.83419689119171
2435.49617152557 13.4543426440594 0.829015544041451
2435.49617152557 16 0.835924006908463
2435.49617152557 19.0273138400435 0.803108808290155
2896.3093757401 3.36358566101486 0.839378238341969
2896.3093757401 4 0.83419689119171
2896.3093757401 4.75682846001088 0.823834196891192
2896.3093757401 5.65685424949238 0.846286701208981
2896.3093757401 6.72717132202972 0.85146804835924
2896.3093757401 8 0.85146804835924
2896.3093757401 9.51365692002177 0.829015544041451
2896.3093757401 11.3137084989848 0.830742659758204
2896.3093757401 13.4543426440594 0.832469775474957
2896.3093757401 16 0.825561312607945
2896.3093757401 19.0273138400435 0.823834196891192
3444.31171687921 3.36358566101486 0.829015544041451
3444.31171687921 4 0.825561312607945
3444.31171687921 4.75682846001088 0.825561312607945
3444.31171687921 5.65685424949238 0.841105354058722
3444.31171687921 6.72717132202972 0.832469775474957
3444.31171687921 8 0.822107081174439
3444.31171687921 9.51365692002177 0.841105354058722
3444.31171687921 11.3137084989848 0.837651122625216
3444.31171687921 13.4543426440594 0.822107081174439
3444.31171687921 16 0.827288428324698
3444.31171687921 19.0273138400435 0.811744386873921
4096 3.36358566101486 0.83419689119171
4096 4 0.832469775474957
4096 4.75682846001088 0.842832469775475
4096 5.65685424949238 0.844559585492228
4096 6.72717132202972 0.832469775474957
4096 8 0.825561312607945
4096 9.51365692002177 0.804835924006909
4096 11.3137084989848 0.830742659758204
4096 13.4543426440594 0.813471502590674
4096 16 0.820379965457686
4096 19.0273138400435 0.827288428324698
4870.99234305115 3.36358566101486 0.846286701208981
4870.99234305115 4 0.829015544041451
4870.99234305115 4.75682846001088 0.856649395509499
4870.99234305115 5.65685424949238 0.841105354058722
4870.99234305115 6.72717132202972 0.830742659758204
4870.99234305115 8 0.820379965457686
4870.99234305115 9.51365692002177 0.829015544041451
4870.99234305115 11.3137084989848 0.822107081174439
4870.99234305115 13.4543426440594 0.813471502590674
4870.99234305115 16 0.810017271157167
4870.99234305115 19.0273138400435 0.81692573402418
