0.03125 3.0517578125E-05 0.784403669724771
0.03125 0.0001220703125 0.784403669724771
0.03125 0.00048828125 0.784403669724771
0.03125 0.001953125 0.784403669724771
0.03125 0.0078125 0.784403669724771
0.03125 0.03125 0.784403669724771
0.03125 0.125 0.784403669724771
0.03125 0.5 0.784403669724771
0.03125 2 0.784403669724771
0.03125 8 0.784403669724771
0.125 3.0517578125E-05 0.784403669724771
0.125 0.0001220703125 0.784403669724771
0.125 0.00048828125 0.784403669724771
0.125 0.001953125 0.784403669724771
0.125 0.0078125 0.784403669724771
0.125 0.03125 0.784403669724771
0.125 0.125 0.784403669724771
0.125 0.5 0.784403669724771
0.125 2 0.784403669724771
0.125 8 0.784403669724771
0.5 3.0517578125E-05 0.784403669724771
0.5 0.0001220703125 0.784403669724771
0.5 0.00048828125 0.784403669724771
0.5 0.001953125 0.784403669724771
0.5 0.0078125 0.784403669724771
0.5 0.03125 0.784403669724771
0.5 0.125 0.784403669724771
0.5 0.5 0.784403669724771
0.5 2 0.784403669724771
0.5 8 0.834862385321101
2 3.0517578125E-05 0.784403669724771
2 0.0001220703125 0.784403669724771
2 0.00048828125 0.784403669724771
2 0.001953125 0.784403669724771
2 0.0078125 0.784403669724771
2 0.03125 0.784403669724771
2 0.125 0.784403669724771
2 0.5 0.784403669724771
2 2 0.871559633027523
2 8 0.89908256880734
8 3.0517578125E-05 0.784403669724771
8 0.0001220703125 0.784403669724771
8 0.00048828125 0.784403669724771
8 0.001953125 0.784403669724771
8 0.0078125 0.784403669724771
8 0.03125 0.784403669724771
8 0.125 0.784403669724771
8 0.5 0.862385321100917
8 2 0.903669724770642
8 8 0.963302752293578
32 3.0517578125E-05 0.784403669724771
32 0.0001220703125 0.784403669724771
32 0.00048828125 0.784403669724771
32 0.001953125 0.784403669724771
32 0.0078125 0.784403669724771
32 0.03125 0.784403669724771
32 0.125 0.830275229357798
32 0.5 0.89908256880734
32 2 0.972477064220184
32 8 0.981651376146789
128 3.0517578125E-05 0.784403669724771
128 0.0001220703125 0.784403669724771
128 0.00048828125 0.784403669724771
128 0.001953125 0.784403669724771
128 0.0078125 0.784403669724771
128 0.03125 0.825688073394495
128 0.125 0.903669724770642
128 0.5 0.94954128440367
128 2 0.981651376146789
128 8 0.986238532110092
512 3.0517578125E-05 0.784403669724771
512 0.0001220703125 0.784403669724771
512 0.00048828125 0.784403669724771
512 0.001953125 0.784403669724771
512 0.0078125 0.807339449541284
512 0.03125 0.894495412844037
512 0.125 0.935779816513762
512 0.5 0.958715596330275
512 2 0.981651376146789
512 8 0.986238532110092
2048 3.0517578125E-05 0.784403669724771
2048 0.0001220703125 0.784403669724771
2048 0.00048828125 0.784403669724771
2048 0.001953125 0.802752293577982
2048 0.0078125 0.880733944954128
2048 0.03125 0.889908256880734
2048 0.125 0.958715596330275
2048 0.5 0.977064220183486
2048 2 0.981651376146789
2048 8 0.977064220183486
8192 3.0517578125E-05 0.784403669724771
8192 0.0001220703125 0.784403669724771
8192 0.00048828125 0.807339449541284
8192 0.001953125 0.89908256880734
8192 0.0078125 0.922018348623853
8192 0.03125 0.926605504587156
8192 0.125 0.967889908256881
8192 0.5 0.977064220183486
8192 2 0.972477064220184
8192 8 0.986238532110092
32768 3.0517578125E-05 0.784403669724771
32768 0.0001220703125 0.793577981651376
32768 0.00048828125 0.880733944954128
32768 0.001953125 0.917431192660551
32768 0.0078125 0.935779816513762
32768 0.03125 0.94954128440367
32768 0.125 0.981651376146789
32768 0.5 0.967889908256881
32768 2 0.972477064220184
32768 8 0.977064220183486
53.8173705762377 3.36358566101486 0.986238532110092
53.8173705762377 4 0.972477064220184
53.8173705762377 4.75682846001088 0.967889908256881
53.8173705762377 5.65685424949238 0.972477064220184
53.8173705762377 6.72717132202972 0.986238532110092
53.8173705762377 8 0.981651376146789
53.8173705762377 9.51365692002177 0.977064220183486
53.8173705762377 11.3137084989848 0.981651376146789
53.8173705762377 13.4543426440594 0.981651376146789
53.8173705762377 16 0.981651376146789
53.8173705762377 19.0273138400435 0.986238532110092
64 3.36358566101486 0.977064220183486
64 4 0.977064220183486
64 4.75682846001088 0.977064220183486
64 5.65685424949238 0.977064220183486
64 6.72717132202972 0.995412844036697
64 8 0.972477064220184
64 9.51365692002177 0.972477064220184
64 11.3137084989848 0.986238532110092
64 13.4543426440594 0.986238532110092
64 16 0.990825688073395
64 19.0273138400435 0.977064220183486
76.1092553601741 3.36358566101486 0.963302752293578
76.1092553601741 4 0.977064220183486
76.1092553601741 4.75682846001088 0.981651376146789
76.1092553601741 5.65685424949238 0.958715596330275
76.1092553601741 6.72717132202972 0.958715596330275
76.1092553601741 8 0.981651376146789
76.1092553601741 9.51365692002177 0.986238532110092
76.1092553601741 11.3137084989848 0.986238532110092
76.1092553601741 13.4543426440594 0.986238532110092
76.1092553601741 16 0.981651376146789
76.1092553601741 19.0273138400435 0.972477064220184
90.5096679918781 3.36358566101486 0.990825688073395
90.5096679918781 4 0.977064220183486
90.5096679918781 4.75682846001088 0.977064220183486
90.5096679918781 5.65685424949238 0.972477064220184
90.5096679918781 6.72717132202972 0.972477064220184
90.5096679918781 8 0.990825688073395
90.5096679918781 9.51365692002177 0.981651376146789
90.5096679918781 11.3137084989848 0.977064220183486
90.5096679918781 13.4543426440594 0.977064220183486
90.5096679918781 16 0.944954128440367
90.5096679918781 19.0273138400435 0.986238532110092
107.634741152475 3.36358566101486 0.981651376146789
107.634741152475 4 0.981651376146789
107.634741152475 4.75682846001088 0.981651376146789
107.634741152475 5.65685424949238 0.981651376146789
107.634741152475 6.72717132202972 0.977064220183486
107.634741152475 8 0.977064220183486
107.634741152475 9.51365692002177 0.981651376146789
107.634741152475 11.3137084989848 0.981651376146789
107.634741152475 13.4543426440594 0.972477064220184
107.634741152475 16 0.986238532110092
107.634741152475 19.0273138400435 0.981651376146789
152.218510720348 3.36358566101486 0.972477064220184
152.218510720348 4 0.981651376146789
152.218510720348 4.75682846001088 0.977064220183486
152.218510720348 5.65685424949238 0.977064220183486
152.218510720348 6.72717132202972 0.963302752293578
152.218510720348 8 0.995412844036697
152.218510720348 9.51365692002177 0.981651376146789
152.218510720348 11.3137084989848 0.981651376146789
152.218510720348 13.4543426440594 0.986238532110092
152.218510720348 16 0.963302752293578
152.218510720348 19.0273138400435 0.986238532110092
181.019335983756 3.36358566101486 0.972477064220184
181.019335983756 4 0.990825688073395
181.019335983756 4.75682846001088 0.981651376146789
181.019335983756 5.65685424949238 0.986238532110092
181.019335983756 6.72717132202972 0.981651376146789
181.019335983756 8 0.986238532110092
181.019335983756 9.51365692002177 0.990825688073395
181.019335983756 11.3137084989848 0.990825688073395
181.019335983756 13.4543426440594 0.981651376146789
181.019335983756 16 0.986238532110092
181.019335983756 19.0273138400435 0.981651376146789
215.269482304951 3.36358566101486 0.981651376146789
215.269482304951 4 0.972477064220184
215.269482304951 4.75682846001088 0.977064220183486
215.269482304951 5.65685424949238 0.986238532110092
215.269482304951 6.72717132202972 0.986238532110092
215.269482304951 8 0.972477064220184
215.269482304951 9.51365692002177 0.977064220183486
215.269482304951 11.3137084989848 0.990825688073395
215.269482304951 13.4543426440594 0.981651376146789
215.269482304951 16 0.986238532110092
215.269482304951 19.0273138400435 0.981651376146789
256 3.36358566101486 0.986238532110092
256 4 0.981651376146789
256 4.75682846001088 0.981651376146789
256 5.65685424949238 0.981651376146789
256 6.72717132202972 0.981651376146789
256 8 0.990825688073395
256 9.51365692002177 0.990825688073395
256 11.3137084989848 0.972477064220184
256 13.4543426440594 0.981651376146789
256 16 0.986238532110092
256 19.0273138400435 0.990825688073395
304.437021440697 3.36358566101486 0.972477064220184
304.437021440697 4 0.963302752293578
304.437021440697 4.75682846001088 0.963302752293578
304.437021440697 5.65685424949238 0.981651376146789
304.437021440697 6.72717132202972 0.986238532110092
304.437021440697 8 0.981651376146789
304.437021440697 9.51365692002177 0.981651376146789
304.437021440697 11.3137084989848 0.981651376146789
304.437021440697 13.4543426440594 0.986238532110092
304.437021440697 16 0.990825688073395
304.437021440697 19.0273138400435 0.995412844036697
