0.03125 3.0517578125E-05 0.509466437177281
0.03125 0.0001220703125 0.509466437177281
0.03125 0.00048828125 0.509466437177281
0.03125 0.001953125 0.509466437177281
0.03125 0.0078125 0.509466437177281
0.03125 0.03125 0.509466437177281
0.03125 0.125 0.509466437177281
0.03125 0.5 0.540447504302926
0.03125 2 0.676419965576592
0.03125 8 0.626506024096386
0.125 3.0517578125E-05 0.509466437177281
0.125 0.0001220703125 0.509466437177281
0.125 0.00048828125 0.509466437177281
0.125 0.001953125 0.509466437177281
0.125 0.0078125 0.509466437177281
0.125 0.03125 0.509466437177281
0.125 0.125 0.626506024096386
0.125 0.5 0.685025817555938
0.125 2 0.698795180722892
0.125 8 0.700516351118761
0.5 3.0517578125E-05 0.509466437177281
0.5 0.0001220703125 0.509466437177281
0.5 0.00048828125 0.509466437177281
0.5 0.001953125 0.509466437177281
0.5 0.0078125 0.509466437177281
0.5 0.03125 0.63855421686747
0.5 0.125 0.683304647160069
0.5 0.5 0.70223752151463
0.5 2 0.726333907056799
0.5 8 0.734939759036145
2 3.0517578125E-05 0.509466437177281
2 0.0001220703125 0.509466437177281
2 0.00048828125 0.509466437177281
2 0.001953125 0.509466437177281
2 0.0078125 0.640275387263339
2 0.03125 0.683304647160069
2 0.125 0.691910499139415
2 0.5 0.717728055077453
2 2 0.738382099827883
2 8 0.771084337349398
8 3.0517578125E-05 0.509466437177281
8 0.0001220703125 0.509466437177281
8 0.00048828125 0.509466437177281
8 0.001953125 0.647160068846816
8 0.0078125 0.695352839931153
8 0.03125 0.691910499139415
8 0.125 0.724612736660929
8 0.5 0.736660929432014
8 2 0.759036144578313
8 8 0.796901893287435
32 3.0517578125E-05 0.509466437177281
32 0.0001220703125 0.509466437177281
32 0.00048828125 0.628227194492255
32 0.001953125 0.690189328743546
32 0.0078125 0.685025817555938
32 0.03125 0.72289156626506
32 0.125 0.734939759036145
32 0.5 0.74526678141136
32 2 0.76592082616179
32 8 0.820998278829604
128 3.0517578125E-05 0.509466437177281
128 0.0001220703125 0.648881239242685
128 0.00048828125 0.690189328743546
128 0.001953125 0.693631669535284
128 0.0078125 0.724612736660929
128 0.03125 0.716006884681583
128 0.125 0.748709122203098
128 0.5 0.776247848537005
128 2 0.805507745266781
128 8 0.838209982788296
512 3.0517578125E-05 0.641996557659208
512 0.0001220703125 0.6815834767642
512 0.00048828125 0.685025817555938
512 0.001953125 0.72289156626506
512 0.0078125 0.719449225473322
512 0.03125 0.728055077452668
512 0.125 0.762478485370052
512 0.5 0.790017211703959
512 2 0.803786574870912
512 8 0.838209982788296
2048 3.0517578125E-05 0.690189328743546
2048 0.0001220703125 0.693631669535284
2048 0.00048828125 0.72289156626506
2048 0.001953125 0.72289156626506
2048 0.0078125 0.721170395869191
2048 0.03125 0.731497418244406
2048 0.125 0.793459552495697
2048 0.5 0.800344234079174
2048 2 0.800344234079174
2048 8 0.820998278829604
8192 3.0517578125E-05 0.691910499139415
8192 0.0001220703125 0.72289156626506
8192 0.00048828125 0.72289156626506
8192 0.001953125 0.72289156626506
8192 0.0078125 0.728055077452668
8192 0.03125 0.772805507745267
8192 0.125 0.800344234079174
8192 0.5 0.824440619621343
8192 2 0.845094664371773
8192 8 0.819277108433735
32768 3.0517578125E-05 0.72289156626506
32768 0.0001220703125 0.728055077452668
32768 0.00048828125 0.726333907056799
32768 0.001953125 0.734939759036145
32768 0.0078125 0.771084337349398
32768 0.03125 0.802065404475043
32768 0.125 0.815834767641997
32768 0.5 0.815834767641997
32768 2 0.819277108433735
32768 8 0.807228915662651
3444.31171687921 0.840896415253715 0.814113597246127
3444.31171687921 1 0.807228915662651
3444.31171687921 1.18920711500272 0.807228915662651
3444.31171687921 1.4142135623731 0.810671256454389
3444.31171687921 1.68179283050743 0.812392426850258
3444.31171687921 2 0.826161790017212
3444.31171687921 2.37841423000544 0.827882960413081
3444.31171687921 2.82842712474619 0.836488812392427
3444.31171687921 3.36358566101486 0.838209982788296
3444.31171687921 4 0.836488812392427
3444.31171687921 4.75682846001088 0.836488812392427
4096 0.840896415253715 0.802065404475043
4096 1 0.820998278829604
4096 1.18920711500272 0.795180722891566
4096 1.4142135623731 0.834767641996558
4096 1.68179283050743 0.805507745266781
4096 2 0.824440619621343
4096 2.37841423000544 0.820998278829604
4096 2.82842712474619 0.834767641996558
4096 3.36358566101486 0.846815834767642
4096 4 0.831325301204819
4096 4.75682846001088 0.831325301204819
4870.99234305115 0.840896415253715 0.795180722891566
4870.99234305115 1 0.817555938037866
4870.99234305115 1.18920711500272 0.796901893287435
4870.99234305115 1.4142135623731 0.826161790017212
4870.99234305115 1.68179283050743 0.817555938037866
4870.99234305115 2 0.822719449225473
4870.99234305115 2.37841423000544 0.846815834767642
4870.99234305115 2.82842712474619 0.841652323580034
4870.99234305115 3.36358566101486 0.822719449225473
4870.99234305115 4 0.810671256454389
4870.99234305115 4.75682846001088 0.839931153184165
5792.6187514802 0.840896415253715 0.827882960413081
5792.6187514802 1 0.817555938037866
5792.6187514802 1.18920711500272 0.802065404475043
5792.6187514802 1.4142135623731 0.810671256454389
5792.6187514802 1.68179283050743 0.833046471600688
5792.6187514802 2 0.827882960413081
5792.6187514802 2.37841423000544 0.855421686746988
5792.6187514802 2.82842712474619 0.839931153184165
5792.6187514802 3.36358566101486 0.838209982788296
5792.6187514802 4 0.826161790017212
5792.6187514802 4.75682846001088 0.836488812392427
6888.62343375843 0.840896415253715 0.817555938037866
6888.62343375843 1 0.812392426850258
6888.62343375843 1.18920711500272 0.802065404475043
6888.62343375843 1.4142135623731 0.814113597246127
6888.62343375843 1.68179283050743 0.833046471600688
6888.62343375843 2 0.814113597246127
6888.62343375843 2.37841423000544 0.827882960413081
6888.62343375843 2.82842712474619 0.855421686746988
6888.62343375843 3.36358566101486 0.845094664371773
6888.62343375843 4 0.803786574870912
6888.62343375843 4.75682846001088 0.817555938037866
9741.98468610229 0.840896415253715 0.812392426850258
9741.98468610229 1 0.812392426850258
9741.98468610229 1.18920711500272 0.819277108433735
9741.98468610229 1.4142135623731 0.815834767641997
9741.98468610229 1.68179283050743 0.836488812392427
9741.98468610229 2 0.826161790017212
9741.98468610229 2.37841423000544 0.814113597246127
9741.98468610229 2.82842712474619 0.820998278829604
9741.98468610229 3.36358566101486 0.810671256454389
9741.98468610229 4 0.820998278829604
9741.98468610229 4.75682846001088 0.800344234079174
11585.2375029604 0.840896415253715 0.805507745266781
11585.2375029604 1 0.814113597246127
11585.2375029604 1.18920711500272 0.827882960413081
11585.2375029604 1.4142135623731 0.820998278829604
11585.2375029604 1.68179283050743 0.839931153184165
11585.2375029604 2 0.827882960413081
11585.2375029604 2.37841423000544 0.839931153184165
11585.2375029604 2.82842712474619 0.834767641996558
11585.2375029604 3.36358566101486 0.807228915662651
11585.2375029604 4 0.820998278829604
11585.2375029604 4.75682846001088 0.827882960413081
13777.2468675169 0.840896415253715 0.815834767641997
13777.2468675169 1 0.80895008605852
13777.2468675169 1.18920711500272 0.82960413080895
13777.2468675169 1.4142135623731 0.822719449225473
13777.2468675169 1.68179283050743 0.85197934595525
13777.2468675169 2 0.839931153184165
13777.2468675169 2.37841423000544 0.826161790017212
13777.2468675169 2.82842712474619 0.820998278829604
13777.2468675169 3.36358566101486 0.817555938037866
13777.2468675169 4 0.839931153184165
13777.2468675169 4.75682846001088 0.826161790017212
16384 0.840896415253715 0.815834767641997
16384 1 0.812392426850258
16384 1.18920711500272 0.833046471600688
16384 1.4142135623731 0.827882960413081
16384 1.68179283050743 0.839931153184165
16384 2 0.827882960413081
16384 2.37841423000544 0.841652323580034
16384 2.82842712474619 0.836488812392427
16384 3.36358566101486 0.85025817555938
16384 4 0.836488812392427
16384 4.75682846001088 0.814113597246127
19483.9693722046 0.840896415253715 0.814113597246127
19483.9693722046 1 0.82960413080895
19483.9693722046 1.18920711500272 0.845094664371773
19483.9693722046 1.4142135623731 0.836488812392427
19483.9693722046 1.68179283050743 0.85197934595525
19483.9693722046 2 0.833046471600688
19483.9693722046 2.37841423000544 0.836488812392427
19483.9693722046 2.82842712474619 0.824440619621343
19483.9693722046 3.36358566101486 0.846815834767642
19483.9693722046 4 0.839931153184165
19483.9693722046 4.75682846001088 0.807228915662651
