0.03125 3.0517578125E-05 0.513888888888889
0.03125 0.0001220703125 0.513888888888889
0.03125 0.00048828125 0.513888888888889
0.03125 0.001953125 0.513888888888889
0.03125 0.0078125 0.513888888888889
0.03125 0.03125 0.513888888888889
0.03125 0.125 0.513888888888889
0.03125 0.5 0.513888888888889
0.03125 2 0.513888888888889
0.03125 8 0.513888888888889
0.125 3.0517578125E-05 0.513888888888889
0.125 0.0001220703125 0.513888888888889
0.125 0.00048828125 0.513888888888889
0.125 0.001953125 0.513888888888889
0.125 0.0078125 0.513888888888889
0.125 0.03125 0.513888888888889
0.125 0.125 0.513888888888889
0.125 0.5 0.513888888888889
0.125 2 0.62962962962963
0.125 8 0.62962962962963
0.5 3.0517578125E-05 0.513888888888889
0.5 0.0001220703125 0.513888888888889
0.5 0.00048828125 0.513888888888889
0.5 0.001953125 0.513888888888889
0.5 0.0078125 0.513888888888889
0.5 0.03125 0.513888888888889
0.5 0.125 0.546296296296296
0.5 0.5 0.689814814814815
0.5 2 0.708333333333333
0.5 8 0.726851851851852
2 3.0517578125E-05 0.513888888888889
2 0.0001220703125 0.513888888888889
2 0.00048828125 0.513888888888889
2 0.001953125 0.513888888888889
2 0.0078125 0.513888888888889
2 0.03125 0.550925925925926
2 0.125 0.680555555555556
2 0.5 0.712962962962963
2 2 0.74537037037037
2 8 0.814814814814815
8 3.0517578125E-05 0.513888888888889
8 0.0001220703125 0.513888888888889
8 0.00048828125 0.513888888888889
8 0.001953125 0.513888888888889
8 0.0078125 0.550925925925926
8 0.03125 0.657407407407407
8 0.125 0.694444444444444
8 0.5 0.74537037037037
8 2 0.75
8 8 0.925925925925926
32 3.0517578125E-05 0.513888888888889
32 0.0001220703125 0.513888888888889
32 0.00048828125 0.513888888888889
32 0.001953125 0.546296296296296
32 0.0078125 0.675925925925926
32 0.03125 0.731481481481482
32 0.125 0.75
32 0.5 0.768518518518518
32 2 0.819444444444444
32 8 0.944444444444444
128 3.0517578125E-05 0.513888888888889
128 0.0001220703125 0.513888888888889
128 0.00048828125 0.546296296296296
128 0.001953125 0.652777777777778
128 0.0078125 0.694444444444444
128 0.03125 0.75462962962963
128 0.125 0.768518518518518
128 0.5 0.768518518518518
128 2 0.925925925925926
128 8 0.921296296296296
512 3.0517578125E-05 0.513888888888889
512 0.0001220703125 0.555555555555556
512 0.00048828125 0.652777777777778
512 0.001953125 0.708333333333333
512 0.0078125 0.768518518518518
512 0.03125 0.75462962962963
512 0.125 0.763888888888889
512 0.5 0.856481481481482
512 2 0.930555555555556
512 8 0.921296296296296
2048 3.0517578125E-05 0.550925925925926
2048 0.0001220703125 0.643518518518518
2048 0.00048828125 0.731481481481482
2048 0.001953125 0.75
2048 0.0078125 0.736111111111111
2048 0.03125 0.75
2048 0.125 0.824074074074074
2048 0.5 0.907407407407407
2048 2 0.912037037037037
2048 8 0.893518518518518
8192 3.0517578125E-05 0.652777777777778
8192 0.0001220703125 0.712962962962963
8192 0.00048828125 0.763888888888889
8192 0.001953125 0.75
8192 0.0078125 0.731481481481482
8192 0.03125 0.796296296296296
8192 0.125 0.842592592592593
8192 0.5 0.925925925925926
8192 2 0.87037037037037
8192 8 0.87962962962963
32768 3.0517578125E-05 0.712962962962963
32768 0.0001220703125 0.75462962962963
32768 0.00048828125 0.763888888888889
32768 0.001953125 0.74537037037037
32768 0.0078125 0.777777777777778
32768 0.03125 0.828703703703704
32768 0.125 0.842592592592593
32768 0.5 0.912037037037037
32768 2 0.893518518518518
32768 8 0.907407407407407
13.4543426440594 3.36358566101486 0.861111111111111
13.4543426440594 4 0.847222222222222
13.4543426440594 4.75682846001088 0.902777777777778
13.4543426440594 5.65685424949238 0.916666666666667
13.4543426440594 6.72717132202972 0.916666666666667
13.4543426440594 8 0.925925925925926
13.4543426440594 9.51365692002177 0.939814814814815
13.4543426440594 11.3137084989848 0.939814814814815
13.4543426440594 13.4543426440594 0.949074074074074
13.4543426440594 16 0.944444444444444
13.4543426440594 19.0273138400435 0.921296296296296
16 3.36358566101486 0.851851851851852
16 4 0.898148148148148
16 4.75682846001088 0.898148148148148
16 5.65685424949238 0.912037037037037
16 6.72717132202972 0.916666666666667
16 8 0.916666666666667
16 9.51365692002177 0.939814814814815
16 11.3137084989848 0.944444444444444
16 13.4543426440594 0.953703703703704
16 16 0.944444444444444
16 19.0273138400435 0.930555555555556
19.0273138400435 3.36358566101486 0.842592592592593
19.0273138400435 4 0.912037037037037
19.0273138400435 4.75682846001088 0.907407407407407
19.0273138400435 5.65685424949238 0.930555555555556
19.0273138400435 6.72717132202972 0.916666666666667
19.0273138400435 8 0.925925925925926
19.0273138400435 9.51365692002177 0.935185185185185
19.0273138400435 11.3137084989848 0.949074074074074
19.0273138400435 13.4543426440594 0.953703703703704
19.0273138400435 16 0.930555555555556
19.0273138400435 19.0273138400435 0.916666666666667
22.6274169979695 3.36358566101486 0.865740740740741
22.6274169979695 4 0.916666666666667
22.6274169979695 4.75682846001088 0.925925925925926
22.6274169979695 5.65685424949238 0.921296296296296
22.6274169979695 6.72717132202972 0.944444444444444
22.6274169979695 8 0.949074074074074
22.6274169979695 9.51365692002177 0.898148148148148
22.6274169979695 11.3137084989848 0.925925925925926
22.6274169979695 13.4543426440594 0.939814814814815
22.6274169979695 16 0.944444444444444
22.6274169979695 19.0273138400435 0.925925925925926
26.9086852881189 3.36358566101486 0.87962962962963
26.9086852881189 4 0.912037037037037
26.9086852881189 4.75682846001088 0.949074074074074
26.9086852881189 5.65685424949238 0.925925925925926
26.9086852881189 6.72717132202972 0.925925925925926
26.9086852881189 8 0.907407407407407
26.9086852881189 9.51365692002177 0.916666666666667
26.9086852881189 11.3137084989848 0.921296296296296
26.9086852881189 13.4543426440594 0.930555555555556
26.9086852881189 16 0.916666666666667
26.9086852881189 19.0273138400435 0.939814814814815
38.0546276800871 3.36358566101486 0.916666666666667
38.0546276800871 4 0.930555555555556
38.0546276800871 4.75682846001088 0.944444444444444
38.0546276800871 5.65685424949238 0.944444444444444
38.0546276800871 6.72717132202972 0.935185185185185
38.0546276800871 8 0.939814814814815
38.0546276800871 9.51365692002177 0.935185185185185
38.0546276800871 11.3137084989848 0.935185185185185
38.0546276800871 13.4543426440594 0.925925925925926
38.0546276800871 16 0.925925925925926
38.0546276800871 19.0273138400435 0.916666666666667
45.254833995939 3.36358566101486 0.916666666666667
45.254833995939 4 0.907407407407407
45.254833995939 4.75682846001088 0.958333333333333
45.254833995939 5.65685424949238 0.944444444444444
45.254833995939 6.72717132202972 0.939814814814815
45.254833995939 8 0.935185185185185
45.254833995939 9.51365692002177 0.949074074074074
45.254833995939 11.3137084989848 0.930555555555556
45.254833995939 13.4543426440594 0.944444444444444
45.254833995939 16 0.916666666666667
45.254833995939 19.0273138400435 0.944444444444444
53.8173705762377 3.36358566101486 0.930555555555556
53.8173705762377 4 0.958333333333333
53.8173705762377 4.75682846001088 0.912037037037037
53.8173705762377 5.65685424949238 0.944444444444444
53.8173705762377 6.72717132202972 0.930555555555556
53.8173705762377 8 0.949074074074074
53.8173705762377 9.51365692002177 0.916666666666667
53.8173705762377 11.3137084989848 0.939814814814815
53.8173705762377 13.4543426440594 0.930555555555556
53.8173705762377 16 0.898148148148148
53.8173705762377 19.0273138400435 0.902777777777778
64 3.36358566101486 0.949074074074074
64 4 0.944444444444444
64 4.75682846001088 0.925925925925926
64 5.65685424949238 0.935185185185185
64 6.72717132202972 0.935185185185185
64 8 0.907407407407407
64 9.51365692002177 0.925925925925926
64 11.3137084989848 0.935185185185185
64 13.4543426440594 0.925925925925926
64 16 0.916666666666667
64 19.0273138400435 0.930555555555556
76.1092553601741 3.36358566101486 0.921296296296296
76.1092553601741 4 0.935185185185185
76.1092553601741 4.75682846001088 0.930555555555556
76.1092553601741 5.65685424949238 0.921296296296296
76.1092553601741 6.72717132202972 0.925925925925926
76.1092553601741 8 0.939814814814815
76.1092553601741 9.51365692002177 0.930555555555556
76.1092553601741 11.3137084989848 0.912037037037037
76.1092553601741 13.4543426440594 0.907407407407407
76.1092553601741 16 0.916666666666667
76.1092553601741 19.0273138400435 0.930555555555556
