0.03125 3.0517578125E-05 0.52020202020202
0.03125 0.0001220703125 0.52020202020202
0.03125 0.00048828125 0.52020202020202
0.03125 0.001953125 0.52020202020202
0.03125 0.0078125 0.52020202020202
0.03125 0.03125 0.52020202020202
0.03125 0.125 0.52020202020202
0.03125 0.5 0.52020202020202
0.03125 2 0.52020202020202
0.03125 8 0.52020202020202
0.125 3.0517578125E-05 0.52020202020202
0.125 0.0001220703125 0.52020202020202
0.125 0.00048828125 0.52020202020202
0.125 0.001953125 0.52020202020202
0.125 0.0078125 0.52020202020202
0.125 0.03125 0.52020202020202
0.125 0.125 0.52020202020202
0.125 0.5 0.52020202020202
0.125 2 0.52020202020202
0.125 8 0.52020202020202
0.5 3.0517578125E-05 0.52020202020202
0.5 0.0001220703125 0.52020202020202
0.5 0.00048828125 0.52020202020202
0.5 0.001953125 0.52020202020202
0.5 0.0078125 0.52020202020202
0.5 0.03125 0.52020202020202
0.5 0.125 0.52020202020202
0.5 0.5 0.52020202020202
0.5 2 0.52020202020202
0.5 8 0.560606060606061
2 3.0517578125E-05 0.52020202020202
2 0.0001220703125 0.52020202020202
2 0.00048828125 0.52020202020202
2 0.001953125 0.52020202020202
2 0.0078125 0.52020202020202
2 0.03125 0.52020202020202
2 0.125 0.52020202020202
2 0.5 0.52020202020202
2 2 0.636363636363636
2 8 0.737373737373737
8 3.0517578125E-05 0.52020202020202
8 0.0001220703125 0.52020202020202
8 0.00048828125 0.52020202020202
8 0.001953125 0.52020202020202
8 0.0078125 0.52020202020202
8 0.03125 0.52020202020202
8 0.125 0.52020202020202
8 0.5 0.641414141414141
8 2 0.742424242424242
8 8 0.757575757575758
32 3.0517578125E-05 0.52020202020202
32 0.0001220703125 0.52020202020202
32 0.00048828125 0.52020202020202
32 0.001953125 0.52020202020202
32 0.0078125 0.52020202020202
32 0.03125 0.52020202020202
32 0.125 0.656565656565657
32 0.5 0.762626262626263
32 2 0.813131313131313
32 8 0.808080808080808
128 3.0517578125E-05 0.52020202020202
128 0.0001220703125 0.52020202020202
128 0.00048828125 0.52020202020202
128 0.001953125 0.52020202020202
128 0.0078125 0.52020202020202
128 0.03125 0.656565656565657
128 0.125 0.757575757575758
128 0.5 0.762626262626263
128 2 0.803030303030303
128 8 0.762626262626263
512 3.0517578125E-05 0.52020202020202
512 0.0001220703125 0.52020202020202
512 0.00048828125 0.52020202020202
512 0.001953125 0.52020202020202
512 0.0078125 0.671717171717172
512 0.03125 0.757575757575758
512 0.125 0.747474747474748
512 0.5 0.818181818181818
512 2 0.833333333333333
512 8 0.813131313131313
2048 3.0517578125E-05 0.52020202020202
2048 0.0001220703125 0.52020202020202
2048 0.00048828125 0.52020202020202
2048 0.001953125 0.656565656565657
2048 0.0078125 0.747474747474748
2048 0.03125 0.767676767676768
2048 0.125 0.818181818181818
2048 0.5 0.828282828282828
2048 2 0.803030303030303
2048 8 0.813131313131313
8192 3.0517578125E-05 0.52020202020202
8192 0.0001220703125 0.525252525252525
8192 0.00048828125 0.651515151515151
8192 0.001953125 0.747474747474748
8192 0.0078125 0.787878787878788
8192 0.03125 0.777777777777778
8192 0.125 0.818181818181818
8192 0.5 0.828282828282828
8192 2 0.818181818181818
8192 8 0.782828282828283
32768 3.0517578125E-05 0.52020202020202
32768 0.0001220703125 0.651515151515151
32768 0.00048828125 0.742424242424242
32768 0.001953125 0.747474747474748
32768 0.0078125 0.792929292929293
32768 0.03125 0.782828282828283
32768 0.125 0.813131313131313
32768 0.5 0.787878787878788
32768 2 0.792929292929293
32768 8 0.777777777777778
215.269482304951 0.840896415253715 0.813131313131313
215.269482304951 1 0.803030303030303
215.269482304951 1.18920711500272 0.833333333333333
215.269482304951 1.4142135623731 0.782828282828283
215.269482304951 1.68179283050743 0.828282828282828
215.269482304951 2 0.813131313131313
215.269482304951 2.37841423000544 0.823232323232323
215.269482304951 2.82842712474619 0.823232323232323
215.269482304951 3.36358566101486 0.797979797979798
215.269482304951 4 0.777777777777778
215.269482304951 4.75682846001088 0.818181818181818
256 0.840896415253715 0.782828282828283
256 1 0.813131313131313
256 1.18920711500272 0.818181818181818
256 1.4142135623731 0.828282828282828
256 1.68179283050743 0.848484848484849
256 2 0.797979797979798
256 2.37841423000544 0.828282828282828
256 2.82842712474619 0.808080808080808
256 3.36358566101486 0.868686868686869
256 4 0.833333333333333
256 4.75682846001088 0.853535353535353
304.437021440697 0.840896415253715 0.818181818181818
304.437021440697 1 0.808080808080808
304.437021440697 1.18920711500272 0.828282828282828
304.437021440697 1.4142135623731 0.797979797979798
304.437021440697 1.68179283050743 0.823232323232323
304.437021440697 2 0.858585858585859
304.437021440697 2.37841423000544 0.792929292929293
304.437021440697 2.82842712474619 0.813131313131313
304.437021440697 3.36358566101486 0.797979797979798
304.437021440697 4 0.792929292929293
304.437021440697 4.75682846001088 0.828282828282828
362.038671967512 0.840896415253715 0.803030303030303
362.038671967512 1 0.787878787878788
362.038671967512 1.18920711500272 0.848484848484849
362.038671967512 1.4142135623731 0.818181818181818
362.038671967512 1.68179283050743 0.828282828282828
362.038671967512 2 0.792929292929293
362.038671967512 2.37841423000544 0.858585858585859
362.038671967512 2.82842712474619 0.797979797979798
362.038671967512 3.36358566101486 0.797979797979798
362.038671967512 4 0.797979797979798
362.038671967512 4.75682846001088 0.813131313131313
430.538964609902 0.840896415253715 0.803030303030303
430.538964609902 1 0.828282828282828
430.538964609902 1.18920711500272 0.797979797979798
430.538964609902 1.4142135623731 0.823232323232323
430.538964609902 1.68179283050743 0.818181818181818
430.538964609902 2 0.828282828282828
430.538964609902 2.37841423000544 0.808080808080808
430.538964609902 2.82842712474619 0.803030303030303
430.538964609902 3.36358566101486 0.838383838383838
430.538964609902 4 0.797979797979798
430.538964609902 4.75682846001088 0.797979797979798
608.874042881393 0.840896415253715 0.843434343434343
608.874042881393 1 0.828282828282828
608.874042881393 1.18920711500272 0.843434343434343
608.874042881393 1.4142135623731 0.853535353535353
608.874042881393 1.68179283050743 0.823232323232323
608.874042881393 2 0.792929292929293
608.874042881393 2.37841423000544 0.803030303030303
608.874042881393 2.82842712474619 0.813131313131313
608.874042881393 3.36358566101486 0.843434343434343
608.874042881393 4 0.823232323232323
608.874042881393 4.75682846001088 0.833333333333333
724.077343935025 0.840896415253715 0.833333333333333
724.077343935025 1 0.828282828282828
724.077343935025 1.18920711500272 0.808080808080808
724.077343935025 1.4142135623731 0.848484848484849
724.077343935025 1.68179283050743 0.818181818181818
724.077343935025 2 0.818181818181818
724.077343935025 2.37841423000544 0.848484848484849
724.077343935025 2.82842712474619 0.808080808080808
724.077343935025 3.36358566101486 0.803030303030303
724.077343935025 4 0.813131313131313
724.077343935025 4.75682846001088 0.833333333333333
861.077929219804 0.840896415253715 0.843434343434343
861.077929219804 1 0.823232323232323
861.077929219804 1.18920711500272 0.848484848484849
861.077929219804 1.4142135623731 0.803030303030303
861.077929219804 1.68179283050743 0.797979797979798
861.077929219804 2 0.838383838383838
861.077929219804 2.37841423000544 0.803030303030303
861.077929219804 2.82842712474619 0.803030303030303
861.077929219804 3.36358566101486 0.813131313131313
861.077929219804 4 0.818181818181818
861.077929219804 4.75682846001088 0.777777777777778
1024 0.840896415253715 0.762626262626263
1024 1 0.843434343434343
1024 1.18920711500272 0.823232323232323
1024 1.4142135623731 0.818181818181818
1024 1.68179283050743 0.787878787878788
1024 2 0.813131313131313
1024 2.37841423000544 0.828282828282828
1024 2.82842712474619 0.838383838383838
1024 3.36358566101486 0.767676767676768
1024 4 0.808080808080808
1024 4.75682846001088 0.818181818181818
1217.74808576279 0.840896415253715 0.797979797979798
1217.74808576279 1 0.818181818181818
1217.74808576279 1.18920711500272 0.813131313131313
1217.74808576279 1.4142135623731 0.838383838383838
1217.74808576279 1.68179283050743 0.818181818181818
1217.74808576279 2 0.853535353535353
1217.74808576279 2.37841423000544 0.782828282828283
1217.74808576279 2.82842712474619 0.777777777777778
1217.74808576279 3.36358566101486 0.803030303030303
1217.74808576279 4 0.818181818181818
1217.74808576279 4.75682846001088 0.813131313131313
