0.03125 3.0517578125E-05 0.577777777777778
0.03125 0.0001220703125 0.577777777777778
0.03125 0.00048828125 0.577777777777778
0.03125 0.001953125 0.577777777777778
0.03125 0.0078125 0.577777777777778
0.03125 0.03125 0.577777777777778
0.03125 0.125 0.577777777777778
0.03125 0.5 0.577777777777778
0.03125 2 0.577777777777778
0.03125 8 0.577777777777778
0.125 3.0517578125E-05 0.577777777777778
0.125 0.0001220703125 0.577777777777778
0.125 0.00048828125 0.577777777777778
0.125 0.001953125 0.577777777777778
0.125 0.0078125 0.577777777777778
0.125 0.03125 0.577777777777778
0.125 0.125 0.577777777777778
0.125 0.5 0.577777777777778
0.125 2 0.577777777777778
0.125 8 0.577777777777778
0.5 3.0517578125E-05 0.577777777777778
0.5 0.0001220703125 0.577777777777778
0.5 0.00048828125 0.577777777777778
0.5 0.001953125 0.577777777777778
0.5 0.0078125 0.577777777777778
0.5 0.03125 0.577777777777778
0.5 0.125 0.577777777777778
0.5 0.5 0.577777777777778
0.5 2 0.577777777777778
0.5 8 0.577777777777778
2 3.0517578125E-05 0.577777777777778
2 0.0001220703125 0.577777777777778
2 0.00048828125 0.577777777777778
2 0.001953125 0.577777777777778
2 0.0078125 0.577777777777778
2 0.03125 0.577777777777778
2 0.125 0.577777777777778
2 0.5 0.577777777777778
2 2 0.555555555555556
2 8 0.644444444444444
8 3.0517578125E-05 0.577777777777778
8 0.0001220703125 0.577777777777778
8 0.00048828125 0.577777777777778
8 0.001953125 0.577777777777778
8 0.0078125 0.577777777777778
8 0.03125 0.577777777777778
8 0.125 0.577777777777778
8 0.5 0.588888888888889
8 2 0.766666666666667
8 8 0.711111111111111
32 3.0517578125E-05 0.577777777777778
32 0.0001220703125 0.577777777777778
32 0.00048828125 0.577777777777778
32 0.001953125 0.577777777777778
32 0.0078125 0.577777777777778
32 0.03125 0.577777777777778
32 0.125 0.6
32 0.5 0.788888888888889
32 2 0.8
32 8 0.788888888888889
128 3.0517578125E-05 0.577777777777778
128 0.0001220703125 0.577777777777778
128 0.00048828125 0.577777777777778
128 0.001953125 0.577777777777778
128 0.0078125 0.577777777777778
128 0.03125 0.588888888888889
128 0.125 0.833333333333333
128 0.5 0.888888888888889
128 2 0.833333333333333
128 8 0.788888888888889
512 3.0517578125E-05 0.577777777777778
512 0.0001220703125 0.577777777777778
512 0.00048828125 0.577777777777778
512 0.001953125 0.577777777777778
512 0.0078125 0.588888888888889
512 0.03125 0.811111111111111
512 0.125 0.833333333333333
512 0.5 0.788888888888889
512 2 0.833333333333333
512 8 0.777777777777778
2048 3.0517578125E-05 0.577777777777778
2048 0.0001220703125 0.577777777777778
2048 0.00048828125 0.577777777777778
2048 0.001953125 0.577777777777778
2048 0.0078125 0.866666666666667
2048 0.03125 0.866666666666667
2048 0.125 0.9
2048 0.5 0.844444444444444
2048 2 0.788888888888889
2048 8 0.755555555555556
8192 3.0517578125E-05 0.577777777777778
8192 0.0001220703125 0.577777777777778
8192 0.00048828125 0.633333333333333
8192 0.001953125 0.8
8192 0.0078125 0.855555555555556
8192 0.03125 0.9
8192 0.125 0.8
8192 0.5 0.688888888888889
8192 2 0.788888888888889
8192 8 0.666666666666667
32768 3.0517578125E-05 0.577777777777778
32768 0.0001220703125 0.622222222222222
32768 0.00048828125 0.833333333333333
32768 0.001953125 0.877777777777778
32768 0.0078125 0.866666666666667
32768 0.03125 0.8
32768 0.125 0.8
32768 0.5 0.744444444444444
32768 2 0.7
32768 8 0.755555555555556
861.077929219804 0.0525560259533572 0.877777777777778
861.077929219804 0.0625 0.866666666666667
861.077929219804 0.0743254446876701 0.877777777777778
861.077929219804 0.0883883476483184 0.855555555555556
861.077929219804 0.105112051906714 0.855555555555556
861.077929219804 0.125 0.844444444444444
861.077929219804 0.14865088937534 0.844444444444444
861.077929219804 0.176776695296637 0.877777777777778
861.077929219804 0.210224103813429 0.855555555555556
861.077929219804 0.25 0.866666666666667
861.077929219804 0.29730177875068 0.888888888888889
1024 0.0525560259533572 0.855555555555556
1024 0.0625 0.866666666666667
1024 0.0743254446876701 0.877777777777778
1024 0.0883883476483184 0.877777777777778
1024 0.105112051906714 0.866666666666667
1024 0.125 0.877777777777778
1024 0.14865088937534 0.833333333333333
1024 0.176776695296637 0.833333333333333
1024 0.210224103813429 0.844444444444444
1024 0.25 0.833333333333333
1024 0.29730177875068 0.855555555555556
1217.74808576279 0.0525560259533572 0.855555555555556
1217.74808576279 0.0625 0.855555555555556
1217.74808576279 0.0743254446876701 0.866666666666667
1217.74808576279 0.0883883476483184 0.877777777777778
1217.74808576279 0.105112051906714 0.877777777777778
1217.74808576279 0.125 0.844444444444444
1217.74808576279 0.14865088937534 0.855555555555556
1217.74808576279 0.176776695296637 0.844444444444444
1217.74808576279 0.210224103813429 0.833333333333333
1217.74808576279 0.25 0.833333333333333
1217.74808576279 0.29730177875068 0.822222222222222
1448.15468787005 0.0525560259533572 0.877777777777778
1448.15468787005 0.0625 0.866666666666667
1448.15468787005 0.0743254446876701 0.844444444444444
1448.15468787005 0.0883883476483184 0.833333333333333
1448.15468787005 0.105112051906714 0.866666666666667
1448.15468787005 0.125 0.844444444444444
1448.15468787005 0.14865088937534 0.844444444444444
1448.15468787005 0.176776695296637 0.844444444444444
1448.15468787005 0.210224103813429 0.844444444444444
1448.15468787005 0.25 0.833333333333333
1448.15468787005 0.29730177875068 0.811111111111111
1722.15585843961 0.0525560259533572 0.866666666666667
1722.15585843961 0.0625 0.866666666666667
1722.15585843961 0.0743254446876701 0.866666666666667
1722.15585843961 0.0883883476483184 0.833333333333333
1722.15585843961 0.105112051906714 0.855555555555556
1722.15585843961 0.125 0.866666666666667
1722.15585843961 0.14865088937534 0.844444444444444
1722.15585843961 0.176776695296637 0.855555555555556
1722.15585843961 0.210224103813429 0.844444444444444
1722.15585843961 0.25 0.822222222222222
1722.15585843961 0.29730177875068 0.855555555555556
2435.49617152557 0.0525560259533572 0.866666666666667
2435.49617152557 0.0625 0.833333333333333
2435.49617152557 0.0743254446876701 0.844444444444444
2435.49617152557 0.0883883476483184 0.866666666666667
2435.49617152557 0.105112051906714 0.844444444444444
2435.49617152557 0.125 0.844444444444444
2435.49617152557 0.14865088937534 0.855555555555556
2435.49617152557 0.176776695296637 0.855555555555556
2435.49617152557 0.210224103813429 0.822222222222222
2435.49617152557 0.25 0.822222222222222
2435.49617152557 0.29730177875068 0.855555555555556
2896.3093757401 0.0525560259533572 0.888888888888889
2896.3093757401 0.0625 0.877777777777778
2896.3093757401 0.0743254446876701 0.877777777777778
2896.3093757401 0.0883883476483184 0.866666666666667
2896.3093757401 0.105112051906714 0.833333333333333
2896.3093757401 0.125 0.833333333333333
2896.3093757401 0.14865088937534 0.844444444444444
2896.3093757401 0.176776695296637 0.8
2896.3093757401 0.210224103813429 0.822222222222222
2896.3093757401 0.25 0.822222222222222
2896.3093757401 0.29730177875068 0.855555555555556
3444.31171687921 0.0525560259533572 0.833333333333333
3444.31171687921 0.0625 0.855555555555556
3444.31171687921 0.0743254446876701 0.888888888888889
3444.31171687921 0.0883883476483184 0.877777777777778
3444.31171687921 0.105112051906714 0.833333333333333
3444.31171687921 0.125 0.811111111111111
3444.31171687921 0.14865088937534 0.844444444444444
3444.31171687921 0.176776695296637 0.8
3444.31171687921 0.210224103813429 0.833333333333333
3444.31171687921 0.25 0.833333333333333
3444.31171687921 0.29730177875068 0.811111111111111
4096 0.0525560259533572 0.877777777777778
4096 0.0625 0.866666666666667
4096 0.0743254446876701 0.844444444444444
4096 0.0883883476483184 0.855555555555556
4096 0.105112051906714 0.833333333333333
4096 0.125 0.844444444444444
4096 0.14865088937534 0.777777777777778
4096 0.176776695296637 0.844444444444444
4096 0.210224103813429 0.811111111111111
4096 0.25 0.844444444444444
4096 0.29730177875068 0.811111111111111
4870.99234305115 0.0525560259533572 0.844444444444444
4870.99234305115 0.0625 0.866666666666667
4870.99234305115 0.0743254446876701 0.877777777777778
4870.99234305115 0.0883883476483184 0.833333333333333
4870.99234305115 0.105112051906714 0.866666666666667
4870.99234305115 0.125 0.833333333333333
4870.99234305115 0.14865088937534 0.822222222222222
4870.99234305115 0.176776695296637 0.833333333333333
4870.99234305115 0.210224103813429 0.777777777777778
4870.99234305115 0.25 0.844444444444444
4870.99234305115 0.29730177875068 0.844444444444444
