0.03125 3.0517578125E-05 0.551829268292683
0.03125 0.0001220703125 0.551829268292683
0.03125 0.00048828125 0.551829268292683
0.03125 0.001953125 0.551829268292683
0.03125 0.0078125 0.551829268292683
0.03125 0.03125 0.551829268292683
0.03125 0.125 0.551829268292683
0.03125 0.5 0.551829268292683
0.03125 2 0.551829268292683
0.03125 8 0.551829268292683
0.125 3.0517578125E-05 0.551829268292683
0.125 0.0001220703125 0.551829268292683
0.125 0.00048828125 0.551829268292683
0.125 0.001953125 0.551829268292683
0.125 0.0078125 0.551829268292683
0.125 0.03125 0.551829268292683
0.125 0.125 0.551829268292683
0.125 0.5 0.551829268292683
0.125 2 0.551829268292683
0.125 8 0.570121951219512
0.5 3.0517578125E-05 0.551829268292683
0.5 0.0001220703125 0.551829268292683
0.5 0.00048828125 0.551829268292683
0.5 0.001953125 0.551829268292683
0.5 0.0078125 0.551829268292683
0.5 0.03125 0.551829268292683
0.5 0.125 0.551829268292683
0.5 0.5 0.573170731707317
0.5 2 0.655487804878049
0.5 8 0.679878048780488
2 3.0517578125E-05 0.551829268292683
2 0.0001220703125 0.551829268292683
2 0.00048828125 0.551829268292683
2 0.001953125 0.551829268292683
2 0.0078125 0.551829268292683
2 0.03125 0.551829268292683
2 0.125 0.576219512195122
2 0.5 0.664634146341463
2 2 0.701219512195122
2 8 0.734756097560976
8 3.0517578125E-05 0.551829268292683
8 0.0001220703125 0.551829268292683
8 0.00048828125 0.551829268292683
8 0.001953125 0.551829268292683
8 0.0078125 0.551829268292683
8 0.03125 0.573170731707317
8 0.125 0.667682926829268
8 0.5 0.716463414634146
8 2 0.777439024390244
8 8 0.768292682926829
32 3.0517578125E-05 0.551829268292683
32 0.0001220703125 0.551829268292683
32 0.00048828125 0.551829268292683
32 0.001953125 0.551829268292683
32 0.0078125 0.579268292682927
32 0.03125 0.661585365853659
32 0.125 0.707317073170732
32 0.5 0.759146341463415
32 2 0.801829268292683
32 8 0.801829268292683
128 3.0517578125E-05 0.551829268292683
128 0.0001220703125 0.551829268292683
128 0.00048828125 0.551829268292683
128 0.001953125 0.579268292682927
128 0.0078125 0.667682926829268
128 0.03125 0.722560975609756
128 0.125 0.76219512195122
128 0.5 0.798780487804878
128 2 0.804878048780488
128 8 0.807926829268293
512 3.0517578125E-05 0.551829268292683
512 0.0001220703125 0.551829268292683
512 0.00048828125 0.582317073170732
512 0.001953125 0.661585365853659
512 0.0078125 0.722560975609756
512 0.03125 0.771341463414634
512 0.125 0.795731707317073
512 0.5 0.832317073170732
512 2 0.847560975609756
512 8 0.810975609756098
2048 3.0517578125E-05 0.551829268292683
2048 0.0001220703125 0.582317073170732
2048 0.00048828125 0.664634146341463
2048 0.001953125 0.710365853658537
2048 0.0078125 0.771341463414634
2048 0.03125 0.807926829268293
2048 0.125 0.850609756097561
2048 0.5 0.850609756097561
2048 2 0.820121951219512
2048 8 0.829268292682927
8192 3.0517578125E-05 0.582317073170732
8192 0.0001220703125 0.664634146341463
8192 0.00048828125 0.716463414634146
8192 0.001953125 0.765243902439024
8192 0.0078125 0.801829268292683
8192 0.03125 0.838414634146341
8192 0.125 0.86280487804878
8192 0.5 0.86280487804878
8192 2 0.853658536585366
8192 8 0.789634146341463
32768 3.0517578125E-05 0.661585365853659
32768 0.0001220703125 0.725609756097561
32768 0.00048828125 0.768292682926829
32768 0.001953125 0.804878048780488
32768 0.0078125 0.817073170731707
32768 0.03125 0.86280487804878
32768 0.125 0.88719512195122
32768 0.5 0.853658536585366
32768 2 0.838414634146341
32768 8 0.789634146341463
13777.2468675169 0.0525560259533572 0.847560975609756
13777.2468675169 0.0625 0.847560975609756
13777.2468675169 0.0743254446876701 0.847560975609756
13777.2468675169 0.0883883476483184 0.86890243902439
13777.2468675169 0.105112051906714 0.86280487804878
13777.2468675169 0.125 0.890243902439024
13777.2468675169 0.14865088937534 0.890243902439024
13777.2468675169 0.176776695296637 0.856707317073171
13777.2468675169 0.210224103813429 0.86890243902439
13777.2468675169 0.25 0.856707317073171
13777.2468675169 0.29730177875068 0.856707317073171
16384 0.0525560259533572 0.86280487804878
16384 0.0625 0.850609756097561
16384 0.0743254446876701 0.859756097560976
16384 0.0883883476483184 0.875
16384 0.105112051906714 0.878048780487805
16384 0.125 0.884146341463415
16384 0.14865088937534 0.871951219512195
16384 0.176776695296637 0.865853658536585
16384 0.210224103813429 0.884146341463415
16384 0.25 0.86890243902439
16384 0.29730177875068 0.86890243902439
19483.9693722046 0.0525560259533572 0.865853658536585
19483.9693722046 0.0625 0.86890243902439
19483.9693722046 0.0743254446876701 0.88719512195122
19483.9693722046 0.0883883476483184 0.859756097560976
19483.9693722046 0.105112051906714 0.88719512195122
19483.9693722046 0.125 0.871951219512195
19483.9693722046 0.14865088937534 0.890243902439024
19483.9693722046 0.176776695296637 0.884146341463415
19483.9693722046 0.210224103813429 0.88719512195122
19483.9693722046 0.25 0.86280487804878
19483.9693722046 0.29730177875068 0.893292682926829
23170.4750059208 0.0525560259533572 0.86890243902439
23170.4750059208 0.0625 0.86890243902439
23170.4750059208 0.0743254446876701 0.86890243902439
23170.4750059208 0.0883883476483184 0.88719512195122
23170.4750059208 0.105112051906714 0.875
23170.4750059208 0.125 0.88719512195122
23170.4750059208 0.14865088937534 0.871951219512195
23170.4750059208 0.176776695296637 0.859756097560976
23170.4750059208 0.210224103813429 0.865853658536585
23170.4750059208 0.25 0.88109756097561
23170.4750059208 0.29730177875068 0.884146341463415
27554.4937350337 0.0525560259533572 0.865853658536585
27554.4937350337 0.0625 0.86280487804878
27554.4937350337 0.0743254446876701 0.86280487804878
27554.4937350337 0.0883883476483184 0.875
27554.4937350337 0.105112051906714 0.875
27554.4937350337 0.125 0.88719512195122
27554.4937350337 0.14865088937534 0.88109756097561
27554.4937350337 0.176776695296637 0.88109756097561
27554.4937350337 0.210224103813429 0.88109756097561
27554.4937350337 0.25 0.86890243902439
27554.4937350337 0.29730177875068 0.865853658536585
38967.9387444092 0.0525560259533572 0.88109756097561
38967.9387444092 0.0625 0.86890243902439
38967.9387444092 0.0743254446876701 0.875
38967.9387444092 0.0883883476483184 0.884146341463415
38967.9387444092 0.105112051906714 0.878048780487805
38967.9387444092 0.125 0.878048780487805
38967.9387444092 0.14865088937534 0.88719512195122
38967.9387444092 0.176776695296637 0.875
38967.9387444092 0.210224103813429 0.853658536585366
38967.9387444092 0.25 0.88719512195122
38967.9387444092 0.29730177875068 0.86280487804878
46340.9500118416 0.0525560259533572 0.878048780487805
46340.9500118416 0.0625 0.875
46340.9500118416 0.0743254446876701 0.859756097560976
46340.9500118416 0.0883883476483184 0.896341463414634
46340.9500118416 0.105112051906714 0.88109756097561
46340.9500118416 0.125 0.86890243902439
46340.9500118416 0.14865088937534 0.884146341463415
46340.9500118416 0.176776695296637 0.896341463414634
46340.9500118416 0.210224103813429 0.865853658536585
46340.9500118416 0.25 0.878048780487805
46340.9500118416 0.29730177875068 0.884146341463415
55108.9874700674 0.0525560259533572 0.878048780487805
55108.9874700674 0.0625 0.875
55108.9874700674 0.0743254446876701 0.893292682926829
55108.9874700674 0.0883883476483184 0.88719512195122
55108.9874700674 0.105112051906714 0.86280487804878
55108.9874700674 0.125 0.896341463414634
55108.9874700674 0.14865088937534 0.875
55108.9874700674 0.176776695296637 0.86280487804878
55108.9874700674 0.210224103813429 0.871951219512195
55108.9874700674 0.25 0.86890243902439
55108.9874700674 0.29730177875068 0.86280487804878
65536 0.0525560259533572 0.88109756097561
65536 0.0625 0.899390243902439
65536 0.0743254446876701 0.890243902439024
65536 0.0883883476483184 0.88109756097561
65536 0.105112051906714 0.875
65536 0.125 0.865853658536585
65536 0.14865088937534 0.86890243902439
65536 0.176776695296637 0.859756097560976
65536 0.210224103813429 0.88109756097561
65536 0.25 0.878048780487805
65536 0.29730177875068 0.875
77935.8774888183 0.0525560259533572 0.884146341463415
77935.8774888183 0.0625 0.896341463414634
77935.8774888183 0.0743254446876701 0.884146341463415
77935.8774888183 0.0883883476483184 0.878048780487805
77935.8774888183 0.105112051906714 0.890243902439024
77935.8774888183 0.125 0.871951219512195
77935.8774888183 0.14865088937534 0.871951219512195
77935.8774888183 0.176776695296637 0.88719512195122
77935.8774888183 0.210224103813429 0.878048780487805
77935.8774888183 0.25 0.875
77935.8774888183 0.29730177875068 0.875
