0.03125 3.0517578125E-05 0.635036496350365
0.03125 0.0001220703125 0.635036496350365
0.03125 0.00048828125 0.635036496350365
0.03125 0.001953125 0.635036496350365
0.03125 0.0078125 0.635036496350365
0.03125 0.03125 0.635036496350365
0.03125 0.125 0.635036496350365
0.03125 0.5 0.635036496350365
0.03125 2 0.635036496350365
0.03125 8 0.635036496350365
0.125 3.0517578125E-05 0.635036496350365
0.125 0.0001220703125 0.635036496350365
0.125 0.00048828125 0.635036496350365
0.125 0.001953125 0.635036496350365
0.125 0.0078125 0.635036496350365
0.125 0.03125 0.635036496350365
0.125 0.125 0.635036496350365
0.125 0.5 0.635036496350365
0.125 2 0.635036496350365
0.125 8 0.635036496350365
0.5 3.0517578125E-05 0.635036496350365
0.5 0.0001220703125 0.635036496350365
0.5 0.00048828125 0.635036496350365
0.5 0.001953125 0.635036496350365
0.5 0.0078125 0.635036496350365
0.5 0.03125 0.635036496350365
0.5 0.125 0.635036496350365
0.5 0.5 0.635036496350365
0.5 2 0.635036496350365
0.5 8 0.693430656934307
2 3.0517578125E-05 0.635036496350365
2 0.0001220703125 0.635036496350365
2 0.00048828125 0.635036496350365
2 0.001953125 0.635036496350365
2 0.0078125 0.635036496350365
2 0.03125 0.635036496350365
2 0.125 0.635036496350365
2 0.5 0.635036496350365
2 2 0.737226277372263
2 8 0.773722627737226
8 3.0517578125E-05 0.635036496350365
8 0.0001220703125 0.635036496350365
8 0.00048828125 0.635036496350365
8 0.001953125 0.635036496350365
8 0.0078125 0.635036496350365
8 0.03125 0.635036496350365
8 0.125 0.642335766423358
8 0.5 0.72992700729927
8 2 0.781021897810219
8 8 0.817518248175182
32 3.0517578125E-05 0.635036496350365
32 0.0001220703125 0.635036496350365
32 0.00048828125 0.635036496350365
32 0.001953125 0.635036496350365
32 0.0078125 0.635036496350365
32 0.03125 0.635036496350365
32 0.125 0.72992700729927
32 0.5 0.773722627737226
32 2 0.788321167883212
32 8 0.817518248175182
128 3.0517578125E-05 0.635036496350365
128 0.0001220703125 0.635036496350365
128 0.00048828125 0.635036496350365
128 0.001953125 0.635036496350365
128 0.0078125 0.642335766423358
128 0.03125 0.72992700729927
128 0.125 0.773722627737226
128 0.5 0.788321167883212
128 2 0.824817518248175
128 8 0.832116788321168
512 3.0517578125E-05 0.635036496350365
512 0.0001220703125 0.635036496350365
512 0.00048828125 0.635036496350365
512 0.001953125 0.635036496350365
512 0.0078125 0.72992700729927
512 0.03125 0.773722627737226
512 0.125 0.824817518248175
512 0.5 0.817518248175182
512 2 0.824817518248175
512 8 0.839416058394161
2048 3.0517578125E-05 0.635036496350365
2048 0.0001220703125 0.635036496350365
2048 0.00048828125 0.642335766423358
2048 0.001953125 0.72992700729927
2048 0.0078125 0.773722627737226
2048 0.03125 0.81021897810219
2048 0.125 0.832116788321168
2048 0.5 0.824817518248175
2048 2 0.832116788321168
2048 8 0.788321167883212
8192 3.0517578125E-05 0.635036496350365
8192 0.0001220703125 0.635036496350365
8192 0.00048828125 0.737226277372263
8192 0.001953125 0.766423357664234
8192 0.0078125 0.81021897810219
8192 0.03125 0.817518248175182
8192 0.125 0.824817518248175
8192 0.5 0.81021897810219
8192 2 0.817518248175182
8192 8 0.817518248175182
32768 3.0517578125E-05 0.642335766423358
32768 0.0001220703125 0.72992700729927
32768 0.00048828125 0.773722627737226
32768 0.001953125 0.817518248175182
32768 0.0078125 0.832116788321168
32768 0.03125 0.839416058394161
32768 0.125 0.817518248175182
32768 0.5 0.839416058394161
32768 2 0.744525547445255
32768 8 0.817518248175182
215.269482304951 3.36358566101486 0.817518248175182
215.269482304951 4 0.802919708029197
215.269482304951 4.75682846001088 0.839416058394161
215.269482304951 5.65685424949238 0.832116788321168
215.269482304951 6.72717132202972 0.781021897810219
215.269482304951 8 0.759124087591241
215.269482304951 9.51365692002177 0.795620437956204
215.269482304951 11.3137084989848 0.81021897810219
215.269482304951 13.4543426440594 0.788321167883212
215.269482304951 16 0.795620437956204
215.269482304951 19.0273138400435 0.773722627737226
256 3.36358566101486 0.802919708029197
256 4 0.817518248175182
256 4.75682846001088 0.854014598540146
256 5.65685424949238 0.832116788321168
256 6.72717132202972 0.817518248175182
256 8 0.854014598540146
256 9.51365692002177 0.81021897810219
256 11.3137084989848 0.802919708029197
256 13.4543426440594 0.802919708029197
256 16 0.788321167883212
256 19.0273138400435 0.744525547445255
304.437021440697 3.36358566101486 0.81021897810219
304.437021440697 4 0.81021897810219
304.437021440697 4.75682846001088 0.817518248175182
304.437021440697 5.65685424949238 0.788321167883212
304.437021440697 6.72717132202972 0.824817518248175
304.437021440697 8 0.832116788321168
304.437021440697 9.51365692002177 0.846715328467153
304.437021440697 11.3137084989848 0.788321167883212
304.437021440697 13.4543426440594 0.81021897810219
304.437021440697 16 0.788321167883212
304.437021440697 19.0273138400435 0.773722627737226
362.038671967512 3.36358566101486 0.788321167883212
362.038671967512 4 0.824817518248175
362.038671967512 4.75682846001088 0.81021897810219
362.038671967512 5.65685424949238 0.824817518248175
362.038671967512 6.72717132202972 0.839416058394161
362.038671967512 8 0.802919708029197
362.038671967512 9.51365692002177 0.81021897810219
362.038671967512 11.3137084989848 0.802919708029197
362.038671967512 13.4543426440594 0.81021897810219
362.038671967512 16 0.81021897810219
362.038671967512 19.0273138400435 0.817518248175182
430.538964609902 3.36358566101486 0.846715328467153
430.538964609902 4 0.802919708029197
430.538964609902 4.75682846001088 0.788321167883212
430.538964609902 5.65685424949238 0.817518248175182
430.538964609902 6.72717132202972 0.773722627737226
430.538964609902 8 0.824817518248175
430.538964609902 9.51365692002177 0.824817518248175
430.538964609902 11.3137084989848 0.824817518248175
430.538964609902 13.4543426440594 0.788321167883212
430.538964609902 16 0.81021897810219
430.538964609902 19.0273138400435 0.795620437956204
608.874042881393 3.36358566101486 0.824817518248175
608.874042881393 4 0.773722627737226
608.874042881393 4.75682846001088 0.802919708029197
608.874042881393 5.65685424949238 0.817518248175182
608.874042881393 6.72717132202972 0.817518248175182
608.874042881393 8 0.788321167883212
608.874042881393 9.51365692002177 0.795620437956204
608.874042881393 11.3137084989848 0.824817518248175
608.874042881393 13.4543426440594 0.788321167883212
608.874042881393 16 0.788321167883212
608.874042881393 19.0273138400435 0.832116788321168
724.077343935025 3.36358566101486 0.854014598540146
724.077343935025 4 0.824817518248175
724.077343935025 4.75682846001088 0.817518248175182
724.077343935025 5.65685424949238 0.817518248175182
724.077343935025 6.72717132202972 0.773722627737226
724.077343935025 8 0.817518248175182
724.077343935025 9.51365692002177 0.802919708029197
724.077343935025 11.3137084989848 0.773722627737226
724.077343935025 13.4543426440594 0.802919708029197
724.077343935025 16 0.839416058394161
724.077343935025 19.0273138400435 0.832116788321168
861.077929219804 3.36358566101486 0.817518248175182
861.077929219804 4 0.773722627737226
861.077929219804 4.75682846001088 0.802919708029197
861.077929219804 5.65685424949238 0.81021897810219
861.077929219804 6.72717132202972 0.81021897810219
861.077929219804 8 0.846715328467153
861.077929219804 9.51365692002177 0.817518248175182
861.077929219804 11.3137084989848 0.781021897810219
861.077929219804 13.4543426440594 0.839416058394161
861.077929219804 16 0.81021897810219
861.077929219804 19.0273138400435 0.839416058394161
1024 3.36358566101486 0.854014598540146
1024 4 0.788321167883212
1024 4.75682846001088 0.832116788321168
1024 5.65685424949238 0.802919708029197
1024 6.72717132202972 0.795620437956204
1024 8 0.781021897810219
1024 9.51365692002177 0.81021897810219
1024 11.3137084989848 0.824817518248175
1024 13.4543426440594 0.81021897810219
1024 16 0.802919708029197
1024 19.0273138400435 0.802919708029197
1217.74808576279 3.36358566101486 0.817518248175182
1217.74808576279 4 0.759124087591241
1217.74808576279 4.75682846001088 0.839416058394161
1217.74808576279 5.65685424949238 0.795620437956204
1217.74808576279 6.72717132202972 0.817518248175182
1217.74808576279 8 0.795620437956204
1217.74808576279 9.51365692002177 0.817518248175182
1217.74808576279 11.3137084989848 0.802919708029197
1217.74808576279 13.4543426440594 0.788321167883212
1217.74808576279 16 0.81021897810219
1217.74808576279 19.0273138400435 0.781021897810219
