0.03125 3.0517578125E-05 0.432330827067669
0.03125 0.0001220703125 0.432330827067669
0.03125 0.00048828125 0.432330827067669
0.03125 0.001953125 0.432330827067669
0.03125 0.0078125 0.432330827067669
0.03125 0.03125 0.432330827067669
0.03125 0.125 0.432330827067669
0.03125 0.5 0.432330827067669
0.03125 2 0.503759398496241
0.03125 8 0.432330827067669
0.125 3.0517578125E-05 0.432330827067669
0.125 0.0001220703125 0.432330827067669
0.125 0.00048828125 0.432330827067669
0.125 0.001953125 0.432330827067669
0.125 0.0078125 0.432330827067669
0.125 0.03125 0.432330827067669
0.125 0.125 0.432330827067669
0.125 0.5 0.578947368421053
0.125 2 0.590225563909774
0.125 8 0.605263157894737
0.5 3.0517578125E-05 0.432330827067669
0.5 0.0001220703125 0.432330827067669
0.5 0.00048828125 0.432330827067669
0.5 0.001953125 0.432330827067669
0.5 0.0078125 0.432330827067669
0.5 0.03125 0.432330827067669
0.5 0.125 0.586466165413534
0.5 0.5 0.593984962406015
0.5 2 0.612781954887218
0.5 8 0.68796992481203
2 3.0517578125E-05 0.432330827067669
2 0.0001220703125 0.432330827067669
2 0.00048828125 0.432330827067669
2 0.001953125 0.432330827067669
2 0.0078125 0.432330827067669
2 0.03125 0.586466165413534
2 0.125 0.593984962406015
2 0.5 0.631578947368421
2 2 0.733082706766917
2 8 0.766917293233083
8 3.0517578125E-05 0.432330827067669
8 0.0001220703125 0.432330827067669
8 0.00048828125 0.432330827067669
8 0.001953125 0.432330827067669
8 0.0078125 0.582706766917293
8 0.03125 0.597744360902256
8 0.125 0.657894736842105
8 0.5 0.778195488721805
8 2 0.830827067669173
8 8 0.827067669172932
32 3.0517578125E-05 0.432330827067669
32 0.0001220703125 0.432330827067669
32 0.00048828125 0.432330827067669
32 0.001953125 0.578947368421053
32 0.0078125 0.597744360902256
32 0.03125 0.642857142857143
32 0.125 0.781954887218045
32 0.5 0.853383458646617
32 2 0.845864661654135
32 8 0.815789473684211
128 3.0517578125E-05 0.432330827067669
128 0.0001220703125 0.432330827067669
128 0.00048828125 0.590225563909774
128 0.001953125 0.593984962406015
128 0.0078125 0.661654135338346
128 0.03125 0.781954887218045
128 0.125 0.860902255639098
128 0.5 0.879699248120301
128 2 0.857142857142857
128 8 0.834586466165414
512 3.0517578125E-05 0.432330827067669
512 0.0001220703125 0.582706766917293
512 0.00048828125 0.593984962406015
512 0.001953125 0.646616541353383
512 0.0078125 0.785714285714286
512 0.03125 0.860902255639098
512 0.125 0.879699248120301
512 0.5 0.894736842105263
512 2 0.890977443609023
512 8 0.834586466165414
2048 3.0517578125E-05 0.586466165413534
2048 0.0001220703125 0.601503759398496
2048 0.00048828125 0.646616541353383
2048 0.001953125 0.789473684210526
2048 0.0078125 0.868421052631579
2048 0.03125 0.887218045112782
2048 0.125 0.890977443609023
2048 0.5 0.853383458646617
2048 2 0.890977443609023
2048 8 0.834586466165414
8192 3.0517578125E-05 0.597744360902256
8192 0.0001220703125 0.654135338345865
8192 0.00048828125 0.781954887218045
8192 0.001953125 0.845864661654135
8192 0.0078125 0.894736842105263
8192 0.03125 0.894736842105263
8192 0.125 0.887218045112782
8192 0.5 0.883458646616541
8192 2 0.883458646616541
8192 8 0.830827067669173
32768 3.0517578125E-05 0.646616541353383
32768 0.0001220703125 0.781954887218045
32768 0.00048828125 0.868421052631579
32768 0.001953125 0.87218045112782
32768 0.0078125 0.887218045112782
32768 0.03125 0.883458646616541
32768 0.125 0.898496240601504
32768 0.5 0.887218045112782
32768 2 0.849624060150376
32768 8 0.823308270676692
13777.2468675169 0.0525560259533572 0.902255639097744
13777.2468675169 0.0625 0.883458646616541
13777.2468675169 0.0743254446876701 0.879699248120301
13777.2468675169 0.0883883476483184 0.909774436090226
13777.2468675169 0.105112051906714 0.902255639097744
13777.2468675169 0.125 0.906015037593985
13777.2468675169 0.14865088937534 0.909774436090226
13777.2468675169 0.176776695296637 0.898496240601504
13777.2468675169 0.210224103813429 0.883458646616541
13777.2468675169 0.25 0.902255639097744
13777.2468675169 0.29730177875068 0.906015037593985
16384 0.0525560259533572 0.890977443609023
16384 0.0625 0.890977443609023
16384 0.0743254446876701 0.909774436090226
16384 0.0883883476483184 0.894736842105263
16384 0.105112051906714 0.902255639097744
16384 0.125 0.890977443609023
16384 0.14865088937534 0.87593984962406
16384 0.176776695296637 0.890977443609023
16384 0.210224103813429 0.906015037593985
16384 0.25 0.902255639097744
16384 0.29730177875068 0.887218045112782
19483.9693722046 0.0525560259533572 0.890977443609023
19483.9693722046 0.0625 0.894736842105263
19483.9693722046 0.0743254446876701 0.917293233082707
19483.9693722046 0.0883883476483184 0.898496240601504
19483.9693722046 0.105112051906714 0.902255639097744
19483.9693722046 0.125 0.883458646616541
19483.9693722046 0.14865088937534 0.917293233082707
19483.9693722046 0.176776695296637 0.894736842105263
19483.9693722046 0.210224103813429 0.909774436090226
19483.9693722046 0.25 0.909774436090226
19483.9693722046 0.29730177875068 0.898496240601504
23170.4750059208 0.0525560259533572 0.879699248120301
23170.4750059208 0.0625 0.906015037593985
23170.4750059208 0.0743254446876701 0.894736842105263
23170.4750059208 0.0883883476483184 0.883458646616541
23170.4750059208 0.105112051906714 0.887218045112782
23170.4750059208 0.125 0.894736842105263
23170.4750059208 0.14865088937534 0.917293233082707
23170.4750059208 0.176776695296637 0.883458646616541
23170.4750059208 0.210224103813429 0.898496240601504
23170.4750059208 0.25 0.879699248120301
23170.4750059208 0.29730177875068 0.890977443609023
27554.4937350337 0.0525560259533572 0.898496240601504
27554.4937350337 0.0625 0.909774436090226
27554.4937350337 0.0743254446876701 0.909774436090226
27554.4937350337 0.0883883476483184 0.883458646616541
27554.4937350337 0.105112051906714 0.902255639097744
27554.4937350337 0.125 0.894736842105263
27554.4937350337 0.14865088937534 0.894736842105263
27554.4937350337 0.176776695296637 0.902255639097744
27554.4937350337 0.210224103813429 0.883458646616541
27554.4937350337 0.25 0.909774436090226
27554.4937350337 0.29730177875068 0.906015037593985
38967.9387444092 0.0525560259533572 0.917293233082707
38967.9387444092 0.0625 0.917293233082707
38967.9387444092 0.0743254446876701 0.894736842105263
38967.9387444092 0.0883883476483184 0.909774436090226
38967.9387444092 0.105112051906714 0.913533834586466
38967.9387444092 0.125 0.894736842105263
38967.9387444092 0.14865088937534 0.879699248120301
38967.9387444092 0.176776695296637 0.883458646616541
38967.9387444092 0.210224103813429 0.906015037593985
38967.9387444092 0.25 0.864661654135338
38967.9387444092 0.29730177875068 0.883458646616541
46340.9500118416 0.0525560259533572 0.898496240601504
46340.9500118416 0.0625 0.917293233082707
46340.9500118416 0.0743254446876701 0.917293233082707
46340.9500118416 0.0883883476483184 0.890977443609023
46340.9500118416 0.105112051906714 0.913533834586466
46340.9500118416 0.125 0.917293233082707
46340.9500118416 0.14865088937534 0.913533834586466
46340.9500118416 0.176776695296637 0.87593984962406
46340.9500118416 0.210224103813429 0.898496240601504
46340.9500118416 0.25 0.902255639097744
46340.9500118416 0.29730177875068 0.887218045112782
55108.9874700674 0.0525560259533572 0.921052631578947
55108.9874700674 0.0625 0.890977443609023
55108.9874700674 0.0743254446876701 0.909774436090226
55108.9874700674 0.0883883476483184 0.898496240601504
55108.9874700674 0.105112051906714 0.898496240601504
55108.9874700674 0.125 0.894736842105263
55108.9874700674 0.14865088937534 0.890977443609023
55108.9874700674 0.176776695296637 0.902255639097744
55108.9874700674 0.210224103813429 0.890977443609023
55108.9874700674 0.25 0.928571428571429
55108.9874700674 0.29730177875068 0.890977443609023
65536 0.0525560259533572 0.887218045112782
65536 0.0625 0.890977443609023
65536 0.0743254446876701 0.909774436090226
65536 0.0883883476483184 0.898496240601504
65536 0.105112051906714 0.887218045112782
65536 0.125 0.879699248120301
65536 0.14865088937534 0.887218045112782
65536 0.176776695296637 0.902255639097744
65536 0.210224103813429 0.87593984962406
65536 0.25 0.890977443609023
65536 0.29730177875068 0.879699248120301
77935.8774888183 0.0525560259533572 0.921052631578947
77935.8774888183 0.0625 0.928571428571429
77935.8774888183 0.0743254446876701 0.909774436090226
77935.8774888183 0.0883883476483184 0.87593984962406
77935.8774888183 0.105112051906714 0.902255639097744
77935.8774888183 0.125 0.902255639097744
77935.8774888183 0.14865088937534 0.890977443609023
77935.8774888183 0.176776695296637 0.902255639097744
77935.8774888183 0.210224103813429 0.887218045112782
77935.8774888183 0.25 0.87593984962406
77935.8774888183 0.29730177875068 0.894736842105263
