0.03125 3.0517578125E-05 0.494071146245059
0.03125 0.0001220703125 0.494071146245059
0.03125 0.00048828125 0.494071146245059
0.03125 0.001953125 0.494071146245059
0.03125 0.0078125 0.494071146245059
0.03125 0.03125 0.494071146245059
0.03125 0.125 0.494071146245059
0.03125 0.5 0.494071146245059
0.03125 2 0.494071146245059
0.03125 8 0.494071146245059
0.125 3.0517578125E-05 0.494071146245059
0.125 0.0001220703125 0.494071146245059
0.125 0.00048828125 0.494071146245059
0.125 0.001953125 0.494071146245059
0.125 0.0078125 0.494071146245059
0.125 0.03125 0.494071146245059
0.125 0.125 0.494071146245059
0.125 0.5 0.494071146245059
0.125 2 0.494071146245059
0.125 8 0.486166007905138
0.5 3.0517578125E-05 0.494071146245059
0.5 0.0001220703125 0.494071146245059
0.5 0.00048828125 0.494071146245059
0.5 0.001953125 0.494071146245059
0.5 0.0078125 0.494071146245059
0.5 0.03125 0.494071146245059
0.5 0.125 0.494071146245059
0.5 0.5 0.494071146245059
0.5 2 0.505928853754941
0.5 8 0.533596837944664
2 3.0517578125E-05 0.494071146245059
2 0.0001220703125 0.494071146245059
2 0.00048828125 0.494071146245059
2 0.001953125 0.494071146245059
2 0.0078125 0.494071146245059
2 0.03125 0.494071146245059
2 0.125 0.490118577075099
2 0.5 0.525691699604743
2 2 0.565217391304348
2 8 0.612648221343874
8 3.0517578125E-05 0.494071146245059
8 0.0001220703125 0.494071146245059
8 0.00048828125 0.494071146245059
8 0.001953125 0.494071146245059
8 0.0078125 0.494071146245059
8 0.03125 0.474308300395257
8 0.125 0.525691699604743
8 0.5 0.58498023715415
8 2 0.608695652173913
8 8 0.608695652173913
32 3.0517578125E-05 0.494071146245059
32 0.0001220703125 0.494071146245059
32 0.00048828125 0.494071146245059
32 0.001953125 0.494071146245059
32 0.0078125 0.494071146245059
32 0.03125 0.494071146245059
32 0.125 0.600790513833992
32 0.5 0.592885375494071
32 2 0.687747035573123
32 8 0.707509881422925
128 3.0517578125E-05 0.494071146245059
128 0.0001220703125 0.494071146245059
128 0.00048828125 0.494071146245059
128 0.001953125 0.478260869565217
128 0.0078125 0.521739130434783
128 0.03125 0.608695652173913
128 0.125 0.616600790513834
128 0.5 0.711462450592885
128 2 0.739130434782609
128 8 0.699604743083004
512 3.0517578125E-05 0.494071146245059
512 0.0001220703125 0.494071146245059
512 0.00048828125 0.50197628458498
512 0.001953125 0.517786561264822
512 0.0078125 0.640316205533597
512 0.03125 0.644268774703557
512 0.125 0.66798418972332
512 0.5 0.731225296442688
512 2 0.74703557312253
512 8 0.754940711462451
2048 3.0517578125E-05 0.494071146245059
2048 0.0001220703125 0.490118577075099
2048 0.00048828125 0.513833992094862
2048 0.001953125 0.620553359683794
2048 0.0078125 0.648221343873518
2048 0.03125 0.703557312252964
2048 0.125 0.766798418972332
2048 0.5 0.719367588932806
2048 2 0.762845849802372
2048 8 0.774703557312253
8192 3.0517578125E-05 0.474308300395257
8192 0.0001220703125 0.525691699604743
8192 0.00048828125 0.596837944664032
8192 0.001953125 0.640316205533597
8192 0.0078125 0.723320158102767
8192 0.03125 0.723320158102767
8192 0.125 0.735177865612648
8192 0.5 0.770750988142292
8192 2 0.806324110671937
8192 8 0.794466403162055
32768 3.0517578125E-05 0.529644268774704
32768 0.0001220703125 0.588932806324111
32768 0.00048828125 0.660079051383399
32768 0.001953125 0.707509881422925
32768 0.0078125 0.762845849802372
32768 0.03125 0.778656126482213
32768 0.125 0.723320158102767
32768 0.5 0.810276679841897
32768 2 0.845849802371542
32768 8 0.782608695652174
13777.2468675169 0.840896415253715 0.743083003952569
13777.2468675169 1 0.802371541501976
13777.2468675169 1.18920711500272 0.83399209486166
13777.2468675169 1.4142135623731 0.802371541501976
13777.2468675169 1.68179283050743 0.802371541501976
13777.2468675169 2 0.841897233201581
13777.2468675169 2.37841423000544 0.822134387351779
13777.2468675169 2.82842712474619 0.798418972332016
13777.2468675169 3.36358566101486 0.774703557312253
13777.2468675169 4 0.802371541501976
13777.2468675169 4.75682846001088 0.774703557312253
16384 0.840896415253715 0.766798418972332
16384 1 0.798418972332016
16384 1.18920711500272 0.806324110671937
16384 1.4142135623731 0.822134387351779
16384 1.68179283050743 0.810276679841897
16384 2 0.802371541501976
16384 2.37841423000544 0.810276679841897
16384 2.82842712474619 0.822134387351779
16384 3.36358566101486 0.802371541501976
16384 4 0.814229249011858
16384 4.75682846001088 0.770750988142292
19483.9693722046 0.840896415253715 0.810276679841897
19483.9693722046 1 0.822134387351779
19483.9693722046 1.18920711500272 0.798418972332016
19483.9693722046 1.4142135623731 0.826086956521739
19483.9693722046 1.68179283050743 0.782608695652174
19483.9693722046 2 0.806324110671937
19483.9693722046 2.37841423000544 0.814229249011858
19483.9693722046 2.82842712474619 0.818181818181818
19483.9693722046 3.36358566101486 0.826086956521739
19483.9693722046 4 0.826086956521739
19483.9693722046 4.75682846001088 0.794466403162055
23170.4750059208 0.840896415253715 0.798418972332016
23170.4750059208 1 0.818181818181818
23170.4750059208 1.18920711500272 0.826086956521739
23170.4750059208 1.4142135623731 0.818181818181818
23170.4750059208 1.68179283050743 0.8300395256917
23170.4750059208 2 0.810276679841897
23170.4750059208 2.37841423000544 0.790513833992095
23170.4750059208 2.82842712474619 0.774703557312253
23170.4750059208 3.36358566101486 0.810276679841897
23170.4750059208 4 0.794466403162055
23170.4750059208 4.75682846001088 0.806324110671937
27554.4937350337 0.840896415253715 0.8300395256917
27554.4937350337 1 0.818181818181818
27554.4937350337 1.18920711500272 0.822134387351779
27554.4937350337 1.4142135623731 0.818181818181818
27554.4937350337 1.68179283050743 0.818181818181818
27554.4937350337 2 0.826086956521739
27554.4937350337 2.37841423000544 0.822134387351779
27554.4937350337 2.82842712474619 0.806324110671937
27554.4937350337 3.36358566101486 0.798418972332016
27554.4937350337 4 0.778656126482213
27554.4937350337 4.75682846001088 0.782608695652174
38967.9387444092 0.840896415253715 0.8300395256917
38967.9387444092 1 0.822134387351779
38967.9387444092 1.18920711500272 0.826086956521739
38967.9387444092 1.4142135623731 0.814229249011858
38967.9387444092 1.68179283050743 0.8300395256917
38967.9387444092 2 0.83399209486166
38967.9387444092 2.37841423000544 0.814229249011858
38967.9387444092 2.82842712474619 0.814229249011858
38967.9387444092 3.36358566101486 0.806324110671937
38967.9387444092 4 0.806324110671937
38967.9387444092 4.75682846001088 0.74703557312253
46340.9500118416 0.840896415253715 0.794466403162055
46340.9500118416 1 0.841897233201581
46340.9500118416 1.18920711500272 0.806324110671937
46340.9500118416 1.4142135623731 0.818181818181818
46340.9500118416 1.68179283050743 0.814229249011858
46340.9500118416 2 0.814229249011858
46340.9500118416 2.37841423000544 0.806324110671937
46340.9500118416 2.82842712474619 0.826086956521739
46340.9500118416 3.36358566101486 0.790513833992095
46340.9500118416 4 0.802371541501976
46340.9500118416 4.75682846001088 0.794466403162055
55108.9874700674 0.840896415253715 0.841897233201581
55108.9874700674 1 0.83399209486166
55108.9874700674 1.18920711500272 0.822134387351779
55108.9874700674 1.4142135623731 0.8300395256917
55108.9874700674 1.68179283050743 0.822134387351779
55108.9874700674 2 0.841897233201581
55108.9874700674 2.37841423000544 0.826086956521739
55108.9874700674 2.82842712474619 0.837944664031621
55108.9874700674 3.36358566101486 0.758893280632411
55108.9874700674 4 0.810276679841897
55108.9874700674 4.75682846001088 0.798418972332016
65536 0.840896415253715 0.802371541501976
65536 1 0.818181818181818
65536 1.18920711500272 0.8300395256917
65536 1.4142135623731 0.861660079051383
65536 1.68179283050743 0.822134387351779
65536 2 0.837944664031621
65536 2.37841423000544 0.810276679841897
65536 2.82842712474619 0.798418972332016
65536 3.36358566101486 0.794466403162055
65536 4 0.778656126482213
65536 4.75682846001088 0.802371541501976
77935.8774888183 0.840896415253715 0.826086956521739
77935.8774888183 1 0.826086956521739
77935.8774888183 1.18920711500272 0.845849802371542
77935.8774888183 1.4142135623731 0.826086956521739
77935.8774888183 1.68179283050743 0.822134387351779
77935.8774888183 2 0.837944664031621
77935.8774888183 2.37841423000544 0.798418972332016
77935.8774888183 2.82842712474619 0.774703557312253
77935.8774888183 3.36358566101486 0.790513833992095
77935.8774888183 4 0.794466403162055
77935.8774888183 4.75682846001088 0.754940711462451
