0.03125 3.0517578125E-05 0.454954954954955
0.03125 0.0001220703125 0.454954954954955
0.03125 0.00048828125 0.454954954954955
0.03125 0.001953125 0.454954954954955
0.03125 0.0078125 0.454954954954955
0.03125 0.03125 0.454954954954955
0.03125 0.125 0.454954954954955
0.03125 0.5 0.454954954954955
0.03125 2 0.454954954954955
0.03125 8 0.454954954954955
0.125 3.0517578125E-05 0.454954954954955
0.125 0.0001220703125 0.454954954954955
0.125 0.00048828125 0.454954954954955
0.125 0.001953125 0.454954954954955
0.125 0.0078125 0.454954954954955
0.125 0.03125 0.454954954954955
0.125 0.125 0.454954954954955
0.125 0.5 0.554054054054054
0.125 2 0.594594594594595
0.125 8 0.603603603603604
0.5 3.0517578125E-05 0.454954954954955
0.5 0.0001220703125 0.454954954954955
0.5 0.00048828125 0.454954954954955
0.5 0.001953125 0.454954954954955
0.5 0.0078125 0.454954954954955
0.5 0.03125 0.454954954954955
0.5 0.125 0.477477477477477
0.5 0.5 0.626126126126126
0.5 2 0.662162162162162
0.5 8 0.689189189189189
2 3.0517578125E-05 0.454954954954955
2 0.0001220703125 0.454954954954955
2 0.00048828125 0.454954954954955
2 0.001953125 0.454954954954955
2 0.0078125 0.454954954954955
2 0.03125 0.468468468468468
2 0.125 0.572072072072072
2 0.5 0.671171171171171
2 2 0.702702702702703
2 8 0.765765765765766
8 3.0517578125E-05 0.454954954954955
8 0.0001220703125 0.454954954954955
8 0.00048828125 0.454954954954955
8 0.001953125 0.454954954954955
8 0.0078125 0.468468468468468
8 0.03125 0.572072072072072
8 0.125 0.671171171171171
8 0.5 0.707207207207207
8 2 0.743243243243243
8 8 0.734234234234234
32 3.0517578125E-05 0.454954954954955
32 0.0001220703125 0.454954954954955
32 0.00048828125 0.454954954954955
32 0.001953125 0.463963963963964
32 0.0078125 0.572072072072072
32 0.03125 0.657657657657658
32 0.125 0.725225225225225
32 0.5 0.788288288288288
32 2 0.774774774774775
32 8 0.810810810810811
128 3.0517578125E-05 0.454954954954955
128 0.0001220703125 0.454954954954955
128 0.00048828125 0.441441441441441
128 0.001953125 0.54954954954955
128 0.0078125 0.675675675675676
128 0.03125 0.725225225225225
128 0.125 0.779279279279279
128 0.5 0.788288288288288
128 2 0.810810810810811
128 8 0.837837837837838
512 3.0517578125E-05 0.454954954954955
512 0.0001220703125 0.5
512 0.00048828125 0.585585585585586
512 0.001953125 0.684684684684685
512 0.0078125 0.761261261261261
512 0.03125 0.774774774774775
512 0.125 0.792792792792793
512 0.5 0.810810810810811
512 2 0.824324324324324
512 8 0.846846846846847
2048 3.0517578125E-05 0.490990990990991
2048 0.0001220703125 0.567567567567568
2048 0.00048828125 0.693693693693694
2048 0.001953125 0.752252252252252
2048 0.0078125 0.801801801801802
2048 0.03125 0.779279279279279
2048 0.125 0.824324324324324
2048 0.5 0.824324324324324
2048 2 0.828828828828829
2048 8 0.837837837837838
8192 3.0517578125E-05 0.581081081081081
8192 0.0001220703125 0.716216216216216
8192 0.00048828125 0.756756756756757
8192 0.001953125 0.783783783783784
8192 0.0078125 0.797297297297297
8192 0.03125 0.824324324324324
8192 0.125 0.81981981981982
8192 0.5 0.855855855855856
8192 2 0.842342342342342
8192 8 0.873873873873874
32768 3.0517578125E-05 0.725225225225225
32768 0.0001220703125 0.783783783783784
32768 0.00048828125 0.783783783783784
32768 0.001953125 0.81981981981982
32768 0.0078125 0.81981981981982
32768 0.03125 0.810810810810811
32768 0.125 0.824324324324324
32768 0.5 0.824324324324324
32768 2 0.86036036036036
32768 8 0.891891891891892
13777.2468675169 3.36358566101486 0.842342342342342
13777.2468675169 4 0.864864864864865
13777.2468675169 4.75682846001088 0.851351351351351
13777.2468675169 5.65685424949238 0.833333333333333
13777.2468675169 6.72717132202972 0.86036036036036
13777.2468675169 8 0.851351351351351
13777.2468675169 9.51365692002177 0.873873873873874
13777.2468675169 11.3137084989848 0.851351351351351
13777.2468675169 13.4543426440594 0.842342342342342
13777.2468675169 16 0.815315315315315
13777.2468675169 19.0273138400435 0.792792792792793
16384 3.36358566101486 0.864864864864865
16384 4 0.846846846846847
16384 4.75682846001088 0.833333333333333
16384 5.65685424949238 0.837837837837838
16384 6.72717132202972 0.86036036036036
16384 8 0.86036036036036
16384 9.51365692002177 0.882882882882883
16384 11.3137084989848 0.851351351351351
16384 13.4543426440594 0.842342342342342
16384 16 0.815315315315315
16384 19.0273138400435 0.806306306306306
19483.9693722046 3.36358566101486 0.837837837837838
19483.9693722046 4 0.855855855855856
19483.9693722046 4.75682846001088 0.855855855855856
19483.9693722046 5.65685424949238 0.869369369369369
19483.9693722046 6.72717132202972 0.851351351351351
19483.9693722046 8 0.873873873873874
19483.9693722046 9.51365692002177 0.878378378378378
19483.9693722046 11.3137084989848 0.864864864864865
19483.9693722046 13.4543426440594 0.81981981981982
19483.9693722046 16 0.815315315315315
19483.9693722046 19.0273138400435 0.824324324324324
23170.4750059208 3.36358566101486 0.833333333333333
23170.4750059208 4 0.873873873873874
23170.4750059208 4.75682846001088 0.828828828828829
23170.4750059208 5.65685424949238 0.864864864864865
23170.4750059208 6.72717132202972 0.86036036036036
23170.4750059208 8 0.846846846846847
23170.4750059208 9.51365692002177 0.846846846846847
23170.4750059208 11.3137084989848 0.851351351351351
23170.4750059208 13.4543426440594 0.851351351351351
23170.4750059208 16 0.837837837837838
23170.4750059208 19.0273138400435 0.797297297297297
27554.4937350337 3.36358566101486 0.846846846846847
27554.4937350337 4 0.846846846846847
27554.4937350337 4.75682846001088 0.846846846846847
27554.4937350337 5.65685424949238 0.837837837837838
27554.4937350337 6.72717132202972 0.869369369369369
27554.4937350337 8 0.878378378378378
27554.4937350337 9.51365692002177 0.846846846846847
27554.4937350337 11.3137084989848 0.842342342342342
27554.4937350337 13.4543426440594 0.806306306306306
27554.4937350337 16 0.81981981981982
27554.4937350337 19.0273138400435 0.779279279279279
38967.9387444092 3.36358566101486 0.86036036036036
38967.9387444092 4 0.86036036036036
38967.9387444092 4.75682846001088 0.86036036036036
38967.9387444092 5.65685424949238 0.882882882882883
38967.9387444092 6.72717132202972 0.846846846846847
38967.9387444092 8 0.833333333333333
38967.9387444092 9.51365692002177 0.824324324324324
38967.9387444092 11.3137084989848 0.824324324324324
38967.9387444092 13.4543426440594 0.756756756756757
38967.9387444092 16 0.833333333333333
38967.9387444092 19.0273138400435 0.81981981981982
46340.9500118416 3.36358566101486 0.869369369369369
46340.9500118416 4 0.842342342342342
46340.9500118416 4.75682846001088 0.833333333333333
46340.9500118416 5.65685424949238 0.873873873873874
46340.9500118416 6.72717132202972 0.846846846846847
46340.9500118416 8 0.86036036036036
46340.9500118416 9.51365692002177 0.851351351351351
46340.9500118416 11.3137084989848 0.833333333333333
46340.9500118416 13.4543426440594 0.824324324324324
46340.9500118416 16 0.828828828828829
46340.9500118416 19.0273138400435 0.833333333333333
55108.9874700674 3.36358566101486 0.86036036036036
55108.9874700674 4 0.824324324324324
55108.9874700674 4.75682846001088 0.86036036036036
55108.9874700674 5.65685424949238 0.855855855855856
55108.9874700674 6.72717132202972 0.86036036036036
55108.9874700674 8 0.864864864864865
55108.9874700674 9.51365692002177 0.828828828828829
55108.9874700674 11.3137084989848 0.824324324324324
55108.9874700674 13.4543426440594 0.851351351351351
55108.9874700674 16 0.815315315315315
55108.9874700674 19.0273138400435 0.783783783783784
65536 3.36358566101486 0.828828828828829
65536 4 0.837837837837838
65536 4.75682846001088 0.851351351351351
65536 5.65685424949238 0.846846846846847
65536 6.72717132202972 0.869369369369369
65536 8 0.837837837837838
65536 9.51365692002177 0.846846846846847
65536 11.3137084989848 0.855855855855856
65536 13.4543426440594 0.837837837837838
65536 16 0.806306306306306
65536 19.0273138400435 0.810810810810811
77935.8774888183 3.36358566101486 0.855855855855856
77935.8774888183 4 0.842342342342342
77935.8774888183 4.75682846001088 0.86036036036036
77935.8774888183 5.65685424949238 0.864864864864865
77935.8774888183 6.72717132202972 0.86036036036036
77935.8774888183 8 0.846846846846847
77935.8774888183 9.51365692002177 0.851351351351351
77935.8774888183 11.3137084989848 0.810810810810811
77935.8774888183 13.4543426440594 0.81981981981982
77935.8774888183 16 0.851351351351351
77935.8774888183 19.0273138400435 0.815315315315315
